0 0.6823958328125 0.6191666671875 0.6823958328125 0.42240740781249997 0.5911979171875 0.42240740781249997 0.5911979171875 0.6191666671875 0.6823958328125 0.6191666671875
0 0.49765625 0.40574074062500004 0.49765625 0.617777778125 0.5865104171875 0.617777778125 0.5865104171875 0.40574074062500004 0.49765625 0.40574074062500004
0 0.14119791718750002 0.147222221875 0.14119791718750002 0.6777777781250001 0.265625 0.6777777781250001 0.265625 0.147222221875 0.14119791718750002 0.147222221875
1 0.1795833328125 0.7925 0.1795833328125 0.6511111109375001 0.0027604171875 0.6511111109375001 0.0027604171875 0.7925 0.1795833328125 0.7925
1 0.83140625 0.688796296875 0.83140625 0.6289814812500001 0.8061458328125 0.6289814812500001 0.8061458328125 0.688796296875 0.83140625 0.688796296875
1 0.7690104171875001 0.5843518515625 0.7690104171875001 0.5699074078125 0.7509895828125 0.5699074078125 0.7509895828125 0.5843518515625 0.7690104171875001 0.5843518515625
1 0.7690104171875001 0.57305555625 0.7690104171875001 0.5843518515625 0.8091666671875 0.5843518515625 0.8091666671875 0.57305555625 0.7690104171875001 0.57305555625
1 0.26307291718750003 0.5225 0.26307291718750003 0.5475925921875 0.2911979171875 0.5475925921875 0.2911979171875 0.5225 0.26307291718750003 0.5225
1 0.42739583281250004 0.6056481484375 0.42739583281250004 0.5699074078125 0.33125 0.5699074078125 0.33125 0.6056481484375 0.42739583281250004 0.6056481484375
1 0.4884895828125 0.602222221875 0.4884895828125 0.5791666671875 0.43390625 0.5791666671875 0.43390625 0.602222221875 0.4884895828125 0.602222221875
1 0.2623958328125 0.3574074078125 0.2623958328125 0.40703703750000003 0.2961979171875 0.40703703750000003 0.2961979171875 0.3574074078125 0.2623958328125 0.3574074078125
1 0.3169791671875 0.42435185156250005 0.3169791671875 0.38166666718750003 0.2968229171875 0.38166666718750003 0.2968229171875 0.42435185156250005 0.3169791671875 0.42435185156250005
1 0.33255208281250004 0.431296296875 0.33255208281250004 0.401296296875 0.3091666671875 0.401296296875 0.3091666671875 0.431296296875 0.33255208281250004 0.431296296875
1 0.8203645828124999 0.314259259375 0.8203645828124999 0.2740740734375 0.7416666671875001 0.2740740734375 0.7416666671875001 0.314259259375 0.8203645828124999 0.314259259375
1 0.7595833328125 0.0884259265625 0.7595833328125 0.12166666718750001 0.8086979171875001 0.12166666718750001 0.8086979171875001 0.0884259265625 0.7595833328125 0.0884259265625
1 0.7853125000000001 0.175740740625 0.7853125000000001 0.1411111109375 0.7315104171875 0.1411111109375 0.7315104171875 0.175740740625 0.7853125000000001 0.175740740625
1 0.7447916671875 0.2103703703125 0.7447916671875 0.19092592656250001 0.708125 0.19092592656250001 0.708125 0.2103703703125 0.7447916671875 0.2103703703125
1 0.7486458328125 0.34203703750000003 0.7486458328125 0.3184259265625 0.7065625 0.3184259265625 0.7065625 0.34203703750000003 0.7486458328125 0.34203703750000003
1 0.8071354171875 0.4126851859375 0.8071354171875 0.39601851875 0.7689583328125 0.39601851875 0.7689583328125 0.4126851859375 0.8071354171875 0.4126851859375