0 0.85703125 0.7203703703125 0.85703125 0.3406481484375 0.5803125 0.3406481484375 0.5803125 0.7203703703125 0.85703125 0.7203703703125
0 0.496875 0.3738888890625 0.496875 0.6275000000000001 0.5911979171875 0.6275000000000001 0.5911979171875 0.3738888890625 0.496875 0.3738888890625
0 0.526875 0.5727777781250001 0.526875 0.3829629625 0.45619791718749997 0.3829629625 0.45619791718749997 0.5727777781250001 0.526875 0.5727777781250001
1 0.41713541718749997 0.5621296296875 0.41713541718749997 0.54601851875 0.3742708328125 0.54601851875 0.3742708328125 0.5621296296875 0.41713541718749997 0.5621296296875
1 0.375 0.5621296296875 0.375 0.54805555625 0.3675 0.54805555625 0.3675 0.5621296296875 0.375 0.5621296296875
1 0.3663541671875 0.564722221875 0.3663541671875 0.5526851859375 0.3272916671875 0.5526851859375 0.3272916671875 0.564722221875 0.3663541671875 0.564722221875
1 0.29796875 0.5700925921875 0.29796875 0.5487037031249999 0.25359375 0.5487037031249999 0.25359375 0.5700925921875 0.29796875 0.5700925921875
1 0.2108333328125 0.5543518515625 0.2108333328125 0.5683333328125 0.25656249999999997 0.5683333328125 0.25656249999999997 0.5543518515625 0.2108333328125 0.5543518515625
1 0.2108333328125 0.5700000000000001 0.2108333328125 0.5543518515625 0.1638020828125 0.5543518515625 0.1638020828125 0.5700000000000001 0.2108333328125 0.5700000000000001
1 0.1409375 0.5526851859375 0.1409375 0.5700000000000001 0.1638020828125 0.5700000000000001 0.1638020828125 0.5526851859375 0.1409375 0.5526851859375
1 0.06578125 0.5666666671875 0.06578125 0.5543518515625 0.0388020828125 0.5543518515625 0.0388020828125 0.5666666671875 0.06578125 0.5666666671875