0 0.9958854171875 0.8264814812499999 0.9958854171875 0.2996296296875 0.6130729171875 0.2996296296875 0.6130729171875 0.8264814812499999 0.9958854171875 0.8264814812499999
0 0.5119791671875 0.3083333328125 0.5119791671875 0.61148148125 0.6147916671875 0.61148148125 0.6147916671875 0.3083333328125 0.5119791671875 0.3083333328125
0 0.5271354171875 0.566203703125 0.5271354171875 0.3843518515625 0.468125 0.3843518515625 0.468125 0.566203703125 0.5271354171875 0.566203703125
1 0.42786458281249995 0.56148148125 0.42786458281249995 0.5441666671875 0.3852604171875 0.5441666671875 0.3852604171875 0.56148148125 0.42786458281249995 0.56148148125
1 0.4347395828125 0.554722221875 0.4347395828125 0.5436111109375 0.42161458281249997 0.5436111109375 0.42161458281249997 0.554722221875 0.4347395828125 0.554722221875
1 0.45416666718750004 0.549722221875 0.45416666718750004 0.53805555625 0.4378645828125 0.53805555625 0.4378645828125 0.549722221875 0.45416666718750004 0.549722221875
1 0.38244791718750004 0.5670370375 0.38244791718750004 0.54805555625 0.3698958328125 0.54805555625 0.3698958328125 0.5670370375 0.38244791718750004 0.5670370375
1 0.37364583281249997 0.5670370375 0.37364583281249997 0.5541666671875001 0.33578125000000003 0.5541666671875001 0.33578125000000003 0.5670370375 0.37364583281249997 0.5670370375
1 0.15958333281249998 0.5743518515625 0.15958333281249998 0.55305555625 0.1265104171875 0.55305555625 0.1265104171875 0.5743518515625 0.15958333281249998 0.5743518515625
1 0.1582291671875 0.5534259265625 0.1582291671875 0.5743518515625 0.2063541671875 0.5743518515625 0.2063541671875 0.5534259265625 0.1582291671875 0.5534259265625
1 0.25546875 0.5706481484375 0.25546875 0.5586111109375 0.20489583281249998 0.5586111109375 0.20489583281249998 0.5706481484375 0.25546875 0.5706481484375
1 0.25453125 0.5522222218749999 0.25453125 0.5699074078125 0.2938020828125 0.5699074078125 0.2938020828125 0.5522222218749999 0.25453125 0.5522222218749999
1 0.0502083328125 0.57305555625 0.0502083328125 0.5538888890625 0.01859375 0.5538888890625 0.01859375 0.57305555625 0.0502083328125 0.57305555625