0 0.7496354171874999 0.34055555625 0.7496354171874999 0.6613888890624999 0.9893750000000001 0.6613888890624999 0.9893750000000001 0.34055555625 0.7496354171874999 0.34055555625
0 0.8145833328125001 0.57148148125 0.8145833328125001 0.428240740625 0.7619791671875 0.428240740625 0.7619791671875 0.57148148125 0.8145833328125001 0.57148148125
1 0.6710416671874999 0.5876851859375 0.6710416671874999 0.558796296875 0.61515625 0.558796296875 0.61515625 0.5876851859375 0.6710416671874999 0.5876851859375
1 0.6203645828125001 0.5900000000000001 0.6203645828125001 0.5668518515625001 0.5865625 0.5668518515625001 0.5865625 0.5900000000000001 0.6203645828125001 0.5900000000000001
1 0.5891666671875 0.5900000000000001 0.5891666671875 0.56805555625 0.5352604171875 0.56805555625 0.5352604171875 0.5900000000000001 0.5891666671875 0.5900000000000001
1 0.5404687499999999 0.5900000000000001 0.5404687499999999 0.5634259265625 0.48979166718749995 0.5634259265625 0.48979166718749995 0.5900000000000001 0.5404687499999999 0.5900000000000001
1 0.45145833281250003 0.5668518515625001 0.45145833281250003 0.5853703703125 0.4943229171875 0.5853703703125 0.4943229171875 0.5668518515625001 0.45145833281250003 0.5668518515625001
1 0.4488541671875 0.5911111109375 0.4488541671875 0.5668518515625001 0.40859375 0.5668518515625001 0.40859375 0.5911111109375 0.4488541671875 0.5911111109375
1 0.40729166718750004 0.5784259265625 0.40729166718750004 0.5541666671875001 0.36765625 0.5541666671875001 0.36765625 0.5784259265625 0.40729166718750004 0.5784259265625
1 0.3169791671875 0.558796296875 0.3169791671875 0.5784259265625 0.36703125000000003 0.5784259265625 0.36703125000000003 0.558796296875 0.3169791671875 0.558796296875
1 0.00234375 0.633703703125 0.00234375 0.6696296296875001 0.1101041671875 0.6696296296875001 0.1101041671875 0.633703703125 0.00234375 0.633703703125