0 0.34781249999999997 0.44148148125000003 0.34781249999999997 0.589259259375 0.39979166718750003 0.589259259375 0.39979166718750003 0.44148148125000003 0.34781249999999997 0.44148148125000003
0 0.49703125000000004 0.49083333281249997 0.49703125000000004 0.553703703125 0.5169791671875 0.553703703125 0.5169791671875 0.49083333281249997 0.49703125000000004 0.49083333281249997
0 0.4917708328125 0.565740740625 0.4917708328125 0.4828703703125 0.45531249999999995 0.4828703703125 0.45531249999999995 0.565740740625 0.4917708328125 0.565740740625
0 0.5154687499999999 0.4995370375 0.5154687499999999 0.5496296296875001 0.5305208328125001 0.5496296296875001 0.5305208328125001 0.4995370375 0.5154687499999999 0.4995370375
0 0.5470312500000001 0.5556481484375 0.5470312500000001 0.508240740625 0.5297395828125 0.508240740625 0.5297395828125 0.5556481484375 0.5470312500000001 0.5556481484375
0 0.5436458328125 0.5095370375 0.5436458328125 0.5416666671875 0.5564583328125 0.5416666671875 0.5564583328125 0.5095370375 0.5436458328125 0.5095370375
1 0.9690104171874999 0.41925925937499997 0.9690104171874999 0.39416666718750004 0.8941666671874999 0.39416666718750004 0.8941666671874999 0.41925925937499997 0.9690104171874999 0.41925925937499997
1 0.9671354171875001 0.423703703125 0.9671354171875001 0.4109259265625 0.8951041671875 0.4109259265625 0.8951041671875 0.423703703125 0.9671354171875001 0.423703703125
1 0.9671354171875001 0.4325925921875 0.9671354171875001 0.42092592656249994 0.91109375 0.42092592656249994 0.91109375 0.4325925921875 0.9671354171875001 0.4325925921875
1 0.9674479171874999 0.44157407343750005 0.9674479171874999 0.4325925921875 0.91109375 0.4325925921875 0.91109375 0.44157407343750005 0.9674479171874999 0.44157407343750005
1 0.9671354171875001 0.4565740734375 0.9671354171875001 0.44157407343750005 0.91078125 0.44157407343750005 0.91078125 0.4565740734375 0.9671354171875001 0.4565740734375
1 0.9712500000000001 0.46601851875 0.9712500000000001 0.45601851875 0.91078125 0.45601851875 0.91078125 0.46601851875 0.9712500000000001 0.46601851875
1 0.9712500000000001 0.47888888906249993 0.9712500000000001 0.46601851875 0.91328125 0.46601851875 0.91328125 0.47888888906249993 0.9712500000000001 0.47888888906249993
1 0.975 0.48722222187500003 0.975 0.4783333328125 0.91328125 0.4783333328125 0.91328125 0.48722222187500003 0.975 0.48722222187500003
1 0.975 0.49944444375 0.975 0.48722222187500003 0.9142187500000001 0.48722222187500003 0.9142187500000001 0.49944444375 0.975 0.49944444375
1 0.9740624999999999 0.51 0.9740624999999999 0.49944444375 0.9142187500000001 0.49944444375 0.9142187500000001 0.51 0.9740624999999999 0.51
1 0.9740624999999999 0.51898148125 0.9740624999999999 0.51 0.91640625 0.51 0.91640625 0.51898148125 0.9740624999999999 0.51898148125
1 0.9737500000000001 0.5356481484375 0.9737500000000001 0.51898148125 0.91703125 0.51898148125 0.91703125 0.5356481484375 0.9737500000000001 0.5356481484375
1 0.9737500000000001 0.5456481484375 0.9737500000000001 0.5356481484375 0.91859375 0.5356481484375 0.91859375 0.5456481484375 0.9737500000000001 0.5456481484375
1 0.9775 0.5579629625 0.9775 0.5456481484375 0.91859375 0.5456481484375 0.91859375 0.5579629625 0.9775 0.5579629625
1 0.9771875 0.5696296296875001 0.9771875 0.5579629625 0.91703125 0.5579629625 0.91703125 0.5696296296875001 0.9771875 0.5696296296875001
1 0.9737500000000001 0.5574074078125 0.9737500000000001 0.570740740625 0.9997395828125001 0.570740740625 0.9997395828125001 0.5574074078125 0.9737500000000001 0.5574074078125
1 0.97625 0.546203703125 0.97625 0.5574074078125 0.9997395828125001 0.5574074078125 0.9997395828125001 0.546203703125 0.97625 0.546203703125
1 0.97625 0.5350925921874999 0.97625 0.546203703125 0.9997395828125001 0.546203703125 0.9997395828125001 0.5350925921874999 0.97625 0.5350925921874999
1 0.9724999999999999 0.5206481484375 0.9724999999999999 0.5350925921874999 0.9997395828125001 0.5350925921874999 0.9997395828125001 0.5206481484375 0.9724999999999999 0.5206481484375
1 0.9724999999999999 0.51 0.9724999999999999 0.5206481484375 0.9997395828125001 0.5206481484375 0.9997395828125001 0.51 0.9724999999999999 0.51
1 0.9997395828125001 0.5083333328124999 0.9997395828125001 0.49888888906249995 0.9753125 0.49888888906249995 0.9753125 0.5083333328124999 0.9997395828125001 0.5083333328124999
1 0.9994270828125 0.49888888906249995 0.9994270828125 0.492222221875 0.9753125 0.492222221875 0.9753125 0.49888888906249995 0.9994270828125 0.49888888906249995
1 0.9746874999999999 0.47944444375 0.9746874999999999 0.4916666671875 0.9988020828125 0.4916666671875 0.9988020828125 0.47944444375 0.9746874999999999 0.47944444375
1 0.9746874999999999 0.4671296296875 0.9746874999999999 0.47944444375 0.9994270828125 0.47944444375 0.9994270828125 0.4671296296875 0.9746874999999999 0.4671296296875
1 0.9724999999999999 0.4549074078125 0.9724999999999999 0.4671296296875 0.9994270828125 0.4671296296875 0.9994270828125 0.4549074078125 0.9724999999999999 0.4549074078125
1 0.9721875000000001 0.44435185156249996 0.9721875000000001 0.45546296249999996 0.9994270828125 0.45546296249999996 0.9994270828125 0.44435185156249996 0.9721875000000001 0.44435185156249996
1 0.971875 0.4331481484375 0.971875 0.443796296875 0.9994270828125 0.443796296875 0.9994270828125 0.4331481484375 0.971875 0.4331481484375
1 0.971875 0.42148148125 0.971875 0.4331481484375 0.9981770828125001 0.4331481484375 0.9981770828125001 0.42148148125 0.971875 0.42148148125
1 0.9677604171875 0.40870370312500004 0.9677604171875 0.42148148125 0.9981770828125001 0.42148148125 0.9981770828125001 0.40870370312500004 0.9677604171875 0.40870370312500004
1 0.91109375 0.4404629625 0.91109375 0.4220370375 0.8380729171875 0.4220370375 0.8380729171875 0.4404629625 0.91109375 0.4404629625
1 0.90921875 0.4471296296875 0.90921875 0.434259259375 0.8371354171875 0.434259259375 0.8371354171875 0.4471296296875 0.90921875 0.4471296296875
1 0.90984375 0.46157407343749995 0.90984375 0.44157407343750005 0.8396354171875 0.44157407343750005 0.8396354171875 0.46157407343749995 0.90984375 0.46157407343749995
1 0.91078125 0.46824074062500004 0.91078125 0.4576851859375 0.8390104171875 0.4576851859375 0.8390104171875 0.46824074062500004 0.91078125 0.46824074062500004
1 0.91234375 0.48333333281249996 0.91234375 0.4654629625 0.8405729171875 0.4654629625 0.8405729171875 0.48333333281249996 0.91234375 0.48333333281249996
1 0.9120312500000001 0.49055555625 0.9120312500000001 0.477777778125 0.8393229171875 0.477777778125 0.8393229171875 0.49055555625 0.9120312500000001 0.49055555625
1 0.9135937500000001 0.5011111109375 0.9135937500000001 0.4883333328125 0.8408854171875 0.4883333328125 0.8408854171875 0.5011111109375 0.9135937500000001 0.5011111109375
1 0.9135937500000001 0.5116666671875 0.9135937500000001 0.497777778125 0.8408854171875 0.497777778125 0.8408854171875 0.5116666671875 0.9135937500000001 0.5116666671875
1 0.9135937500000001 0.5250925921875 0.9135937500000001 0.5116666671875 0.8434375 0.5116666671875 0.8434375 0.5250925921875 0.9135937500000001 0.5250925921875
1 0.91953125 0.531759259375 0.91953125 0.5245370375 0.8434375 0.5245370375 0.8434375 0.531759259375 0.91953125 0.531759259375
1 0.91953125 0.546203703125 0.91953125 0.531759259375 0.8453125 0.531759259375 0.8453125 0.546203703125 0.91953125 0.546203703125
1 0.91859375 0.556296296875 0.91859375 0.546203703125 0.8456250000000001 0.546203703125 0.8456250000000001 0.556296296875 0.91859375 0.556296296875
1 0.91859375 0.5674074078125 0.91859375 0.556296296875 0.8446875 0.556296296875 0.8446875 0.5674074078125 0.91859375 0.5674074078125
1 0.8299479171874999 0.54898148125 0.8299479171874999 0.5574074078125 0.8484375 0.5574074078125 0.8484375 0.54898148125 0.8299479171874999 0.54898148125
1 0.8299479171874999 0.541759259375 0.8299479171874999 0.54898148125 0.8471875000000001 0.54898148125 0.8471875000000001 0.541759259375 0.8299479171874999 0.541759259375
1 0.8296354171875 0.5328703703125 0.8296354171875 0.541759259375 0.8471875000000001 0.541759259375 0.8471875000000001 0.5328703703125 0.8296354171875 0.5328703703125
1 0.8296354171875 0.526203703125 0.8296354171875 0.5328703703125 0.8456250000000001 0.5328703703125 0.8456250000000001 0.526203703125 0.8296354171875 0.526203703125
1 0.8321354171875001 0.51898148125 0.8321354171875001 0.526203703125 0.8456250000000001 0.526203703125 0.8456250000000001 0.51898148125 0.8321354171875001 0.51898148125
1 0.8327604171875 0.512222221875 0.8327604171875 0.51898148125 0.8465624999999999 0.51898148125 0.8465624999999999 0.512222221875 0.8327604171875 0.512222221875
1 0.8324479171875 0.5061111109375 0.8324479171875 0.512222221875 0.8465624999999999 0.512222221875 0.8465624999999999 0.5061111109375 0.8324479171875 0.5061111109375
1 0.8324479171875 0.497777778125 0.8324479171875 0.5061111109375 0.8427604171875 0.5061111109375 0.8427604171875 0.497777778125 0.8324479171875 0.497777778125
1 0.8268229171874999 0.5173148140625 0.8268229171874999 0.5111111109375 0.7926562500000001 0.5111111109375 0.7926562500000001 0.5173148140625 0.8268229171874999 0.5173148140625
1 0.8296354171875 0.5245370375 0.8296354171875 0.5173148140625 0.7926562500000001 0.5173148140625 0.7926562500000001 0.5245370375 0.8296354171875 0.5245370375
1 0.8296354171875 0.5334259265625 0.8296354171875 0.5245370375 0.79203125 0.5245370375 0.79203125 0.5334259265625 0.8296354171875 0.5334259265625
1 0.8308854171875 0.541203703125 0.8308854171875 0.5334259265625 0.79203125 0.5334259265625 0.79203125 0.541203703125 0.8308854171875 0.541203703125
1 0.8308854171875 0.5478703703125001 0.8308854171875 0.541203703125 0.79515625 0.541203703125 0.79515625 0.5478703703125001 0.8308854171875 0.5478703703125001
1 0.75453125 0.492222221875 0.7572155453125 0.492222221875 0.7916306093750001 0.5087820515625 0.79515625 0.5478703703125001 0.79515625 0.5546296296875 0.8308854171875 0.5546296296875 0.8308854171875 0.5478703703125001 0.797904646875 0.5478703703125001 0.791189903125 0.5038960109375 0.79030849375 0.49412393125 0.7894270828125001 0.492222221875 0.7898677890625 0.4892378921875 0.7894270828125001 0.4843518515625 0.7867427890625 0.492222221875 0.7598998390625 0.492222221875 0.75453125 0.4843518515625 0.75453125 0.492222221875
1 0.7889583328125 0.49888888906249995 0.7889583328125 0.49351851875 0.7552604171875 0.49351851875 0.7552604171875 0.49888888906249995 0.7889583328125 0.49888888906249995
1 0.7903125 0.5063888890625 0.7903125 0.49916666718749997 0.7592187499999999 0.49916666718749997 0.7592187499999999 0.5063888890625 0.7903125 0.5063888890625
1 0.79125 0.5128703703124999 0.79125 0.5063888890625 0.7590625 0.5063888890625 0.7590625 0.5128703703124999 0.79125 0.5128703703124999
1 0.79125 0.5209259265624999 0.79125 0.5128703703124999 0.7599479171875 0.5128703703124999 0.7599479171875 0.5209259265624999 0.79125 0.5209259265624999
1 0.7919791671875 0.5268518515625 0.7919791671875 0.5209259265624999 0.7599479171875 0.5209259265624999 0.7599479171875 0.5268518515625 0.7919791671875 0.5268518515625
1 0.7919791671875 0.5340740734375 0.7919791671875 0.5268518515625 0.7573958328125 0.5268518515625 0.7573958328125 0.5340740734375 0.7919791671875 0.5340740734375
1 0.7927604171875 0.5408333328125 0.7927604171875 0.5340740734375 0.7581770828125001 0.5340740734375 0.7581770828125001 0.5408333328125 0.7927604171875 0.5408333328125
1 0.7927604171875 0.5477777781250001 0.7927604171875 0.5408333328125 0.7601041671875 0.5408333328125 0.7601041671875 0.5477777781250001 0.7927604171875 0.5477777781250001
1 0.795625 0.554722221875 0.795625 0.5477777781250001 0.7599479171875 0.5477777781250001 0.7599479171875 0.554722221875 0.795625 0.554722221875
1 0.71875 0.5496296296875001 0.71875 0.5561111109375 0.7611979171875001 0.5561111109375 0.7611979171875001 0.5496296296875001 0.71875 0.5496296296875001
1 0.71875 0.5429629625 0.71875 0.5499074078125 0.75890625 0.5499074078125 0.75890625 0.5429629625 0.71875 0.5429629625
1 0.7188541671875 0.536203703125 0.7188541671875 0.5429629625 0.7590625 0.5429629625 0.7590625 0.536203703125 0.7188541671875 0.536203703125
1 0.7188541671875 0.5287037031249999 0.7188541671875 0.536203703125 0.7608854171874999 0.536203703125 0.7608854171874999 0.5287037031249999 0.7188541671875 0.5287037031249999
1 0.7213020828125 0.5233333328125 0.7213020828125 0.5287037031249999 0.7608854171874999 0.5287037031249999 0.7608854171874999 0.5233333328125 0.7213020828125 0.5233333328125
1 0.7213020828125 0.5161111109375 0.7213020828125 0.5233333328125 0.75875 0.5233333328125 0.75875 0.5161111109375 0.7213020828125 0.5161111109375
1 0.71828125 0.5090740734375 0.71828125 0.5161111109375 0.75875 0.5161111109375 0.75875 0.5090740734375 0.71828125 0.5090740734375
1 0.7152604171875 0.5021296296875 0.7152604171875 0.5093518515625 0.7527083328125 0.5093518515625 0.7527083328125 0.5021296296875 0.7152604171875 0.5021296296875
1 0.71875 0.49620370312500006 0.71875 0.5021296296875 0.7527083328125 0.5021296296875 0.7527083328125 0.49620370312500006 0.71875 0.49620370312500006
1 0.7178125 0.489259259375 0.7178125 0.49648148125 0.7516666671875 0.49648148125 0.7516666671875 0.489259259375 0.7178125 0.489259259375
0 0.685625 0.43824074062499996 0.685625 0.5491666671875 0.71203125 0.5491666671875 0.71203125 0.43824074062499996 0.685625 0.43824074062499996
0 0.708125 0.53851851875 0.708125 0.45398148125000004 0.6647395828125 0.45398148125000004 0.6647395828125 0.53851851875 0.708125 0.53851851875
0 0.696875 0.5366666671875 0.696875 0.4600925921875 0.65015625 0.4600925921875 0.65015625 0.5366666671875 0.696875 0.5366666671875