0 0.0059375 0.014629629687500001 0.0059375 0.7641666671875 0.2173958328125 0.7641666671875 0.2173958328125 0.014629629687500001 0.0059375 0.014629629687500001
0 0.3854166671875 0.4199074078125 0.3854166671875 0.597777778125 0.4581770828125 0.597777778125 0.4581770828125 0.4199074078125 0.3854166671875 0.4199074078125
0 0.46453125 0.4825925921875 0.46453125 0.564722221875 0.5014062499999999 0.564722221875 0.5014062499999999 0.4825925921875 0.46453125 0.4825925921875
0 0.5066666671875 0.55805555625 0.5066666671875 0.5006481484374999 0.495 0.5006481484374999 0.495 0.55805555625 0.5066666671875 0.55805555625
0 0.49953125 0.501296296875 0.49953125 0.5540740734375 0.5175520828125 0.5540740734375 0.5175520828125 0.501296296875 0.49953125 0.501296296875
0 0.53859375 0.5487037031249999 0.53859375 0.5073148140625 0.5183333328125 0.5073148140625 0.5183333328125 0.5487037031249999 0.53859375 0.5487037031249999
0 0.6227604171875 0.5039814812500001 0.6227604171875 0.546203703125 0.63578125 0.546203703125 0.63578125 0.5039814812500001 0.6227604171875 0.5039814812500001
0 0.65796875 0.554259259375 0.65796875 0.508240740625 0.6453645828125001 0.508240740625 0.6453645828125001 0.554259259375 0.65796875 0.554259259375
0 0.6545833328125 0.4986111109375 0.6545833328125 0.555277778125 0.6895833328125 0.555277778125 0.6895833328125 0.4986111109375 0.6545833328125 0.4986111109375
1 0.9101041671875001 0.46685185156250003 0.9101041671875001 0.451203703125 0.8358854171875001 0.451203703125 0.8358854171875001 0.46685185156250003 0.9101041671875001 0.46685185156250003
1 0.9116666671875 0.47796296250000003 0.9116666671875 0.46685185156250003 0.8365104171875 0.46685185156250003 0.8365104171875 0.47796296250000003 0.9116666671875 0.47796296250000003
1 0.9116666671875 0.49351851875 0.9116666671875 0.47796296250000003 0.8340104171875 0.47796296250000003 0.8340104171875 0.49351851875 0.9116666671875 0.49351851875
1 0.9129166671875 0.500740740625 0.9129166671875 0.491296296875 0.8330729171875 0.491296296875 0.8330729171875 0.500740740625 0.9129166671875 0.500740740625
1 0.9132291671875 0.5136111109375 0.9132291671875 0.500740740625 0.8415104171875001 0.500740740625 0.8415104171875001 0.5136111109375 0.9132291671875 0.5136111109375
1 0.91765625 0.5241666671874999 0.91765625 0.5136111109375 0.8411979171875 0.5136111109375 0.8411979171875 0.5241666671874999 0.91765625 0.5241666671874999
1 0.91765625 0.5391666671875 0.91765625 0.5241666671874999 0.8440104171874999 0.5241666671874999 0.8440104171874999 0.5391666671875 0.91765625 0.5391666671875
1 0.91765625 0.5475925921875 0.91765625 0.5375 0.8427604171875 0.5375 0.8427604171875 0.5475925921875 0.91765625 0.5475925921875
1 0.91765625 0.5609259265625 0.91765625 0.5475925921875 0.8415104171875001 0.5475925921875 0.8415104171875001 0.5609259265625 0.91765625 0.5609259265625
1 0.91703125 0.578240740625 0.91703125 0.5609259265625 0.8427604171875 0.5609259265625 0.8427604171875 0.578240740625 0.91703125 0.578240740625
1 0.91671875 0.5609259265625 0.91671875 0.5748148140625 0.9761979171874999 0.5748148140625 0.9761979171874999 0.5609259265625 0.91671875 0.5609259265625
1 0.91671875 0.5487037031249999 0.91671875 0.5609259265625 0.9758854171875001 0.5609259265625 0.9758854171875001 0.5487037031249999 0.91671875 0.5487037031249999
1 0.91671875 0.5363888890624999 0.91671875 0.5487037031249999 0.9721354171875 0.5487037031249999 0.9721354171875 0.5363888890624999 0.91671875 0.5363888890624999
1 0.9157291671875001 0.5247222218750001 0.9157291671875001 0.5363888890624999 0.9721354171875 0.5363888890624999 0.9721354171875 0.5247222218750001 0.9157291671875001 0.5247222218750001
1 0.9157291671875001 0.51305555625 0.9157291671875001 0.5247222218750001 0.9736979171875 0.5247222218750001 0.9736979171875 0.51305555625 0.9157291671875001 0.51305555625
1 0.9126041671875 0.501296296875 0.9126041671875 0.51305555625 0.9736979171875 0.51305555625 0.9736979171875 0.501296296875 0.9126041671875 0.501296296875
1 0.9126041671875 0.49018518593750005 0.9126041671875 0.501296296875 0.9740104171875 0.501296296875 0.9740104171875 0.49018518593750005 0.9126041671875 0.49018518593750005
1 0.9116666671875 0.47796296250000003 0.9116666671875 0.49018518593750005 0.9740104171875 0.49018518593750005 0.9740104171875 0.47796296250000003 0.9116666671875 0.47796296250000003
1 0.9116666671875 0.46685185156250003 0.9116666671875 0.47796296250000003 0.9730729171875 0.47796296250000003 0.9730729171875 0.46685185156250003 0.9116666671875 0.46685185156250003
1 0.9088541671874999 0.451759259375 0.9088541671874999 0.46685185156250003 0.9730729171875 0.46685185156250003 0.9730729171875 0.451759259375 0.9088541671874999 0.451759259375
1 0.9981249999999999 0.4718518515625 0.9981249999999999 0.45898148125000005 0.9715104171875 0.45898148125000005 0.9715104171875 0.4718518515625 0.9981249999999999 0.4718518515625
1 0.999375 0.4829629625 0.999375 0.471296296875 0.9749479171875001 0.471296296875 0.9749479171875001 0.4829629625 0.999375 0.4829629625
1 0.99875 0.4946296296875 0.99875 0.4829629625 0.9749479171875001 0.4829629625 0.9749479171875001 0.4946296296875 0.99875 0.4946296296875
1 0.99875 0.5141666671875 0.99875 0.4940740734375 0.9743229171875001 0.4940740734375 0.9743229171875001 0.5141666671875 0.99875 0.5141666671875
1 0.9984375 0.5263888890625 0.9984375 0.51194444375 0.9740104171875 0.51194444375 0.9740104171875 0.5263888890625 0.9984375 0.5263888890625
1 0.99875 0.535277778125 0.99875 0.5263888890625 0.9730729171875 0.5263888890625 0.9730729171875 0.535277778125 0.99875 0.535277778125
1 0.9984375 0.5475925921875 0.9984375 0.535277778125 0.9730729171875 0.535277778125 0.9730729171875 0.5475925921875 0.9984375 0.5475925921875
1 0.9984375 0.5587037031250001 0.9984375 0.5475925921875 0.9755729171875 0.5475925921875 0.9755729171875 0.5587037031250001 0.9984375 0.5587037031250001
1 0.99875 0.57148148125 0.99875 0.5587037031250001 0.9755729171875 0.5587037031250001 0.9755729171875 0.57148148125 0.99875 0.57148148125
0 0.711875 0.4254629625 0.711875 0.5713888890625001 0.78 0.5713888890625001 0.78 0.4254629625 0.711875 0.4254629625
0 0.7565625 0.55694444375 0.7565625 0.41824074062500005 0.70421875 0.41824074062500005 0.70421875 0.55694444375 0.7565625 0.55694444375
0 0.7321875 0.5545370375 0.7321875 0.43027777812499995 0.6915625000000001 0.43027777812499995 0.6915625000000001 0.5545370375 0.7321875 0.5545370375