0 0.571875 0.5058333328125 0.571875 0.5506481484375 0.58765625 0.5506481484375 0.58765625 0.5058333328125 0.571875 0.5058333328125
0 0.39453125 0.4654629625 0.39453125 0.5716666671875 0.43776041718750003 0.5716666671875 0.43776041718750003 0.4654629625 0.39453125 0.4654629625
0 0.28015625 0.38212962968749997 0.28015625 0.6121296296875001 0.3808333328125 0.6121296296875001 0.3808333328125 0.38212962968749997 0.28015625 0.38212962968749997
0 0.4318229171875 0.493703703125 0.4318229171875 0.56148148125 0.45218749999999996 0.56148148125 0.45218749999999996 0.493703703125 0.4318229171875 0.493703703125
0 0.46968750000000004 0.5600925921875 0.46968750000000004 0.5126851859375 0.44802083281250005 0.5126851859375 0.44802083281250005 0.5600925921875 0.46968750000000004 0.5600925921875
0 0.4573958328125 0.5103703703125 0.4573958328125 0.551759259375 0.47776041718749995 0.551759259375 0.47776041718749995 0.5103703703125 0.4573958328125 0.5103703703125
1 0.9484375 0.45555555625000005 0.9484375 0.438703703125 0.8559895828125 0.438703703125 0.8559895828125 0.45555555625000005 0.9484375 0.45555555625000005
1 0.9533854171874999 0.4675925921875 0.9533854171874999 0.454722221875 0.8550520828125 0.454722221875 0.8550520828125 0.4675925921875 0.9533854171874999 0.4675925921875
1 0.9533854171874999 0.48037037031249996 0.9533854171874999 0.4675925921875 0.8541666671874999 0.4675925921875 0.8541666671874999 0.48037037031249996 0.9533854171874999 0.48037037031249996
1 0.95609375 0.49648148125 0.95609375 0.48037037031249996 0.8550520828125 0.48037037031249996 0.8550520828125 0.49648148125 0.95609375 0.49648148125
1 0.95609375 0.5125 0.95609375 0.49648148125 0.8622916671875 0.49648148125 0.8622916671875 0.5125 0.95609375 0.5125
1 0.9552083328125001 0.525277778125 0.9552083328125001 0.5125 0.8622916671875 0.5125 0.8622916671875 0.525277778125 0.9552083328125001 0.525277778125
1 0.9552083328125001 0.5413888890624999 0.9552083328125001 0.525277778125 0.8622916671875 0.525277778125 0.8622916671875 0.5413888890624999 0.9552083328125001 0.5413888890624999
1 0.9547395828124999 0.5574074078125 0.9547395828124999 0.5413888890624999 0.8622916671875 0.5413888890624999 0.8622916671875 0.5574074078125 0.9547395828124999 0.5574074078125
1 0.9552083328125001 0.5694444437499999 0.9552083328125001 0.5565740734375 0.8627604171875 0.5565740734375 0.8627604171875 0.5694444437499999 0.9552083328125001 0.5694444437499999
1 0.9556770828125 0.5846296296875 0.9556770828125 0.567777778125 0.8631770828124999 0.567777778125 0.8631770828124999 0.5846296296875 0.9556770828125 0.5846296296875
1 0.9556770828125 0.5686111109375 0.9556770828125 0.5846296296875 0.9985416671875 0.5846296296875 0.9985416671875 0.5686111109375 0.9556770828125 0.5686111109375
1 0.9552083328125001 0.5549999999999999 0.9552083328125001 0.5694444437499999 0.9985416671875 0.5694444437499999 0.9985416671875 0.5549999999999999 0.9552083328125001 0.5549999999999999
1 0.9552083328125001 0.5413888890624999 0.9552083328125001 0.5549999999999999 0.9998958328124999 0.5549999999999999 0.9998958328124999 0.5413888890624999 0.9552083328125001 0.5413888890624999
1 0.9543229171875 0.5245370375 0.9543229171875 0.5413888890624999 0.9998958328124999 0.5413888890624999 0.9998958328124999 0.5245370375 0.9543229171875 0.5245370375
1 0.9543229171875 0.5109259265625 0.9543229171875 0.525277778125 0.9985416671875 0.525277778125 0.9985416671875 0.5109259265625 0.9543229171875 0.5109259265625
1 0.95703125 0.49648148125 0.95703125 0.5109259265625 0.9985416671875 0.5109259265625 0.9985416671875 0.49648148125 0.95703125 0.49648148125
1 0.95703125 0.48037037031249996 0.95703125 0.49648148125 0.9985416671875 0.49648148125 0.9985416671875 0.48037037031249996 0.95703125 0.48037037031249996
1 0.9538541671875 0.47000000000000003 0.9538541671875 0.48037037031249996 0.9985416671875 0.48037037031249996 0.9985416671875 0.47000000000000003 0.9538541671875 0.47000000000000003
1 0.9538541671875 0.4515740734375 0.9538541671875 0.47000000000000003 0.9989583328125 0.47000000000000003 0.9989583328125 0.4515740734375 0.9538541671875 0.4515740734375
1 0.9985416671875 0.4499074078125 0.9985416671875 0.436296296875 0.9461979171875001 0.436296296875 0.9461979171875001 0.4499074078125 0.9985416671875 0.4499074078125
0 0.6171354171875 0.5548148140625 0.6171354171875 0.505277778125 0.5886458328125 0.505277778125 0.5886458328125 0.5548148140625 0.6171354171875 0.5548148140625
0 0.6033333328125 0.49351851875 0.6033333328125 0.564259259375 0.6563020828125 0.564259259375 0.6563020828125 0.49351851875 0.6033333328125 0.49351851875
0 0.69734375 0.4171296296875 0.69734375 0.5767592593749999 0.7785416671875 0.5767592593749999 0.7785416671875 0.4171296296875 0.69734375 0.4171296296875
0 0.7262500000000001 0.5727777781250001 0.7262500000000001 0.42120370312500005 0.6725520828125 0.42120370312500005 0.6725520828125 0.5727777781250001 0.7262500000000001 0.5727777781250001
0 0.7005208328125 0.56148148125 0.7005208328125 0.4251851859375 0.6549479171875 0.4251851859375 0.6549479171875 0.56148148125 0.7005208328125 0.56148148125