0 0.5772395828125 0.5538888890625 0.5772395828125 0.4808333328125 0.5393229171875 0.4808333328125 0.5393229171875 0.5538888890625 0.5772395828125 0.5538888890625
0 0.52625 0.5065740734374999 0.52625 0.55305555625 0.5483854171875 0.55305555625 0.5483854171875 0.5065740734374999 0.52625 0.5065740734374999
0 0.51453125 0.5386111109375 0.51453125 0.5009259265625 0.4928645828125 0.5009259265625 0.4928645828125 0.5386111109375 0.51453125 0.5386111109375
0 0.2788541671875 0.45240740781250005 0.2788541671875 0.5823148140625001 0.35140625000000003 0.5823148140625001 0.35140625000000003 0.45240740781250005 0.2788541671875 0.45240740781250005
0 0.3622395828125 0.5668518515625001 0.3622395828125 0.4956481484375 0.3335416671875 0.4956481484375 0.3335416671875 0.5668518515625001 0.3622395828125 0.5668518515625001
0 0.35953124999999997 0.49472222187500003 0.35953124999999997 0.558240740625 0.37953125 0.558240740625 0.37953125 0.49472222187500003 0.35953124999999997 0.49472222187500003
0 0.4022916671875 0.56398148125 0.4022916671875 0.505277778125 0.3768229171875 0.505277778125 0.3768229171875 0.56398148125 0.4022916671875 0.56398148125
0 0.0232291671875 0.2945370375 0.0232291671875 0.7136111109375001 0.2477604171875 0.7136111109375001 0.2477604171875 0.2945370375 0.0232291671875 0.2945370375
1 0.4920833328125 0.5473148140624999 0.4920833328125 0.5378703703125 0.4808333328125 0.5378703703125 0.4808333328125 0.5473148140624999 0.4920833328125 0.5473148140624999
1 0.46765625 0.5384259265625 0.46765625 0.5473148140624999 0.4808333328125 0.5473148140624999 0.4808333328125 0.5384259265625 0.46765625 0.5384259265625
1 0.9398958328125 0.438796296875 0.9398958328125 0.409259259375 0.8290104171875001 0.409259259375 0.8290104171875001 0.438796296875 0.9398958328125 0.438796296875
1 0.9358333328124999 0.45046296249999995 0.9358333328124999 0.428796296875 0.8305729171875 0.428796296875 0.8305729171875 0.45046296249999995 0.9358333328124999 0.45046296249999995
1 0.9383333328125 0.46944444374999994 0.9383333328125 0.44490740781250004 0.8311979171875 0.44490740781250004 0.8311979171875 0.46944444374999994 0.9383333328125 0.46944444374999994
1 0.9383333328125 0.48666666718749996 0.9383333328125 0.46444444375 0.8318229171875 0.46444444375 0.8318229171875 0.48666666718749996 0.9383333328125 0.48666666718749996
1 0.8428125 0.5206481484375 0.8428125 0.506203703125 0.8305729171875 0.506203703125 0.8305729171875 0.5206481484375 0.8428125 0.5206481484375
1 0.9483854171875 0.5056481484375001 0.9483854171875 0.4783333328125 0.8405729171875 0.4783333328125 0.8405729171875 0.5056481484375001 0.9483854171875 0.5056481484375001
1 0.8421875 0.506759259375 0.8421875 0.48944444374999996 0.8280729171875001 0.48944444374999996 0.8280729171875001 0.506759259375 0.8421875 0.506759259375
1 0.8402604171875 0.535740740625 0.8402604171875 0.516759259375 0.8327604171875 0.516759259375 0.8327604171875 0.535740740625 0.8402604171875 0.535740740625
1 0.8405729171875 0.5518518515624999 0.8405729171875 0.535740740625 0.8349479171875 0.535740740625 0.8349479171875 0.5518518515624999 0.8405729171875 0.5518518515624999
1 0.8428125 0.5668518515625001 0.8428125 0.5529629625 0.8333854171875 0.5529629625 0.8333854171875 0.5668518515625001 0.8428125 0.5668518515625001
1 0.8421875 0.5758333328125 0.8421875 0.5674074078125 0.8336979171875001 0.5674074078125 0.8336979171875001 0.5758333328125 0.8421875 0.5758333328125
1 0.9505729171875 0.5891666671875 0.9505729171875 0.5651851859375 0.8399479171875001 0.5651851859375 0.8399479171875001 0.5891666671875 0.9505729171875 0.5891666671875
1 0.8355729171874999 0.551296296875 0.8355729171874999 0.5718518515625 0.9521354171875 0.5718518515625 0.9521354171875 0.551296296875 0.8355729171874999 0.551296296875
1 0.8380729171875 0.5334259265625 0.8380729171875 0.5551851859375 0.9477083328125 0.5551851859375 0.9477083328125 0.5334259265625 0.8380729171875 0.5334259265625
1 0.8386979171875 0.516759259375 0.8386979171875 0.5396296296875 0.9483854171875 0.5396296296875 0.9483854171875 0.516759259375 0.8386979171875 0.516759259375
1 0.8396354171875 0.4984259265625 0.8396354171875 0.5200925921875 0.9427083328125001 0.5200925921875 0.9427083328125001 0.4984259265625 0.8396354171875 0.4984259265625
1 0.9993229171875001 0.4329629625 0.9993229171875001 0.4140740734375 0.9382291671875 0.4140740734375 0.9382291671875 0.4329629625 0.9993229171875001 0.4329629625
1 0.9986979171874999 0.4479629625 0.9986979171874999 0.430740740625 0.9388541671875 0.430740740625 0.9388541671875 0.4479629625 0.9986979171874999 0.4479629625
1 0.9986979171874999 0.4658333328125 0.9986979171874999 0.4479629625 0.9397916671875001 0.4479629625 0.9397916671875001 0.4658333328125 0.9986979171874999 0.4658333328125
1 0.9983854171875001 0.48194444374999995 0.9983854171875001 0.4641666671875 0.9410416671874999 0.4641666671875 0.9410416671874999 0.48194444374999995 0.9983854171875001 0.48194444374999995
1 0.9983854171875001 0.498703703125 0.9983854171875001 0.48194444374999995 0.9457812499999999 0.48194444374999995 0.9457812499999999 0.498703703125 0.9983854171875001 0.498703703125
1 0.9999479171875001 0.5148148140625 0.9999479171875001 0.498703703125 0.9457812499999999 0.498703703125 0.9457812499999999 0.5148148140625 0.9999479171875001 0.5148148140625
1 0.9999479171875001 0.5343518515625 0.9999479171875001 0.5148148140625 0.94296875 0.5148148140625 0.94296875 0.5343518515625 0.9999479171875001 0.5343518515625
1 0.9983854171875001 0.5493518515625 0.9983854171875001 0.5343518515625 0.94296875 0.5343518515625 0.94296875 0.5493518515625 0.9983854171875001 0.5493518515625
1 0.9986979171874999 0.5650000000000001 0.9986979171874999 0.5493518515625 0.9467187499999999 0.5493518515625 0.9467187499999999 0.5650000000000001 0.9986979171874999 0.5650000000000001
1 0.9993229171875001 0.582777778125 0.9993229171875001 0.56444444375 0.9467187499999999 0.56444444375 0.9467187499999999 0.582777778125 0.9993229171875001 0.582777778125
0 0.6364062500000001 0.3933333328125 0.6364062500000001 0.569259259375 0.7283854171875 0.569259259375 0.7283854171875 0.3933333328125 0.6364062500000001 0.3933333328125
0 0.6644791671875 0.5637037031250001 0.6644791671875 0.39601851875 0.6083333328125 0.39601851875 0.6083333328125 0.5637037031250001 0.6644791671875 0.5637037031250001
0 0.5896354171875 0.39879629687499996 0.5896354171875 0.569259259375 0.6223958328125 0.569259259375 0.6223958328125 0.39879629687499996 0.5896354171875 0.39879629687499996