0 0.6347916671875 0.49592592656249995 0.6347916671875 0.548796296875 0.6655729171875 0.548796296875 0.6655729171875 0.49592592656249995 0.6347916671875 0.49592592656249995
0 0.7208333328125 0.5561111109375 0.7208333328125 0.4846296296875 0.6757291671875 0.4846296296875 0.6757291671875 0.5561111109375 0.7208333328125 0.5561111109375
0 0.7121875 0.475277778125 0.7121875 0.5661111109375 0.7780208328125 0.5661111109375 0.7780208328125 0.475277778125 0.7121875 0.475277778125
0 0.8598437499999999 0.291296296875 0.8598437499999999 0.5848148140625 0.9616145828124999 0.5848148140625 0.9616145828124999 0.291296296875 0.8598437499999999 0.291296296875
0 0.8002604171875 0.33166666718750004 0.8002604171875 0.5664814812500001 0.87984375 0.5664814812500001 0.87984375 0.33166666718750004 0.8002604171875 0.33166666718750004
0 0.9520833328125 0.287222221875 0.9520833328125 0.5849074078125 0.9997916671875 0.5849074078125 0.9997916671875 0.287222221875 0.9520833328125 0.287222221875
0 0.3061458328125 0.3888888890625 0.3061458328125 0.6140740734375 0.4302083328125 0.6140740734375 0.4302083328125 0.3888888890625 0.3061458328125 0.3888888890625
0 0.42817708281250005 0.47481481406250003 0.42817708281250005 0.5670370375 0.46953125 0.5670370375 0.46953125 0.47481481406250003 0.42817708281250005 0.47481481406250003
0 0.4996354171875 0.5637037031250001 0.4996354171875 0.4981481484375 0.4721875 0.4981481484375 0.4721875 0.5637037031250001 0.4996354171875 0.5637037031250001
0 0.4951041671875 0.49620370312500006 0.4951041671875 0.556296296875 0.5259375000000001 0.556296296875 0.5259375000000001 0.49620370312500006 0.4951041671875 0.49620370312500006
1 0.6319791671874999 0.5468518515625 0.6319791671874999 0.5363888890624999 0.6197916671875 0.5363888890624999 0.6197916671875 0.5468518515625 0.6319791671874999 0.5468518515625
1 0.60390625 0.538796296875 0.60390625 0.5468518515625 0.6197916671875 0.5468518515625 0.6197916671875 0.538796296875 0.60390625 0.538796296875