1 0.993828125 0.9326388890624999 0.993828125 0.809027778125 0.8729687500000001 0.809027778125 0.8729687500000001 0.9326388890624999 0.993828125 0.9326388890624999
1 0.485234375 0.61444444375 0.485234375 0.5698611109375 0.351875 0.5698611109375 0.351875 0.61444444375 0.485234375 0.61444444375
1 0.48070312499999995 0.6448611109375 0.48070312499999995 0.6104166671875 0.351875 0.6104166671875 0.351875 0.6448611109375 0.48070312499999995 0.6448611109375
1 0.48296875000000006 0.67930555625 0.48296875000000006 0.63875 0.35757812499999997 0.63875 0.35757812499999997 0.67930555625 0.48296875000000006 0.67930555625
1 0.28234375 0.6448611109375 0.28234375 0.675277778125 0.354140625 0.675277778125 0.354140625 0.6448611109375 0.28234375 0.6448611109375
1 0.28234375 0.6104166671875 0.28234375 0.64680555625 0.351875 0.64680555625 0.351875 0.6104166671875 0.28234375 0.6104166671875
1 0.284609375 0.5880555562499999 0.284609375 0.6123611109375 0.351875 0.6123611109375 0.351875 0.5880555562499999 0.284609375 0.5880555562499999
1 0.284609375 0.5495833328125 0.284609375 0.5901388890625 0.342734375 0.5901388890625 0.342734375 0.5495833328125 0.284609375 0.5495833328125
1 0.284609375 0.693472221875 0.284609375 0.659027778125 0.12609375 0.659027778125 0.12609375 0.693472221875 0.284609375 0.693472221875
1 0.125 0.6224999999999999 0.125 0.6651388890625001 0.285703125 0.6651388890625001 0.285703125 0.6224999999999999 0.125 0.6224999999999999
1 0.12953125000000001 0.5840277781250001 0.12953125000000001 0.6266666671875 0.285703125 0.6266666671875 0.285703125 0.5840277781250001 0.12953125000000001 0.5840277781250001
1 0.127265625 0.5475 0.127265625 0.5861111109375 0.28914062500000004 0.5861111109375 0.28914062500000004 0.5475 0.127265625 0.5475
1 0.12953125000000001 0.5151388890625 0.12953125000000001 0.559722221875 0.288046875 0.559722221875 0.288046875 0.5151388890625 0.12953125000000001 0.5151388890625
1 0.12953125000000001 0.47458333281250004 0.12953125000000001 0.5151388890625 0.29031250000000003 0.5151388890625 0.29031250000000003 0.47458333281250004 0.12953125000000001 0.47458333281250004
1 0.13640625 0.43194444374999996 0.13640625 0.48472222187499997 0.29031250000000003 0.48472222187499997 0.29031250000000003 0.43194444374999996 0.13640625 0.43194444374999996
1 0.130703125 0.39347222187500003 0.130703125 0.43194444374999996 0.29375 0.43194444374999996 0.29375 0.39347222187500003 0.130703125 0.39347222187500003
1 0.130703125 0.35694444375 0.130703125 0.41777777812499994 0.296015625 0.41777777812499994 0.296015625 0.35694444375 0.130703125 0.35694444375
1 0.1340625 0.32055555625 0.1340625 0.38333333281250004 0.29828125 0.38333333281250004 0.29828125 0.32055555625 0.1340625 0.32055555625
1 0.13640625 0.2941666671875 0.13640625 0.33680555624999997 0.29828125 0.33680555624999997 0.29828125 0.2941666671875 0.13640625 0.2941666671875
1 0.13640625 0.24555555624999997 0.13640625 0.30430555625 0.297109375 0.30430555625 0.297109375 0.24555555624999997 0.13640625 0.24555555624999997
1 0.14320312500000001 0.21513888906249998 0.14320312500000001 0.26375000000000004 0.297109375 0.26375000000000004 0.297109375 0.21513888906249998 0.14320312500000001 0.21513888906249998
1 0.144375 0.1766666671875 0.144375 0.2313888890625 0.30171875 0.2313888890625 0.30171875 0.1766666671875 0.144375 0.1766666671875
1 0.142109375 0.14625 0.142109375 0.205 0.30281250000000004 0.205 0.30281250000000004 0.14625 0.142109375 0.14625
1 0.14546874999999998 0.11777777812500001 0.14546874999999998 0.16444444375 0.3096875 0.16444444375 0.3096875 0.11777777812500001 0.14546874999999998 0.11777777812500001
1 0.146640625 0.0691666671875 0.146640625 0.13805555625000002 0.299453125 0.13805555625000002 0.299453125 0.0691666671875 0.146640625 0.0691666671875
1 0.1671875 0.0488888890625 0.1671875 0.093472221875 0.30398437500000003 0.093472221875 0.30398437500000003 0.0488888890625 0.1671875 0.0488888890625
1 0.15914062499999998 0.016527778125 0.15914062499999998 0.0691666671875 0.30625 0.0691666671875 0.30625 0.016527778125 0.15914062499999998 0.016527778125
1 0.169453125 0.00430555625 0.169453125 0.0488888890625 0.299453125 0.0488888890625 0.299453125 0.00430555625 0.169453125 0.00430555625
1 0.260625 0.0063888890625 0.260625 0.0245833328125 0.313125 0.0245833328125 0.313125 0.0063888890625 0.260625 0.0063888890625
1 0.097578125 0.20694444375 0.097578125 0.17250000000000001 0.065703125 0.17250000000000001 0.065703125 0.20694444375 0.097578125 0.20694444375
1 0.461328125 0.23944444374999999 0.461328125 0.19277777812500002 0.4134375 0.19277777812500002 0.4134375 0.23944444374999999 0.461328125 0.23944444374999999
1 0.50234375 0.22930555625000001 0.50234375 0.19277777812500002 0.46015625 0.19277777812500002 0.46015625 0.22930555625000001 0.50234375 0.22930555625000001
1 0.5491406249999999 0.2313888890625 0.5491406249999999 0.20694444375 0.503515625 0.20694444375 0.503515625 0.2313888890625 0.5491406249999999 0.2313888890625
1 0.584453125 0.25166666718749997 0.584453125 0.22319444375000003 0.5491406249999999 0.22319444375000003 0.5491406249999999 0.25166666718749997 0.584453125 0.25166666718749997
1 0.6232031250000001 0.26375000000000004 0.6232031250000001 0.23541666718749998 0.5856250000000001 0.23541666718749998 0.5856250000000001 0.26375000000000004 0.6232031250000001 0.26375000000000004
1 0.7184375000000001 0.6141666671875 0.7184375000000001 0.5816666671874999 0.667734375 0.5816666671874999 0.667734375 0.6141666671875 0.7184375000000001 0.6141666671875
1 0.7184375000000001 0.5070833328125001 0.7184375000000001 0.4804166671875 0.6661718750000001 0.4804166671875 0.6661718750000001 0.5070833328125001 0.7184375000000001 0.5070833328125001
1 0.005625 0.130972221875 0.005625 0.1929166671875 0.03328125 0.1929166671875 0.03328125 0.130972221875 0.005625 0.130972221875
1 0.029375000000000002 0.20972222187499998 0.029375000000000002 0.159027778125 0.002421875 0.159027778125 0.002421875 0.20972222187499998 0.029375000000000002 0.20972222187499998
1 0.005625 0.19569444375 0.005625 0.2351388890625 0.023828125 0.2351388890625 0.023828125 0.19569444375 0.005625 0.19569444375
1 0.034921875000000005 0.2773611109375 0.034921875000000005 0.220972221875 0.000078125 0.220972221875 0.000078125 0.2773611109375 0.034921875000000005 0.2773611109375
1 0.49874999999999997 0.382222221875 0.49874999999999997 0.3523611109375 0.43726562500000005 0.3523611109375 0.43726562500000005 0.382222221875 0.49874999999999997 0.382222221875
1 0.500625 0.39305555625 0.500625 0.36319444375 0.438359375 0.36319444375 0.438359375 0.39305555625 0.500625 0.39305555625
1 0.502578125 0.4066666671875 0.502578125 0.38430555625 0.43804687500000006 0.38430555625 0.43804687500000006 0.4066666671875 0.502578125 0.4066666671875
1 0.498359375 0.42152777812500003 0.498359375 0.39305555625 0.439921875 0.39305555625 0.439921875 0.42152777812500003 0.498359375 0.42152777812500003
1 0.500625 0.43375 0.500625 0.41069444375 0.43804687500000006 0.41069444375 0.43804687500000006 0.43375 0.500625 0.43375
1 0.49640625 0.4501388890625 0.49640625 0.42291666718750004 0.439921875 0.42291666718750004 0.439921875 0.4501388890625 0.49640625 0.4501388890625
1 0.503671875 0.46902777812499996 0.503671875 0.44666666718750003 0.43953125000000004 0.44666666718750003 0.43953125000000004 0.46902777812499996 0.503671875 0.46902777812499996
1 0.502578125 0.47930555625000004 0.502578125 0.45958333281249997 0.43953125000000004 0.45958333281249997 0.43953125000000004 0.47930555625000004 0.502578125 0.47930555625000004
1 0.503671875 0.49694444375 0.503671875 0.47458333281250004 0.436875 0.47458333281250004 0.436875 0.49694444375 0.503671875 0.49694444375
1 0.49984375 0.51319444375 0.49984375 0.48875 0.436875 0.48875 0.436875 0.51319444375 0.49984375 0.51319444375
1 0.501015625 0.5233333328125 0.501015625 0.5091666671875 0.439140625 0.5091666671875 0.439140625 0.5233333328125 0.501015625 0.5233333328125
1 0.502578125 0.5411111109375 0.502578125 0.52069444375 0.43726562500000005 0.52069444375 0.43726562500000005 0.5411111109375 0.502578125 0.5411111109375
1 0.502578125 0.5526388890625 0.502578125 0.5411111109375 0.43609375000000006 0.5411111109375 0.43609375000000006 0.5526388890625 0.502578125 0.5526388890625
1 0.500234375 0.5695833328125001 0.500234375 0.55194444375 0.43765625 0.55194444375 0.43765625 0.5695833328125001 0.500234375 0.5695833328125001
1 0.5017968749999999 0.58444444375 0.5017968749999999 0.5722222218749999 0.454453125 0.5722222218749999 0.454453125 0.58444444375 0.5017968749999999 0.58444444375
1 0.49984375 0.60694444375 0.49984375 0.59194444375 0.47890625 0.59194444375 0.47890625 0.60694444375 0.49984375 0.60694444375
1 0.503671875 0.62180555625 0.503671875 0.6020833328124999 0.483046875 0.6020833328124999 0.483046875 0.62180555625 0.503671875 0.62180555625
1 0.479375 0.32694444375 0.479375 0.29375 0.41828125 0.29375 0.41828125 0.32694444375 0.479375 0.32694444375
1 0.477890625 0.33305555625 0.477890625 0.305277778125 0.42132812499999994 0.305277778125 0.42132812499999994 0.33305555625 0.477890625 0.33305555625
1 0.478671875 0.3473611109375 0.478671875 0.3229166671875 0.4171875 0.3229166671875 0.4171875 0.3473611109375 0.478671875 0.3473611109375
1 0.47328125 0.353472221875 0.47328125 0.33166666718750004 0.41984374999999996 0.33166666718750004 0.41984374999999996 0.353472221875 0.47328125 0.353472221875
1 0.47554687500000004 0.37180555625 0.47554687500000004 0.34930555625 0.41828125 0.34930555625 0.41828125 0.37180555625 0.47554687500000004 0.37180555625
1 0.44046874999999996 0.3854166671875 0.44046874999999996 0.36430555625 0.41789062499999996 0.36430555625 0.41789062499999996 0.3854166671875 0.44046874999999996 0.3854166671875
1 0.439296875 0.39888888906250003 0.439296875 0.3751388890625 0.41828125 0.3751388890625 0.41828125 0.39888888906250003 0.439296875 0.39888888906250003
1 0.44046874999999996 0.4125 0.44046874999999996 0.3908333328125 0.41867187499999997 0.3908333328125 0.41867187499999997 0.4125 0.44046874999999996 0.4125
1 0.43820312499999997 0.42138888906250005 0.43820312499999997 0.4016666671875 0.41828125 0.4016666671875 0.41828125 0.42138888906250005 0.43820312499999997 0.42138888906250005
1 0.436640625 0.4341666671875 0.436640625 0.41861111093750003 0.41828125 0.41861111093750003 0.41828125 0.4341666671875 0.436640625 0.4341666671875
1 0.44195312500000006 0.44986111093750003 0.44195312500000006 0.42750000000000005 0.414453125 0.42750000000000005 0.414453125 0.44986111093750003 0.44195312500000006 0.44986111093750003
1 0.4415625 0.46347222187500003 0.4415625 0.4463888890625 0.415234375 0.4463888890625 0.415234375 0.46347222187500003 0.4415625 0.46347222187500003
1 0.44125 0.47430555625000004 0.44125 0.45805555625 0.416796875 0.45805555625 0.416796875 0.47430555625000004 0.44125 0.47430555625000004
1 0.439296875 0.4858333328125 0.439296875 0.47291666718750003 0.416796875 0.47291666718750003 0.416796875 0.4858333328125 0.439296875 0.4858333328125
1 0.436640625 0.5013888890625 0.436640625 0.48375 0.41414062500000004 0.48375 0.41414062500000004 0.5013888890625 0.436640625 0.5013888890625
1 0.4378125 0.5102777781250001 0.4378125 0.5006944437499999 0.41375 0.5006944437499999 0.41375 0.5102777781250001 0.4378125 0.5102777781250001
1 0.436640625 0.52319444375 0.436640625 0.5129166671875 0.41375 0.5129166671875 0.41375 0.52319444375 0.436640625 0.52319444375
1 0.434375 0.5401388890625001 0.434375 0.526527778125 0.41640625 0.526527778125 0.41640625 0.5401388890625001 0.434375 0.5401388890625001
1 0.435078125 0.55375 0.435078125 0.5401388890625001 0.416015625 0.5401388890625001 0.416015625 0.55375 0.435078125 0.55375
1 0.43546874999999996 0.567222221875 0.43546874999999996 0.55375 0.417578125 0.55375 0.417578125 0.567222221875 0.43546874999999996 0.567222221875
1 0.44046874999999996 0.5829166671875 0.44046874999999996 0.567222221875 0.417578125 0.567222221875 0.417578125 0.5829166671875 0.44046874999999996 0.5829166671875
1 0.41828125 0.4376388890625 0.41828125 0.42611111093750004 0.40609375 0.42611111093750004 0.40609375 0.4376388890625 0.41828125 0.4376388890625
1 0.4190625 0.45125000000000004 0.4190625 0.43624999999999997 0.40453124999999995 0.43624999999999997 0.40453124999999995 0.45125000000000004 0.4190625 0.45125000000000004
1 0.419453125 0.45930555625 0.419453125 0.45125000000000004 0.40453124999999995 0.45125000000000004 0.40453124999999995 0.45930555625 0.419453125 0.45930555625
1 0.419453125 0.47361111093749997 0.419453125 0.45930555625 0.40648437499999995 0.45930555625 0.40648437499999995 0.47361111093749997 0.419453125 0.47361111093749997
1 0.42210937499999995 0.486527778125 0.42210937499999995 0.47430555625000004 0.40570312499999994 0.47430555625000004 0.40570312499999994 0.486527778125 0.42210937499999995 0.486527778125
1 0.42210937499999995 0.49944444375 0.42210937499999995 0.486527778125 0.40453124999999995 0.486527778125 0.40453124999999995 0.49944444375 0.42210937499999995 0.49944444375
1 0.42062499999999997 0.5102777781250001 0.42062499999999997 0.49944444375 0.40531249999999996 0.49944444375 0.40531249999999996 0.5102777781250001 0.42062499999999997 0.5102777781250001
1 0.42062499999999997 0.5245833328125 0.42062499999999997 0.5129166671875 0.40265625 0.5129166671875 0.40265625 0.5245833328125 0.42062499999999997 0.5245833328125
1 0.41640625 0.534027778125 0.41640625 0.526527778125 0.40304687499999997 0.526527778125 0.40304687499999997 0.534027778125 0.41640625 0.534027778125
1 0.4171875 0.5483333328125 0.4171875 0.5354166671875 0.40531249999999996 0.5354166671875 0.40531249999999996 0.5483333328125 0.4171875 0.5483333328125
1 0.41828125 0.5618055562500001 0.41828125 0.5483333328125 0.40531249999999996 0.5483333328125 0.40531249999999996 0.5618055562500001 0.41828125 0.5618055562500001
1 0.52640625 0.36569444375 0.52640625 0.35069444375000003 0.483984375 0.35069444375000003 0.483984375 0.36569444375 0.52640625 0.36569444375
1 0.52640625 0.3826388890625 0.52640625 0.3636111109375 0.484375 0.3636111109375 0.484375 0.3826388890625 0.52640625 0.3826388890625
1 0.5240625 0.3948611109375 0.5240625 0.38333333281250004 0.49585937500000005 0.38333333281250004 0.49585937500000005 0.3948611109375 0.5240625 0.3948611109375
1 0.52640625 0.41111111093749997 0.52640625 0.39347222187500003 0.497734375 0.39347222187500003 0.497734375 0.41111111093749997 0.52640625 0.41111111093749997
1 0.5549999999999999 0.42611111093750004 0.5549999999999999 0.40305555625 0.504609375 0.40305555625 0.504609375 0.42611111093750004 0.5549999999999999 0.42611111093750004
1 0.5549999999999999 0.4376388890625 0.5549999999999999 0.42263888906249997 0.50078125 0.42263888906249997 0.50078125 0.4376388890625 0.5549999999999999 0.4376388890625
1 0.556171875 0.455277778125 0.556171875 0.431527778125 0.502734375 0.431527778125 0.502734375 0.455277778125 0.556171875 0.455277778125
1 0.55578125 0.46472222187499995 0.55578125 0.45125000000000004 0.501171875 0.45125000000000004 0.501171875 0.46472222187499995 0.55578125 0.46472222187499995
1 0.5042187499999999 0.4641666671875 0.5042187499999999 0.48305555624999996 0.5565625 0.48305555624999996 0.5565625 0.4641666671875 0.5042187499999999 0.4641666671875
1 0.551953125 0.49944444375 0.551953125 0.4776388890625 0.50234375 0.4776388890625 0.50234375 0.49944444375 0.551953125 0.49944444375
1 0.551171875 0.5095833328125 0.551171875 0.49944444375 0.5042187499999999 0.49944444375 0.5042187499999999 0.5095833328125 0.551171875 0.5095833328125
1 0.552734375 0.5279166671875 0.552734375 0.5116666671875 0.504609375 0.5116666671875 0.504609375 0.5279166671875 0.552734375 0.5279166671875
1 0.55234375 0.5427777781249999 0.55234375 0.5286111109375 0.503828125 0.5286111109375 0.503828125 0.5427777781249999 0.55234375 0.5427777781249999
1 0.552734375 0.5591666671875 0.552734375 0.5408333328125 0.503828125 0.5408333328125 0.503828125 0.5591666671875 0.552734375 0.5591666671875
1 0.553125 0.5700000000000001 0.553125 0.558472221875 0.5015625 0.558472221875 0.5015625 0.5700000000000001 0.553125 0.5700000000000001
1 0.553125 0.5862499999999999 0.553125 0.5686111109375 0.500390625 0.5686111109375 0.500390625 0.5862499999999999 0.553125 0.5862499999999999
1 0.552734375 0.6045833328125 0.552734375 0.58694444375 0.501953125 0.58694444375 0.501953125 0.6045833328125 0.552734375 0.6045833328125
1 0.55234375 0.6188888890625 0.55234375 0.6038888890624999 0.501953125 0.6038888890624999 0.501953125 0.6188888890625 0.55234375 0.6188888890625
1 0.5771875 0.5591666671875 0.5771875 0.5408333328125 0.550078125 0.5408333328125 0.550078125 0.5591666671875 0.5771875 0.5591666671875
1 0.5817187500000001 0.56930555625 0.5817187500000001 0.5591666671875 0.5496875 0.5591666671875 0.5496875 0.56930555625 0.5817187500000001 0.56930555625
1 0.581328125 0.5862499999999999 0.581328125 0.56930555625 0.551171875 0.56930555625 0.551171875 0.5862499999999999 0.581328125 0.5862499999999999
1 0.5786718750000001 0.5944444437499999 0.5786718750000001 0.5862499999999999 0.551171875 0.5862499999999999 0.551171875 0.5944444437499999 0.5786718750000001 0.5944444437499999
1 0.5786718750000001 0.61 0.5786718750000001 0.5944444437499999 0.546640625 0.5944444437499999 0.546640625 0.61 0.5786718750000001 0.61
0 0.8915625 0.655277778125 0.8915625 0.4408333328125 0.753828125 0.4408333328125 0.753828125 0.655277778125 0.8915625 0.655277778125
0 0.571796875 0.2420833328125 0.571796875 0.655277778125 0.6849999999999999 0.655277778125 0.6849999999999999 0.2420833328125 0.571796875 0.2420833328125