0 0.92703125 0.6788888890625 0.92703125 0.4473611109375 0.87078125 0.4473611109375 0.87078125 0.6788888890625 0.92703125 0.6788888890625
1 0.4871875 0.62180555625 0.4871875 0.5876388890625 0.443671875 0.5876388890625 0.443671875 0.62180555625 0.4871875 0.62180555625
1 0.5447656249999999 0.64 0.5447656249999999 0.5740277781249999 0.48078125 0.5740277781249999 0.48078125 0.64 0.5447656249999999 0.64
1 0.620234375 0.64680555625 0.620234375 0.6036111109375 0.5434375 0.6036111109375 0.5434375 0.64680555625 0.620234375 0.64680555625
1 0.7583593750000001 0.6536111109375 0.7583593750000001 0.6036111109375 0.7084374999999999 0.6036111109375 0.7084374999999999 0.6536111109375 0.7583593750000001 0.6536111109375
1 0.808203125 0.649027778125 0.808203125 0.5944444437499999 0.7455468749999999 0.5944444437499999 0.7455468749999999 0.649027778125 0.808203125 0.649027778125
1 0.8849218750000001 0.65125 0.8849218750000001 0.6012500000000001 0.81078125 0.6012500000000001 0.81078125 0.65125 0.8849218750000001 0.65125
1 0.370078125 0.538472221875 0.370078125 0.5238888890625 0.335625 0.5238888890625 0.335625 0.538472221875 0.370078125 0.538472221875
1 0.36796875 0.548472221875 0.36796875 0.53569444375 0.33664062499999997 0.53569444375 0.33664062499999997 0.548472221875 0.36796875 0.548472221875
1 0.36796875 0.562222221875 0.36796875 0.54944444375 0.34078125 0.54944444375 0.34078125 0.562222221875 0.36796875 0.562222221875
1 0.368515625 0.575 0.368515625 0.5604166671875 0.33976562499999996 0.5604166671875 0.33976562499999996 0.575 0.368515625 0.575
1 0.36906249999999996 0.5895833328125 0.36906249999999996 0.575 0.341796875 0.575 0.341796875 0.5895833328125 0.36906249999999996 0.5895833328125
0 0.128125 0.7541666671875 0.128125 0.0929166671875 0.00234375 0.0929166671875 0.00234375 0.7541666671875 0.128125 0.7541666671875