1 0.42921875 0.22000000000000003 0.42921875 0.2533333328125 0.520859375 0.2533333328125 0.520859375 0.22000000000000003 0.42921875 0.22000000000000003
1 0.5181250000000001 0.2648611109375 0.5181250000000001 0.23305555625 0.421015625 0.23305555625 0.421015625 0.2648611109375 0.5181250000000001 0.2648611109375
1 0.42648437499999997 0.2526388890625 0.42648437499999997 0.2811111109375 0.5171875 0.2811111109375 0.5171875 0.2526388890625 0.42648437499999997 0.2526388890625
1 0.5171875 0.30069444375 0.5171875 0.267222221875 0.42921875 0.267222221875 0.42921875 0.30069444375 0.5171875 0.30069444375
1 0.435234375 0.2811111109375 0.435234375 0.31375000000000003 0.5190625 0.31375000000000003 0.5190625 0.2811111109375 0.435234375 0.2811111109375
1 0.51765625 0.3308333328125 0.51765625 0.3063888890625 0.466796875 0.3063888890625 0.466796875 0.3308333328125 0.51765625 0.3308333328125
1 0.46867187499999996 0.31694444375 0.46867187499999996 0.34625 0.5171875 0.34625 0.5171875 0.31694444375 0.46867187499999996 0.31694444375
1 0.516328125 0.36666666718749996 0.516328125 0.33569444375 0.481953125 0.33569444375 0.481953125 0.36666666718749996 0.516328125 0.36666666718749996
1 0.48882812500000006 0.35680555625 0.48882812500000006 0.38375 0.515859375 0.38375 0.515859375 0.35680555625 0.48882812500000006 0.35680555625
1 0.51859375 0.4138888890625 0.51859375 0.3854166671875 0.48835937500000004 0.3854166671875 0.48835937500000004 0.4138888890625 0.51859375 0.4138888890625
1 0.48929687499999996 0.40083333281250005 0.48929687499999996 0.4286111109375 0.5171875 0.4286111109375 0.5171875 0.40083333281250005 0.48929687499999996 0.40083333281250005
1 0.520390625 0.44805555625000004 0.520390625 0.42930555625 0.49109375 0.42930555625 0.49109375 0.44805555625000004 0.520390625 0.44805555625000004
1 0.487421875 0.446527778125 0.487421875 0.46680555625000003 0.5181250000000001 0.46680555625000003 0.5181250000000001 0.446527778125 0.487421875 0.446527778125
1 0.51265625 0.4895833328125 0.51265625 0.4636111109375 0.48968749999999994 0.4636111109375 0.48968749999999994 0.4895833328125 0.51265625 0.4895833328125
1 0.60609375 0.334027778125 0.60609375 0.3079166671875 0.5171875 0.3079166671875 0.5171875 0.334027778125 0.60609375 0.334027778125
1 0.520859375 0.3275 0.520859375 0.3495833328125 0.60703125 0.3495833328125 0.60703125 0.3275 0.520859375 0.3275
1 0.6111718749999999 0.365 0.6111718749999999 0.3445833328125 0.5171875 0.3445833328125 0.5171875 0.365 0.6111718749999999 0.365
1 0.6116406249999999 0.3845833328125 0.6116406249999999 0.3641666671875 0.51953125 0.3641666671875 0.51953125 0.3845833328125 0.6116406249999999 0.3845833328125
1 0.6125 0.40652777812499996 0.6125 0.3845833328125 0.51953125 0.3845833328125 0.51953125 0.40652777812499996 0.6125 0.40652777812499996
1 0.6111718749999999 0.425277778125 0.6111718749999999 0.4016666671875 0.5171875 0.4016666671875 0.5171875 0.425277778125 0.6111718749999999 0.425277778125
1 0.6111718749999999 0.44069444375 0.6111718749999999 0.4204166671875 0.5181250000000001 0.4204166671875 0.5181250000000001 0.44069444375 0.6111718749999999 0.44069444375
1 0.6116406249999999 0.462777778125 0.6116406249999999 0.43833333281250003 0.51953125 0.43833333281250003 0.51953125 0.462777778125 0.6116406249999999 0.462777778125
1 0.6088281249999999 0.4863888890625 0.6088281249999999 0.4570833328125 0.520859375 0.4570833328125 0.520859375 0.4863888890625 0.6088281249999999 0.4863888890625
1 0.609765625 0.49944444375 0.609765625 0.47736111093750005 0.53328125 0.47736111093750005 0.53328125 0.49944444375 0.609765625 0.49944444375
1 0.597890625 0.66805555625 0.597890625 0.62319444375 0.49890625 0.62319444375 0.49890625 0.66805555625 0.597890625 0.66805555625
1 0.493828125 0.6973611109375 0.493828125 0.6395833328125 0.35640625 0.6395833328125 0.35640625 0.6973611109375 0.493828125 0.6973611109375
1 0.34828125 0.712777778125 0.34828125 0.62694444375 0.2184375 0.62694444375 0.2184375 0.712777778125 0.34828125 0.712777778125
1 0.22000000000000003 0.6691666671875 0.22000000000000003 0.6129166671874999 0.13929687500000001 0.6129166671874999 0.13929687500000001 0.6691666671875 0.22000000000000003 0.6691666671875
1 0.87859375 0.6654166671875 0.87859375 0.609722221875 0.794453125 0.609722221875 0.794453125 0.6654166671875 0.87859375 0.6654166671875
1 0.9021874999999999 0.5979166671875 0.9021874999999999 0.562777778125 0.85875 0.562777778125 0.85875 0.5979166671875 0.9021874999999999 0.5979166671875
1 0.9615625 0.5823611109375 0.9615625 0.54805555625 0.8983593750000001 0.54805555625 0.8983593750000001 0.5823611109375 0.9615625 0.5823611109375
1 0.95828125 0.6029166671875 0.95828125 0.576527778125 0.888984375 0.576527778125 0.888984375 0.6029166671875 0.95828125 0.6029166671875
1 0.9467187499999999 0.6341666671875 0.9467187499999999 0.5998611109375 0.8900781249999999 0.5998611109375 0.8900781249999999 0.6341666671875 0.9467187499999999 0.6341666671875
1 0.94953125 0.6683333328125001 0.94953125 0.6293055562500001 0.89234375 0.6293055562500001 0.89234375 0.6683333328125001 0.94953125 0.6683333328125001
1 0.857109375 0.595972221875 0.857109375 0.625277778125 0.8950781250000001 0.625277778125 0.8950781250000001 0.595972221875 0.857109375 0.595972221875
1 0.8939843749999999 0.663472221875 0.8939843749999999 0.6174999999999999 0.8659375 0.6174999999999999 0.8659375 0.663472221875 0.8939843749999999 0.663472221875
1 0.41804687500000004 0.067222221875 0.41804687500000004 0.11541666718750002 0.443828125 0.11541666718750002 0.443828125 0.067222221875 0.41804687500000004 0.067222221875
1 0.46085937499999996 0.14416666718749999 0.46085937499999996 0.10680555625000002 0.44117187500000005 0.10680555625000002 0.44117187500000005 0.14416666718749999 0.46085937499999996 0.14416666718749999
1 0.47601562499999994 0.172777778125 0.47601562499999994 0.137777778125 0.45765625 0.137777778125 0.45765625 0.172777778125 0.47601562499999994 0.172777778125
1 0.4915625 0.20208333281250002 0.4915625 0.17194444375 0.475078125 0.17194444375 0.475078125 0.20208333281250002 0.4915625 0.20208333281250002
1 0.647734375 0.553472221875 0.647734375 0.5445833328125 0.630234375 0.5445833328125 0.630234375 0.553472221875 0.647734375 0.553472221875
1 0.647734375 0.5625 0.647734375 0.553472221875 0.6310156250000001 0.553472221875 0.6310156250000001 0.5625 0.647734375 0.5625
1 0.6403125000000001 0.5700000000000001 0.6403125000000001 0.561527778125 0.6294531250000001 0.561527778125 0.6294531250000001 0.5700000000000001 0.6403125000000001 0.5700000000000001
1 0.64109375 0.57569444375 0.64109375 0.5690277781249999 0.631328125 0.5690277781249999 0.631328125 0.57569444375 0.64109375 0.57569444375
1 0.64328125 0.5861111109375 0.64328125 0.575277778125 0.6315625 0.575277778125 0.6315625 0.5861111109375 0.64328125 0.5861111109375
1 0.9990625 0.137777778125 0.9990625 0.077222221875 0.9671875 0.077222221875 0.9671875 0.137777778125 0.9990625 0.137777778125
1 0.997421875 0.1583333328125 0.997421875 0.1113888890625 0.979765625 0.1113888890625 0.979765625 0.1583333328125 0.997421875 0.1583333328125
1 0.9979687500000001 0.18180555625 0.9979687500000001 0.146527778125 0.978125 0.146527778125 0.978125 0.18180555625 0.9979687500000001 0.18180555625
1 0.996875 0.2033333328125 0.996875 0.1670833328125 0.984765625 0.1670833328125 0.984765625 0.2033333328125 0.996875 0.2033333328125
1 0.999609375 0.22472222187500002 0.999609375 0.19055555625 0.9858593750000001 0.19055555625 0.9858593750000001 0.22472222187500002 0.999609375 0.22472222187500002
1 0.999609375 0.2541666671875 0.999609375 0.2208333328125 0.986953125 0.2208333328125 0.986953125 0.2541666671875 0.999609375 0.2541666671875
0 0.625078125 0.4091666671875 0.625078125 0.61444444375 0.737578125 0.61444444375 0.737578125 0.4091666671875 0.625078125 0.4091666671875