1 0.8387499999999999 0.661125 0.8387499999999999 0.6105 0.77890625 0.6105 0.77890625 0.661125 0.8387499999999999 0.661125
1 0.777109375 0.6457499999999999 0.777109375 0.69075 0.8378125000000001 0.69075 0.8378125000000001 0.6457499999999999 0.777109375 0.6457499999999999
1 0.84046875 0.72025 0.84046875 0.671 0.77890625 0.671 0.77890625 0.72025 0.84046875 0.72025
1 0.77453125 0.702 0.77453125 0.74 0.8387499999999999 0.74 0.8387499999999999 0.702 0.77453125 0.702
1 0.785078125 0.66825 0.785078125 0.627375 0.74015625 0.627375 0.74015625 0.66825 0.785078125 0.66825
1 0.78328125 0.69075 0.78328125 0.6527499999999999 0.7357812499999999 0.6527499999999999 0.7357812499999999 0.69075 0.78328125 0.69075
1 0.74015625 0.671 0.74015625 0.7175 0.77890625 0.7175 0.77890625 0.671 0.74015625 0.671
1 0.648671875 0.661125 0.648671875 0.72025 0.75953125 0.72025 0.75953125 0.661125 0.648671875 0.661125
1 0.43843750000000004 0.689375 0.43843750000000004 0.64425 0.337265625 0.64425 0.337265625 0.689375 0.43843750000000004 0.689375
1 0.33546875 0.74 0.33546875 0.661125 0.184140625 0.661125 0.184140625 0.74 0.33546875 0.74
1 0.184140625 0.745625 0.184140625 0.678125 0.03984375 0.678125 0.03984375 0.745625 0.184140625 0.745625
1 0.99734375 0.69375 0.99734375 0.639 0.9707812499999999 0.639 0.9707812499999999 0.69375 0.99734375 0.69375
1 0.9999218750000001 0.73225 0.9999218750000001 0.6836249999999999 0.9707812499999999 0.6836249999999999 0.9707812499999999 0.73225 0.9999218750000001 0.73225
1 0.9999218750000001 0.7747499999999999 0.9999218750000001 0.728125 0.969453125 0.728125 0.969453125 0.7747499999999999 0.9999218750000001 0.7747499999999999
1 0.99609375 0.8314999999999999 0.99609375 0.778875 0.97328125 0.778875 0.97328125 0.8314999999999999 0.99609375 0.8314999999999999
1 0.99609375 0.876125 0.99609375 0.8295 0.97328125 0.8295 0.97328125 0.876125 0.99609375 0.876125
1 0.9974999999999999 0.18675 0.9974999999999999 0.136125 0.9552343750000001 0.136125 0.9552343750000001 0.18675 0.9974999999999999 0.18675
1 0.959609375 0.193875 0.959609375 0.22475 0.9965624999999999 0.22475 0.9965624999999999 0.193875 0.959609375 0.193875
1 0.9974999999999999 0.253 0.9974999999999999 0.21212499999999998 0.960546875 0.21212499999999998 0.960546875 0.253 0.9974999999999999 0.253
1 0.9578906249999999 0.23325 0.9578906249999999 0.27825 0.9974999999999999 0.27825 0.9974999999999999 0.23325 0.9578906249999999 0.23325
1 0.9614062499999999 0.2685 0.9614062499999999 0.300875 0.9974999999999999 0.300875 0.9974999999999999 0.2685 0.9614062499999999 0.2685
1 0.99921875 0.330375 0.99921875 0.29100000000000004 0.962265625 0.29100000000000004 0.962265625 0.330375 0.99921875 0.330375
1 0.3565625 0.252875 0.3565625 0.195125 0.240390625 0.195125 0.240390625 0.252875 0.3565625 0.252875
1 0.24390625 0.210625 0.24390625 0.255625 0.3521875 0.255625 0.3521875 0.210625 0.24390625 0.210625
1 0.3521875 0.282375 0.3521875 0.221875 0.24304687500000002 0.221875 0.24304687500000002 0.282375 0.3521875 0.282375
1 0.24390625 0.255625 0.24390625 0.30062500000000003 0.35125 0.30062500000000003 0.35125 0.255625 0.24390625 0.255625
1 0.33718750000000003 0.30062500000000003 0.33718750000000003 0.26687500000000003 0.23781249999999998 0.26687500000000003 0.23781249999999998 0.30062500000000003 0.33718750000000003 0.30062500000000003
1 0.236875 0.289375 0.236875 0.32037499999999997 0.33804687499999997 0.32037499999999997 0.33804687499999997 0.289375 0.236875 0.289375
1 0.33804687499999997 0.33875 0.33804687499999997 0.30212500000000003 0.236875 0.30212500000000003 0.236875 0.33875 0.33804687499999997 0.33875
1 0.23953125000000003 0.328875 0.23953125000000003 0.35562499999999997 0.338984375 0.35562499999999997 0.338984375 0.328875 0.23953125000000003 0.328875
1 0.4515625 0.344375 0.4515625 0.3105 0.355703125 0.3105 0.355703125 0.344375 0.4515625 0.344375
1 0.357421875 0.333 0.357421875 0.36262500000000003 0.45335937499999995 0.36262500000000003 0.45335937499999995 0.333 0.357421875 0.333
1 0.448046875 0.38087499999999996 0.448046875 0.3485 0.35125 0.3485 0.35125 0.38087499999999996 0.448046875 0.38087499999999996
1 0.343359375 0.3725 0.343359375 0.40199999999999997 0.448046875 0.40199999999999997 0.448046875 0.3725 0.343359375 0.3725
1 0.44453125 0.418875 0.44453125 0.39075000000000004 0.345078125 0.39075000000000004 0.345078125 0.418875 0.44453125 0.418875
1 0.346015625 0.41325 0.346015625 0.43724999999999997 0.441015625 0.43724999999999997 0.441015625 0.41325 0.346015625 0.41325
1 0.44453125 0.4625 0.44453125 0.434375 0.34249999999999997 0.434375 0.34249999999999997 0.4625 0.44453125 0.4625
1 0.348671875 0.45975 0.348671875 0.47525000000000006 0.443671875 0.47525000000000006 0.443671875 0.45975 0.348671875 0.45975
1 0.441875 0.49775 0.441875 0.46825 0.34773437500000004 0.46825 0.34773437500000004 0.49775 0.441875 0.49775
1 0.34249999999999997 0.495 0.34249999999999997 0.516 0.441015625 0.516 0.441015625 0.495 0.34249999999999997 0.495
1 0.43921875000000005 0.533 0.43921875000000005 0.507625 0.350390625 0.507625 0.350390625 0.533 0.43921875000000005 0.533
0 0.5703125 0.61625 0.5703125 0.422875 0.43820312499999997 0.422875 0.43820312499999997 0.61625 0.5703125 0.61625