1 0.723671875 0.25 0.723671875 0.197375 0.648828125 0.197375 0.648828125 0.25 0.723671875 0.25
1 0.282578125 0.7308749999999999 0.282578125 0.6615 0.135546875 0.6615 0.135546875 0.7308749999999999 0.282578125 0.7308749999999999
1 0.054609375 0.999375 0.054609375 0.91875 0.00828125 0.91875 0.00828125 0.999375 0.054609375 0.999375
1 0.14937499999999998 0.899875 0.14937499999999998 0.8241250000000001 0.041796875 0.8241250000000001 0.041796875 0.899875 0.14937499999999998 0.899875
1 0.35562499999999997 0.700875 0.35562499999999997 0.650375 0.244140625 0.650375 0.244140625 0.700875 0.35562499999999997 0.700875
1 0.376328125 0.67875 0.376328125 0.6315000000000001 0.3428125 0.6315000000000001 0.3428125 0.67875 0.376328125 0.67875
1 0.047734375 0.42612500000000003 0.047734375 0.45462499999999995 0.11085937500000001 0.45462499999999995 0.11085937500000001 0.42612500000000003 0.047734375 0.42612500000000003
1 0.12171875000000001 0.4325 0.12171875000000001 0.38675000000000004 0.042812499999999996 0.38675000000000004 0.042812499999999996 0.4325 0.12171875000000001 0.4325
1 0.034921875000000005 0.35825 0.034921875000000005 0.39775 0.10789062499999999 0.39775 0.10789062499999999 0.35825 0.034921875000000005 0.35825
1 0.11187499999999999 0.366125 0.11187499999999999 0.32037499999999997 0.03984375 0.32037499999999997 0.03984375 0.366125 0.11187499999999999 0.366125
1 0.042812499999999996 0.28725 0.042812499999999996 0.340875 0.11085937500000001 0.340875 0.11085937500000001 0.28725 0.042812499999999996 0.28725
1 0.11875 0.314125 0.11875 0.26349999999999996 0.042812499999999996 0.26349999999999996 0.042812499999999996 0.314125 0.11875 0.314125
1 0.038828125000000005 0.20987499999999998 0.038828125000000005 0.274625 0.10992187499999999 0.274625 0.10992187499999999 0.20987499999999998 0.038828125000000005 0.20987499999999998
1 0.11875 0.24937499999999999 0.11875 0.186125 0.047734375 0.186125 0.047734375 0.24937499999999999 0.11875 0.24937499999999999
1 0.055625 0.15462499999999998 0.055625 0.20350000000000001 0.11484375 0.20350000000000001 0.11484375 0.15462499999999998 0.055625 0.15462499999999998
1 0.12273437499999999 0.19875 0.12273437499999999 0.129375 0.054609375 0.129375 0.054609375 0.19875 0.12273437499999999 0.19875
1 0.0625 0.1025 0.0625 0.160875 0.129609375 0.160875 0.129609375 0.1025 0.0625 0.1025
1 0.048984375000000004 0.061625 0.048984375000000004 0.113625 0.12 0.113625 0.12 0.061625 0.048984375000000004 0.061625
1 0.121953125 0.097875 0.121953125 0.028375 0.054843750000000004 0.028375 0.054843750000000004 0.097875 0.121953125 0.097875
1 0.061796874999999994 0.0016250000000000001 0.061796874999999994 0.06625 0.12687500000000002 0.06625 0.12687500000000002 0.0016250000000000001 0.061796874999999994 0.0016250000000000001
1 0.081484375 0.00475 0.081484375 0.0395 0.13578125000000002 0.0395 0.13578125000000002 0.00475 0.081484375 0.00475
1 0.16640625 0.097875 0.16640625 0.047375 0.121953125 0.047375 0.121953125 0.097875 0.16640625 0.097875
1 0.118984375 0.15 0.118984375 0.192625 0.164375 0.192625 0.164375 0.15 0.118984375 0.15
1 0.159453125 0.25575000000000003 0.159453125 0.20525000000000002 0.118046875 0.20525000000000002 0.118046875 0.25575000000000003 0.159453125 0.25575000000000003
1 0.113125 0.232125 0.113125 0.28425 0.16046875 0.28425 0.16046875 0.232125 0.113125 0.232125
1 0.15453125 0.319 0.15453125 0.263625 0.1140625 0.263625 0.1140625 0.319 0.15453125 0.319
1 0.108125 0.303125 0.108125 0.3395 0.153515625 0.3395 0.153515625 0.303125 0.108125 0.303125
1 0.146640625 0.36475 0.146640625 0.32525 0.10421875 0.32525 0.10421875 0.36475 0.146640625 0.36475
1 0.116015625 0.36312500000000003 0.116015625 0.388375 0.16343749999999999 0.388375 0.16343749999999999 0.36312500000000003 0.116015625 0.36312500000000003
1 0.16046875 0.42625 0.16046875 0.37575 0.10718749999999999 0.37575 0.10718749999999999 0.42625 0.16046875 0.42625
1 0.041015625 0.461 0.041015625 0.40737500000000004 0.00453125 0.40737500000000004 0.00453125 0.461 0.041015625 0.461
1 0.0015625 0.372625 0.0015625 0.416875 0.043984375 0.416875 0.043984375 0.372625 0.0015625 0.372625
1 0.000625 0.341 0.000625 0.377375 0.0390625 0.377375 0.0390625 0.341 0.000625 0.341
1 0.000625 0.301625 0.000625 0.347375 0.041015625 0.347375 0.041015625 0.301625 0.000625 0.301625
1 0.0025781249999999997 0.262125 0.0025781249999999997 0.30625 0.045 0.30625 0.045 0.262125 0.0025781249999999997 0.262125
1 0.000625 0.22425 0.000625 0.262125 0.043984375 0.262125 0.043984375 0.22425 0.000625 0.22425
1 0.000625 0.191 0.000625 0.24 0.041015625 0.24 0.041015625 0.191 0.000625 0.191
1 0.043046875 0.211625 0.043046875 0.142125 0.0015625 0.142125 0.0015625 0.211625 0.043046875 0.211625
1 0.000625 0.10900000000000001 0.000625 0.18 0.0578125 0.18 0.0578125 0.10900000000000001 0.000625 0.10900000000000001
1 0.050937500000000004 0.14837499999999998 0.050937500000000004 0.091625 0.003515625 0.091625 0.003515625 0.14837499999999998 0.050937500000000004 0.14837499999999998
1 0.005546875 0.053625 0.005546875 0.11837500000000001 0.055859375 0.11837500000000001 0.055859375 0.053625 0.005546875 0.053625
1 0.054843750000000004 0.077375 0.054843750000000004 0.0095 0.005546875 0.0095 0.005546875 0.077375 0.054843750000000004 0.077375
1 0.017343749999999998 0.0095 0.017343749999999998 0.03 0.06476562500000001 0.03 0.06476562500000001 0.0095 0.017343749999999998 0.0095
1 0.09929687499999999 0.003125 0.09929687499999999 0.06 0.19398437500000001 0.06 0.19398437500000001 0.003125 0.09929687499999999 0.003125
1 0.745078125 0.8727499999999999 0.745078125 0.699875 0.655546875 0.699875 0.655546875 0.8727499999999999 0.745078125 0.8727499999999999
1 0.7621875 0.697625 0.7621875 0.5885 0.6541406249999999 0.5885 0.6541406249999999 0.697625 0.7621875 0.697625
1 0.74796875 0.747625 0.74796875 0.579375 0.6328125 0.579375 0.6328125 0.747625 0.74796875 0.747625
1 0.652109375 0.24075000000000002 0.652109375 0.18687499999999999 0.605234375 0.18687499999999999 0.605234375 0.24075000000000002 0.652109375 0.24075000000000002
1 0.9568749999999999 0.8941250000000001 0.9568749999999999 0.79 0.88703125 0.79 0.88703125 0.8941250000000001 0.9568749999999999 0.8941250000000001
0 0.5534375 0.21575000000000003 0.5534375 0.7355 0.750859375 0.7355 0.750859375 0.21575000000000003 0.5534375 0.21575000000000003