1 0.9653906250000001 0.39930555624999997 0.9653906250000001 0.24319444375 0.75734375 0.24319444375 0.75734375 0.39930555624999997 0.9653906250000001 0.39930555624999997
1 0.752578125 0.435972221875 0.752578125 0.34444444375 0.6314062500000001 0.34444444375 0.6314062500000001 0.435972221875 0.752578125 0.435972221875
1 0.751953125 0.5941666671875 0.751953125 0.5291666671875 0.6342187499999999 0.5291666671875 0.6342187499999999 0.5941666671875 0.751953125 0.5941666671875
1 0.9764062499999999 0.60625 0.9764062499999999 0.5086111109375 0.755 0.5086111109375 0.755 0.60625 0.9764062499999999 0.60625
1 0.9513281250000001 0.843472221875 0.9513281250000001 0.7295833328125 0.753984375 0.7295833328125 0.753984375 0.843472221875 0.9513281250000001 0.843472221875
1 0.754140625 0.7766666671875 0.754140625 0.6779166671875 0.633671875 0.6779166671875 0.633671875 0.7766666671875 0.754140625 0.7766666671875
1 0.6346875 0.67694444375 0.6346875 0.62625 0.527421875 0.62625 0.527421875 0.67694444375 0.6346875 0.67694444375
1 0.635625 0.64180555625 0.635625 0.5979166671875 0.526484375 0.5979166671875 0.526484375 0.64180555625 0.635625 0.64180555625
1 0.6361718749999999 0.60625 0.6361718749999999 0.5558333328125 0.522109375 0.5558333328125 0.522109375 0.60625 0.6361718749999999 0.60625
1 0.636640625 0.56694444375 0.636640625 0.52319444375 0.525 0.52319444375 0.525 0.56694444375 0.636640625 0.56694444375
1 0.636640625 0.530972221875 0.636640625 0.4845833328125 0.522109375 0.4845833328125 0.522109375 0.530972221875 0.636640625 0.530972221875
1 0.636640625 0.5043055562500001 0.636640625 0.44930555625 0.5240625 0.44930555625 0.5240625 0.5043055562500001 0.636640625 0.5043055562500001
1 0.6342187499999999 0.47597222187500005 0.6342187499999999 0.41069444375 0.522109375 0.41069444375 0.522109375 0.47597222187500005 0.6342187499999999 0.47597222187500005
1 0.63375 0.43819444374999994 0.63375 0.36763888906250003 0.52296875 0.36763888906250003 0.52296875 0.43819444374999994 0.63375 0.43819444374999994
1 0.565703125 0.25125000000000003 0.565703125 0.1851388890625 0.51640625 0.1851388890625 0.51640625 0.25125000000000003 0.565703125 0.25125000000000003
1 0.5196875000000001 0.28694444375 0.5196875000000001 0.2379166671875 0.48921875000000004 0.2379166671875 0.48921875000000004 0.28694444375 0.5196875000000001 0.28694444375
1 0.48828125 0.31083333281250003 0.48828125 0.267222221875 0.4615625 0.267222221875 0.4615625 0.31083333281250003 0.48828125 0.31083333281250003
1 0.46414062500000003 0.34444444375 0.46414062500000003 0.30416666718749996 0.43851562499999996 0.30416666718749996 0.43851562499999996 0.34444444375 0.46414062500000003 0.34444444375
1 0.44460937500000003 0.31444444374999997 0.44460937500000003 0.2726388890625 0.419140625 0.2726388890625 0.419140625 0.31444444374999997 0.44460937500000003 0.31444444374999997
1 0.42109375 0.34625 0.42109375 0.315277778125 0.40226562499999996 0.315277778125 0.40226562499999996 0.34625 0.42109375 0.34625
1 0.6287499999999999 0.190277778125 0.6287499999999999 0.0988888890625 0.5609375 0.0988888890625 0.5609375 0.190277778125 0.6287499999999999 0.190277778125
1 0.71328125 0.1176388890625 0.71328125 0.01055555625 0.625234375 0.01055555625 0.625234375 0.1176388890625 0.71328125 0.1176388890625
1 0.0853125 0.47402777812499997 0.0853125 0.41777777812499994 0.036171875 0.41777777812499994 0.036171875 0.47402777812499997 0.0853125 0.47402777812499997
1 0.117265625 0.4826388890625 0.117265625 0.4473611109375 0.0853125 0.4473611109375 0.0853125 0.4826388890625 0.117265625 0.4826388890625
1 0.15578125 0.49652777812500004 0.15578125 0.46472222187499995 0.12671875 0.46472222187499995 0.12671875 0.49652777812500004 0.15578125 0.49652777812500004
1 0.15578125 0.630277778125 0.15578125 0.59819444375 0.131015625 0.59819444375 0.131015625 0.630277778125 0.15578125 0.630277778125
1 0.11960937499999999 0.6561111109375 0.11960937499999999 0.60805555625 0.084140625 0.60805555625 0.084140625 0.6561111109375 0.11960937499999999 0.6561111109375
1 0.08429687500000001 0.6801388890625 0.08429687500000001 0.630277778125 0.035078125 0.630277778125 0.035078125 0.6801388890625 0.08429687500000001 0.6801388890625
1 0 0.12097222187500001 0.026640625 0.12097222187500001 0.026640625 0.045555556250000004 0 0.045555556250000004 0 0.12097222187500001
1 0.10765625000000001 0.16388888906250001 0.10765625000000001 0.0829166671875 0.07578125 0.0829166671875 0.07578125 0.16388888906250001 0.10765625000000001 0.16388888906250001
1 0.090390625 0.014027778125000001 0.090390625 0.09694444375 0.11734375 0.09694444375 0.11734375 0.014027778125000001 0.090390625 0.014027778125000001
1 0.07609375 0.20249999999999999 0.07609375 0.092222221875 0.022109375 0.092222221875 0.022109375 0.20249999999999999 0.07609375 0.20249999999999999
1 0.10390625 0.26694444375000004 0.10390625 0.17902777812499998 0.067734375 0.17902777812499998 0.067734375 0.26694444375000004 0.10390625 0.26694444375000004
1 0.13539062500000001 0.31124999999999997 0.13539062500000001 0.252222221875 0.10625 0.252222221875 0.10625 0.31124999999999997 0.13539062500000001 0.31124999999999997
1 0.16125 0.35041666718750003 0.16125 0.30263888906249997 0.133046875 0.30263888906249997 0.133046875 0.35041666718750003 0.16125 0.35041666718750003
1 0.18046875 0.37694444374999997 0.18046875 0.3398611109375 0.1609375 0.3398611109375 0.1609375 0.37694444374999997 0.18046875 0.37694444374999997
1 0.4878125 0.106527778125 0.4878125 0.046527778125 0.459375 0.046527778125 0.459375 0.106527778125 0.4878125 0.106527778125
0 0.28703124999999996 0.5683333328125 0.28703124999999996 0.48166666718749995 0.25710937500000003 0.48166666718749995 0.25710937500000003 0.5683333328125 0.28703124999999996 0.5683333328125
0 0.30421875 0.43055555625 0.30421875 0.5786111109375 0.34171874999999996 0.5786111109375 0.34171874999999996 0.43055555625 0.30421875 0.43055555625