1 0.3 0.125 0.3 0.06319444375 0.21531250000000002 0.06319444375 0.21531250000000002 0.125 0.3 0.125
1 0.30078125 0.2208333328125 0.30078125 0.15319444375 0.216875 0.15319444375 0.216875 0.2208333328125 0.30078125 0.2208333328125
1 0.212109375 0.22638888906250001 0.212109375 0.17861111093749998 0.160625 0.17861111093749998 0.160625 0.22638888906250001 0.212109375 0.22638888906250001
1 0.12109375 0.0983333328125 0.12109375 0.15597222187499998 0.160625 0.15597222187499998 0.160625 0.0983333328125 0.12109375 0.0983333328125
1 0.12109375 0.032222221875 0.12109375 0.0898611109375 0.16703125000000002 0.0898611109375 0.16703125000000002 0.032222221875 0.12109375 0.032222221875
1 0.15671875 0.27569444375 0.15671875 0.23069444374999998 0.116328125 0.23069444374999998 0.116328125 0.27569444375 0.15671875 0.27569444375
1 0.30078125 0.624722221875 0.30078125 0.5586111109375 0.13218749999999999 0.5586111109375 0.13218749999999999 0.624722221875 0.30078125 0.624722221875
1 0.350703125 0.62055555625 0.350703125 0.372777778125 0.25406249999999997 0.372777778125 0.25406249999999997 0.62055555625 0.350703125 0.62055555625
1 0.30398437500000003 0.99444444375 0.30398437500000003 0.69375 0.022343750000000002 0.69375 0.022343750000000002 0.99444444375 0.30398437500000003 0.99444444375
1 0.816015625 0.42874999999999996 0.816015625 0.36680555625 0.72890625 0.36680555625 0.72890625 0.42874999999999996 0.816015625 0.42874999999999996
1 0.9989062499999999 0.43305555625 0.9989062499999999 0.34722222187499996 0.819921875 0.34722222187499996 0.819921875 0.43305555625 0.9989062499999999 0.43305555625
1 0.992578125 0.6315277781249999 0.992578125 0.5245833328125 0.818359375 0.5245833328125 0.818359375 0.6315277781249999 0.992578125 0.6315277781249999
1 0.8135937500000001 0.57805555625 0.8135937500000001 0.49069444375 0.73046875 0.49069444375 0.73046875 0.57805555625 0.8135937500000001 0.57805555625
1 0.7423437500000001 0.4936111109375 0.7423437500000001 0.45277777812500003 0.65046875 0.45277777812500003 0.65046875 0.4936111109375 0.7423437500000001 0.4936111109375
1 0.652109375 0.48375 0.652109375 0.45416666718750004 0.63390625 0.45416666718750004 0.63390625 0.48375 0.652109375 0.48375
1 0.6346875 0.4823611109375 0.6346875 0.45694444375 0.61171875 0.45694444375 0.61171875 0.4823611109375 0.6346875 0.4823611109375
1 0.735625 0.425 0.735625 0.38388888906249996 0.6498437499999999 0.38388888906249996 0.6498437499999999 0.425 0.735625 0.425
1 0.6564062500000001 0.42305555625 0.6564062500000001 0.39375 0.6333593750000001 0.39375 0.6333593750000001 0.42305555625 0.6564062500000001 0.42305555625
1 0.6388281250000001 0.43180555624999994 0.6388281250000001 0.39375 0.6212500000000001 0.39375 0.6212500000000001 0.43180555624999994 0.6388281250000001 0.43180555624999994
1 0.6674218749999999 0.3429166671875 0.6674218749999999 0.31055555625000003 0.6498437499999999 0.31055555625000003 0.6498437499999999 0.3429166671875 0.6674218749999999 0.3429166671875
1 0.684453125 0.33305555625 0.684453125 0.3066666671875 0.665234375 0.3066666671875 0.665234375 0.33305555625 0.684453125 0.33305555625
1 0.7015625 0.32819444375 0.7015625 0.2979166671875 0.680625 0.2979166671875 0.680625 0.32819444375 0.7015625 0.32819444375
1 0.74109375 0.335 0.74109375 0.2870833328125 0.7009375 0.2870833328125 0.7009375 0.335 0.74109375 0.335
1 0.74 0.2138888890625 0.74 0.174722221875 0.70265625 0.174722221875 0.70265625 0.2138888890625 0.74 0.2138888890625
1 0.748828125 0.23236111093749998 0.748828125 0.1904166671875 0.680078125 0.1904166671875 0.680078125 0.23236111093749998 0.748828125 0.23236111093749998
1 0.721875 0.2461111109375 0.721875 0.2098611109375 0.6625 0.2098611109375 0.6625 0.2461111109375 0.721875 0.2461111109375
1 0.698203125 0.264722221875 0.698203125 0.226527778125 0.643203125 0.226527778125 0.643203125 0.264722221875 0.698203125 0.264722221875
1 0.658671875 0.264722221875 0.658671875 0.23819444375 0.639921875 0.23819444375 0.639921875 0.264722221875 0.658671875 0.264722221875
1 0.630078125 0.271527778125 0.630078125 0.25680555625 0.6190625 0.25680555625 0.6190625 0.271527778125 0.630078125 0.271527778125
1 0.885703125 0.1688888890625 0.885703125 0.0926388890625 0.796640625 0.0926388890625 0.796640625 0.1688888890625 0.885703125 0.1688888890625
1 0.84890625 0.19624999999999998 0.84890625 0.10819444375000001 0.74328125 0.10819444375000001 0.74328125 0.19624999999999998 0.84890625 0.19624999999999998
1 0.746015625 0.0036111109374999998 0.746015625 0.048194443749999996 0.8265625 0.048194443749999996 0.8265625 0.0036111109374999998 0.746015625 0.0036111109374999998
1 0.80015625 0.055277778124999996 0.80015625 0.0223611109375 0.7381249999999999 0.0223611109375 0.7381249999999999 0.055277778124999996 0.80015625 0.055277778124999996
1 0.7790625 0.0904166671875 0.7790625 0.0388888890625 0.71765625 0.0388888890625 0.71765625 0.0904166671875 0.7790625 0.0904166671875
1 0.76390625 0.112777778125 0.76390625 0.055277778124999996 0.6892968749999999 0.055277778124999996 0.6892968749999999 0.112777778125 0.76390625 0.112777778125
1 0.754140625 0.12041666718749999 0.754140625 0.08208333281249999 0.67125 0.08208333281249999 0.67125 0.12041666718749999 0.754140625 0.12041666718749999
1 0.72578125 0.14555555625 0.72578125 0.1073611109375 0.653828125 0.1073611109375 0.653828125 0.14555555625 0.72578125 0.14555555625
1 0.70515625 0.16513888906250002 0.70515625 0.1261111109375 0.6409374999999999 0.1261111109375 0.6409374999999999 0.16513888906250002 0.70515625 0.16513888906250002
1 0.7142968749999999 0.18305555625 0.7142968749999999 0.14069444375 0.624921875 0.14069444375 0.624921875 0.18305555625 0.7142968749999999 0.18305555625
1 0.631328125 0.1904166671875 0.631328125 0.16430555625 0.614375 0.16430555625 0.614375 0.1904166671875 0.631328125 0.1904166671875
1 0.69828125 0.0926388890625 0.69828125 0.05930555625 0.62265625 0.05930555625 0.62265625 0.0926388890625 0.69828125 0.0926388890625
1 0.632734375 0.03569444375 0.632734375 0.0723611109375 0.707890625 0.0723611109375 0.707890625 0.03569444375 0.632734375 0.03569444375
1 0.639609375 0.023472221874999998 0.639609375 0.05194444375 0.714765625 0.05194444375 0.714765625 0.023472221874999998 0.639609375 0.023472221874999998
1 0.65546875 0.004444443750000001 0.65546875 0.030277778124999998 0.72765625 0.030277778124999998 0.72765625 0.004444443750000001 0.65546875 0.004444443750000001
0 0.52828125 0.4579166671875 0.52828125 0.3695833328125 0.514921875 0.3695833328125 0.514921875 0.4579166671875 0.52828125 0.4579166671875
0 0.51796875 0.45375 0.51796875 0.3763888890625 0.502734375 0.3763888890625 0.502734375 0.45375 0.51796875 0.45375
0 0.287578125 0.001527778125 0.287578125 0.53569444375 0.515546875 0.53569444375 0.515546875 0.001527778125 0.287578125 0.001527778125