1 0.9994531249999999 0.26875 0.9994531249999999 0.16924999999999998 0.91171875 0.16924999999999998 0.91171875 0.26875 0.9994531249999999 0.26875
1 0.9121874999999999 0.311 0.9121874999999999 0.24300000000000002 0.848671875 0.24300000000000002 0.848671875 0.311 0.9121874999999999 0.311
1 0.851796875 0.341125 0.851796875 0.28312499999999996 0.8124218750000001 0.28312499999999996 0.8124218750000001 0.341125 0.851796875 0.341125
1 0.81328125 0.362 0.81328125 0.31462500000000004 0.7828125 0.31462500000000004 0.7828125 0.362 0.81328125 0.362
1 0.78640625 0.307 0.78640625 0.260125 0.7542187499999999 0.260125 0.7542187499999999 0.307 0.78640625 0.307
1 0.78515625 0.346375 0.78515625 0.3085 0.71984375 0.3085 0.71984375 0.346375 0.78515625 0.346375
1 0.77796875 0.374625 0.77796875 0.34550000000000003 0.69609375 0.34550000000000003 0.69609375 0.374625 0.77796875 0.374625
1 0.715234375 0.41525 0.715234375 0.39275000000000004 0.657265625 0.39275000000000004 0.657265625 0.41525 0.715234375 0.41525
1 0.877734375 0.397875 0.877734375 0.366125 0.8453125 0.366125 0.8453125 0.397875 0.877734375 0.397875
1 0.831640625 0.417 0.831640625 0.386625 0.8 0.386625 0.8 0.417 0.831640625 0.417
1 0.9996875 0.47625 0.9996875 0.40449999999999997 0.929296875 0.40449999999999997 0.929296875 0.47625 0.9996875 0.47625
1 0.999765625 0.526625 0.999765625 0.46775 0.906015625 0.46775 0.906015625 0.526625 0.999765625 0.526625
1 0.90921875 0.519625 0.90921875 0.5676249999999999 0.9982031250000001 0.5676249999999999 0.9982031250000001 0.519625 0.90921875 0.519625
1 1 0.559125 0.904609375 0.559125 0.904609375 0.631 1 0.631 1 0.559125
1 1 0.607375 0.906875 0.607375 0.906875 0.6761250000000001 1 0.6761250000000001 1 0.607375
1 0.999296875 0.7264999999999999 0.999296875 0.642 0.9060937499999999 0.642 0.9060937499999999 0.7264999999999999 0.999296875 0.7264999999999999
1 0.9985156249999999 0.788625 0.9985156249999999 0.687875 0.900703125 0.687875 0.900703125 0.788625 0.9985156249999999 0.788625
1 0.9996875 0.8324999999999999 0.9996875 0.7415 0.90328125 0.7415 0.90328125 0.8324999999999999 0.9996875 0.8324999999999999
1 1 0.78675 0.930078125 0.78675 0.930078125 0.8786250000000001 1 0.8786250000000001 1 0.78675
1 0.781640625 0.4345 0.781640625 0.40750000000000003 0.764375 0.40750000000000003 0.764375 0.4345 0.781640625 0.4345
1 0 0.8938750000000001 0.058125 0.8938750000000001 0.058125 0.798875 0 0.798875 0 0.8938750000000001
1 0 0.504875 0.0765625 0.504875 0.0765625 0.429625 0 0.429625 0 0.504875
1 0.2509375 0.524625 0.2509375 0.47375 0.173984375 0.47375 0.173984375 0.524625 0.2509375 0.524625
1 0.2365625 0.80625 0.2365625 0.7195 0.158359375 0.7195 0.158359375 0.80625 0.2365625 0.80625
1 0.296484375 0.744375 0.296484375 0.680375 0.2365625 0.680375 0.2365625 0.744375 0.296484375 0.744375
1 0.34781249999999997 0.7 0.34781249999999997 0.65475 0.3146875 0.65475 0.3146875 0.7 0.34781249999999997 0.7
1 0.32023437499999996 0.49725 0.32023437499999996 0.528375 0.35609375 0.528375 0.35609375 0.49725 0.32023437499999996 0.49725
1 0.251328125 0.48250000000000004 0.251328125 0.5237499999999999 0.302734375 0.5237499999999999 0.302734375 0.48250000000000004 0.251328125 0.48250000000000004
1 0.43062500000000004 0.5443749999999999 0.43062500000000004 0.525375 0.37312500000000004 0.525375 0.37312500000000004 0.5443749999999999 0.43062500000000004 0.5443749999999999
1 0.427265625 0.631375 0.427265625 0.6105 0.40359375000000003 0.6105 0.40359375000000003 0.631375 0.427265625 0.631375
1 0.372265625 0.337 0.372265625 0.37725 0.3953125 0.37725 0.3953125 0.337 0.372265625 0.337
1 0.39382812500000003 0.36875 0.39382812500000003 0.401625 0.420390625 0.401625 0.420390625 0.36875 0.39382812500000003 0.36875
1 0.33953125 0.303125 0.33953125 0.355125 0.37289062500000003 0.355125 0.37289062500000003 0.303125 0.33953125 0.303125
1 0.3146875 0.27875 0.3146875 0.32725 0.34195312499999997 0.32725 0.34195312499999997 0.27875 0.3146875 0.27875
1 0.267265625 0.22912499999999997 0.267265625 0.300875 0.32015625000000003 0.300875 0.32015625000000003 0.22912499999999997 0.267265625 0.22912499999999997
1 0.215 0.145875 0.215 0.2435 0.274921875 0.2435 0.274921875 0.145875 0.215 0.145875
1 0.122109375 0.037 0.122109375 0.18262499999999998 0.223046875 0.18262499999999998 0.223046875 0.037 0.122109375 0.037
1 0.036484375 0.000125 0.036484375 0.093875 0.12281249999999999 0.093875 0.12281249999999999 0.000125 0.036484375 0.000125
1 0.22398437499999999 0.015 0.22398437499999999 0.144875 0.28296875 0.144875 0.28296875 0.015 0.22398437499999999 0.015
1 0.75625 0.153 0.75625 0.10387500000000001 0.724140625 0.10387500000000001 0.724140625 0.153 0.75625 0.153
1 0.76453125 0.013500000000000002 0.76453125 0.073625 0.866796875 0.073625 0.866796875 0.013500000000000002 0.76453125 0.013500000000000002
1 0.8209375 0 0.8209375 0.028375 0.8490624999999999 0.028375 0.8490624999999999 0 0.8209375 0
1 0.72375 0.210625 0.72375 0.171875 0.7 0.171875 0.7 0.210625 0.72375 0.210625
1 0.43023437500000006 0.297875 0.43023437500000006 0.2585 0.397578125 0.2585 0.397578125 0.297875 0.43023437500000006 0.297875
1 0.39984375 0.20550000000000002 0.39984375 0.244875 0.42984375 0.244875 0.42984375 0.20550000000000002 0.39984375 0.20550000000000002
1 0.433984375 0.162875 0.433984375 0.11862500000000001 0.407578125 0.11862500000000001 0.407578125 0.162875 0.433984375 0.162875
0 0.537109375 0.58475 0.537109375 0.48 0.49765625 0.48 0.49765625 0.58475 0.537109375 0.58475
0 0.5615625 0.426 0.5615625 0.6105 0.6233593749999999 0.6105 0.6233593749999999 0.426 0.5615625 0.426
1 0.36984374999999997 0.5705 0.36984374999999997 0.588 0.42921875 0.588 0.42921875 0.5705 0.36984374999999997 0.5705
1 0.39671875 0.313625 0.39671875 0.354375 0.42890625 0.354375 0.42890625 0.313625 0.39671875 0.313625
1 0.374765625 0.274875 0.374765625 0.313625 0.397109375 0.313625 0.397109375 0.274875 0.374765625 0.274875
1 0.380546875 0.212625 0.380546875 0.25775000000000003 0.39984375 0.25775000000000003 0.39984375 0.212625 0.380546875 0.212625
1 0.3821875 0.0455 0.3821875 0.1085 0.40812499999999996 0.1085 0.40812499999999996 0.0455 0.3821875 0.0455
1 0.44070312500000003 0.420875 0.44070312500000003 0.44225000000000003 0.45531249999999995 0.44225000000000003 0.45531249999999995 0.420875 0.44070312500000003 0.420875
1 0.442265625 0.384125 0.442265625 0.404 0.4565625 0.404 0.4565625 0.384125 0.442265625 0.384125
1 0.44312500000000005 0.345375 0.44312500000000005 0.36575 0.45992187500000004 0.36575 0.45992187500000004 0.345375 0.44312500000000005 0.345375
1 0.708125 0.007875 0.708125 0.046625 0.72375 0.046625 0.72375 0.007875 0.708125 0.007875
1 0.5 0.336625 0.5 0.349875 0.525390625 0.349875 0.525390625 0.336625 0.5 0.336625
1 0.52546875 0.33975 0.52546875 0.3525 0.55140625 0.3525 0.55140625 0.33975 0.52546875 0.33975
1 0.5565625 0.342125 0.5565625 0.35475 0.58390625 0.35475 0.58390625 0.342125 0.5565625 0.342125
1 0.5880468750000001 0.342375 0.5880468750000001 0.35762499999999997 0.6146874999999999 0.35762499999999997 0.6146874999999999 0.342375 0.5880468750000001 0.342375