1 0.9174218749999999 0.7276388890625001 0.9174218749999999 0.63944444375 0.824921875 0.63944444375 0.824921875 0.7276388890625001 0.9174218749999999 0.7276388890625001
1 0.845390625 0.28291666718749997 0.845390625 0.239027778125 0.8028124999999999 0.239027778125 0.8028124999999999 0.28291666718749997 0.845390625 0.28291666718749997
1 0.811484375 0.2883333328125 0.811484375 0.24013888906249997 0.7720312500000001 0.24013888906249997 0.7720312500000001 0.2883333328125 0.811484375 0.2883333328125
1 0.715703125 0.5872222218750001 0.715703125 0.5670833328125 0.676171875 0.5670833328125 0.676171875 0.5872222218750001 0.715703125 0.5872222218750001
1 0.68234375 0.5872222218750001 0.68234375 0.5716666671875 0.65453125 0.5716666671875 0.65453125 0.5872222218750001 0.68234375 0.5872222218750001
1 0.62375 0.6347222218749999 0.62375 0.5954166671875 0.566640625 0.5954166671875 0.566640625 0.6347222218749999 0.62375 0.6347222218749999
1 0.56875 0.6666666671875 0.56875 0.5962500000000001 0.461328125 0.5962500000000001 0.461328125 0.6666666671875 0.56875 0.6666666671875
1 0.43984375 0.8598611109375 0.43984375 0.6931944437500001 0.214921875 0.6931944437500001 0.214921875 0.8598611109375 0.43984375 0.8598611109375
1 0.251171875 0.9205555562500001 0.251171875 0.7291666671875 0.055078125 0.7291666671875 0.055078125 0.9205555562500001 0.251171875 0.9205555562500001
1 0.080625 0.9148611109375 0.080625 0.7613888890625 0.006015625 0.7613888890625 0.006015625 0.9148611109375 0.080625 0.9148611109375
1 0.134375 0.21930555625 0.134375 0.1688888890625 0.05546875 0.1688888890625 0.05546875 0.21930555625 0.134375 0.21930555625
1 0.447734375 0.38055555625 0.447734375 0.41125 0.47734375 0.41125 0.47734375 0.38055555625 0.447734375 0.38055555625
1 0.447734375 0.36625 0.447734375 0.3958333328125 0.47976562500000003 0.3958333328125 0.47976562500000003 0.36625 0.447734375 0.36625
1 0.45203125 0.34875 0.45203125 0.3761111109375 0.47421875 0.3761111109375 0.47421875 0.34875 0.45203125 0.34875
1 0.45015625000000004 0.32569444375 0.45015625000000004 0.3586111109375 0.48101562500000006 0.3586111109375 0.48101562500000006 0.32569444375 0.45015625000000004 0.32569444375
1 0.447734375 0.30375 0.447734375 0.332222221875 0.47976562500000003 0.332222221875 0.47976562500000003 0.30375 0.447734375 0.30375
1 0.45015625000000004 0.27194444375 0.45015625000000004 0.30930555625 0.48039062499999996 0.30930555625 0.48039062499999996 0.27194444375 0.45015625000000004 0.27194444375
1 0.45632812500000003 0.2576388890625 0.45632812500000003 0.28180555625000003 0.477890625 0.28180555625000003 0.477890625 0.2576388890625 0.45632812500000003 0.2576388890625
1 0.4846875 0.28291666718749997 0.4846875 0.29930555625 0.495234375 0.29930555625 0.495234375 0.28291666718749997 0.4846875 0.28291666718749997
1 0.45695312499999996 0.2029166671875 0.45695312499999996 0.22152777812500002 0.48039062499999996 0.22152777812500002 0.48039062499999996 0.2029166671875 0.45695312499999996 0.2029166671875
1 0.446484375 0.15680555625 0.446484375 0.19305555624999998 0.494609375 0.19305555624999998 0.494609375 0.15680555625 0.446484375 0.15680555625
1 0.418125 0.0954166671875 0.418125 0.1436111109375 0.458828125 0.1436111109375 0.458828125 0.0954166671875 0.418125 0.0954166671875
1 0.45757812500000006 0.16125 0.45757812500000006 0.11180555625 0.41624999999999995 0.11180555625 0.41624999999999995 0.16125 0.45757812500000006 0.16125
1 0.419296875 0.13055555624999998 0.419296875 0.17541666718749999 0.45632812500000003 0.17541666718749999 0.45632812500000003 0.13055555624999998 0.419296875 0.13055555624999998
1 0.45632812500000003 0.19624999999999998 0.45632812500000003 0.15569444375 0.41875 0.15569444375 0.41875 0.19624999999999998 0.45632812500000003 0.19624999999999998
1 0.42179687499999996 0.176527778125 0.42179687499999996 0.21819444375 0.45695312499999996 0.21819444375 0.45695312499999996 0.176527778125 0.42179687499999996 0.176527778125
1 0.454453125 0.2336111109375 0.454453125 0.19083333281249998 0.413203125 0.19083333281249998 0.413203125 0.2336111109375 0.454453125 0.2336111109375
1 0.41500000000000004 0.21277777812499998 0.41500000000000004 0.25666666718750003 0.454453125 0.25666666718750003 0.454453125 0.21277777812499998 0.41500000000000004 0.21277777812499998
1 0.44890625 0.27305555625 0.44890625 0.24013888906249997 0.415625 0.24013888906249997 0.415625 0.27305555625 0.44890625 0.27305555625
1 0.41500000000000004 0.2533333328125 0.41500000000000004 0.29500000000000004 0.45265625 0.29500000000000004 0.45265625 0.2533333328125 0.41500000000000004 0.2533333328125
1 0.45265625 0.323472221875 0.45265625 0.27638888906250003 0.413203125 0.27638888906250003 0.413203125 0.323472221875 0.45265625 0.323472221875
1 0.415625 0.29722222187499997 0.415625 0.33555555625 0.45265625 0.33555555625 0.45265625 0.29722222187499997 0.415625 0.29722222187499997
1 0.45390625 0.3673611109375 0.45390625 0.32125 0.41007812499999996 0.32125 0.41007812499999996 0.3673611109375 0.45390625 0.3673611109375
1 0.41070312500000006 0.34541666718749997 0.41070312500000006 0.37944444375 0.45078125 0.37944444375 0.45078125 0.34541666718749997 0.41070312500000006 0.34541666718749997
1 0.45757812500000006 0.40458333281250003 0.45757812500000006 0.36625 0.41070312500000006 0.36625 0.41070312500000006 0.40458333281250003 0.45757812500000006 0.40458333281250003
1 0.41624999999999995 0.3936111109375 0.41624999999999995 0.41777777812499994 0.44953125 0.41777777812499994 0.44953125 0.3936111109375 0.41624999999999995 0.3936111109375
1 0.270078125 0.33888888906250003 0.270078125 0.3826388890625 0.40578125 0.3826388890625 0.40578125 0.33888888906250003 0.270078125 0.33888888906250003
1 0.275 0.3113888890625 0.275 0.364027778125 0.408828125 0.364027778125 0.408828125 0.3113888890625 0.275 0.3113888890625
1 0.282421875 0.28291666718749997 0.282421875 0.332222221875 0.414375 0.332222221875 0.414375 0.28291666718749997 0.282421875 0.28291666718749997
1 0.28859375 0.2533333328125 0.28859375 0.3048611109375 0.41070312500000006 0.3048611109375 0.41070312500000006 0.2533333328125 0.28859375 0.2533333328125
1 0.28671875 0.2336111109375 0.28671875 0.28625 0.41500000000000004 0.28625 0.41500000000000004 0.2336111109375 0.28671875 0.2336111109375
1 0.28921874999999997 0.215 0.28921874999999997 0.266527778125 0.41375 0.266527778125 0.41375 0.215 0.28921874999999997 0.215
1 0.28609375 0.19194444375 0.28609375 0.24013888906249997 0.419921875 0.24013888906249997 0.419921875 0.19194444375 0.28609375 0.19194444375
1 0.29289062499999996 0.16999999999999998 0.29289062499999996 0.22152777812500002 0.41500000000000004 0.22152777812500002 0.41500000000000004 0.16999999999999998 0.29289062499999996 0.16999999999999998
1 0.291015625 0.13930555625000002 0.291015625 0.1941666671875 0.411953125 0.1941666671875 0.411953125 0.13930555625000002 0.291015625 0.13930555625000002
1 0.3003125 0.11736111093749999 0.3003125 0.1666666671875 0.411953125 0.1666666671875 0.411953125 0.11736111093749999 0.3003125 0.11736111093749999
1 0.303359375 0.0920833328125 0.303359375 0.1525 0.41375 0.1525 0.41375 0.0920833328125 0.303359375 0.0920833328125
1 0.30460937499999996 0.0811111109375 0.30460937499999996 0.13055555624999998 0.419921875 0.13055555624999998 0.419921875 0.0811111109375 0.30460937499999996 0.0811111109375
1 0.2978125 0.058194443750000005 0.2978125 0.1108333328125 0.41375 0.1108333328125 0.41375 0.058194443750000005 0.2978125 0.058194443750000005
1 0.2971875 0.04055555625 0.2971875 0.09097222187500001 0.4175 0.09097222187500001 0.4175 0.04055555625 0.2971875 0.04055555625
1 0.28859375 0.016527778125 0.28859375 0.0723611109375 0.423046875 0.0723611109375 0.423046875 0.016527778125 0.28859375 0.016527778125
1 0.30890625 0.0033333328125 0.30890625 0.042777778125 0.419921875 0.042777778125 0.419921875 0.0033333328125 0.30890625 0.0033333328125
1 0.305234375 0.043888889062500006 0.305234375 0.007638889062499999 0.244140625 0.007638889062499999 0.244140625 0.043888889062500006 0.305234375 0.043888889062500006
1 0.30648437500000003 0.05930555625 0.30648437500000003 0.02194444375 0.24234375 0.02194444375 0.24234375 0.05930555625 0.30648437500000003 0.05930555625
1 0.30953125 0.0779166671875 0.30953125 0.038472221875000004 0.24476562500000001 0.038472221875000004 0.24476562500000001 0.0779166671875 0.30953125 0.0779166671875
1 0.31203125 0.1041666671875 0.31203125 0.051527778125 0.24109375000000002 0.051527778125 0.24109375000000002 0.1041666671875 0.31203125 0.1041666671875
1 0.30828125 0.1129166671875 0.30828125 0.073472221875 0.23796875 0.073472221875 0.23796875 0.1129166671875 0.30828125 0.1129166671875
1 0.2996875 0.1404166671875 0.2996875 0.0954166671875 0.23859375 0.0954166671875 0.23859375 0.1404166671875 0.2996875 0.1404166671875
1 0.296015625 0.1491666671875 0.296015625 0.11736111093749999 0.230625 0.11736111093749999 0.230625 0.1491666671875 0.296015625 0.1491666671875
1 0.29476562500000003 0.16999999999999998 0.29476562500000003 0.13055555624999998 0.23742187499999998 0.13055555624999998 0.23742187499999998 0.16999999999999998 0.29476562500000003 0.16999999999999998
1 0.29226562500000003 0.19194444375 0.29226562500000003 0.14805555625 0.23742187499999998 0.14805555625 0.23742187499999998 0.19194444375 0.29226562500000003 0.19194444375
1 0.28859375 0.20833333281250002 0.28859375 0.17875000000000002 0.23179687499999999 0.17875000000000002 0.23179687499999999 0.20833333281250002 0.28859375 0.20833333281250002
1 0.28734375 0.2226388890625 0.28734375 0.189722221875 0.223203125 0.189722221875 0.223203125 0.2226388890625 0.28734375 0.2226388890625
1 0.28859375 0.2445833328125 0.28859375 0.21055555625000003 0.230625 0.21055555625000003 0.230625 0.2445833328125 0.28859375 0.2445833328125
1 0.2978125 0.26319444375 0.2978125 0.2313888890625 0.223203125 0.2313888890625 0.223203125 0.26319444375 0.2978125 0.26319444375
1 0.28734375 0.28625 0.28734375 0.25555555625 0.224453125 0.25555555625 0.224453125 0.28625 0.28734375 0.28625
1 0.28734375 0.305972221875 0.28734375 0.27194444375 0.226875 0.27194444375 0.226875 0.305972221875 0.28734375 0.305972221875
1 0.28921874999999997 0.32458333281249996 0.28921874999999997 0.29722222187499997 0.23125 0.29722222187499997 0.23125 0.32458333281249996 0.28921874999999997 0.32458333281249996
1 0.275 0.33888888906250003 0.275 0.3136111109375 0.234296875 0.3136111109375 0.234296875 0.33888888906250003 0.275 0.33888888906250003
1 0.279921875 0.3673611109375 0.279921875 0.3498611109375 0.23796875 0.3498611109375 0.23796875 0.3673611109375 0.279921875 0.3673611109375
1 0.27375 0.38819444375 0.27375 0.3673611109375 0.23367187500000003 0.3673611109375 0.23367187500000003 0.38819444375 0.27375 0.38819444375
1 0.270078125 0.40680555625 0.270078125 0.38055555625 0.23304687500000001 0.38055555625 0.23304687500000001 0.40680555625 0.270078125 0.40680555625
1 0.26265625 0.42222222187499997 0.26265625 0.40458333281250003 0.228125 0.40458333281250003 0.228125 0.42222222187499997 0.26265625 0.42222222187499997
0 0.7405468749999999 0.230277778125 0.7405468749999999 0.6538888890625 0.878203125 0.6538888890625 0.878203125 0.230277778125 0.7405468749999999 0.230277778125