1 0.6520312500000001 0.6879166671875 0.6520312500000001 0.329027778125 0.4659375 0.329027778125 0.4659375 0.6879166671875 0.6520312500000001 0.6879166671875
1 0.52296875 0.6541666671875 0.52296875 0.5654166671875 0.33132812500000003 0.5654166671875 0.33132812500000003 0.6541666671875 0.52296875 0.6541666671875
1 0.27749999999999997 0.61055555625 0.27749999999999997 0.5316666671875 0.19359375 0.5316666671875 0.19359375 0.61055555625 0.27749999999999997 0.61055555625
1 0.203046875 0.592222221875 0.203046875 0.53444444375 0.153984375 0.53444444375 0.153984375 0.592222221875 0.203046875 0.592222221875
1 0.37492187499999996 0.3233333328125 0.37492187499999996 0.229027778125 0.188046875 0.229027778125 0.188046875 0.3233333328125 0.37492187499999996 0.3233333328125
1 0.19914062500000002 0.329027778125 0.19914062500000002 0.2388888890625 0.139765625 0.2388888890625 0.139765625 0.329027778125 0.19914062500000002 0.329027778125
1 0.45648437499999994 0.21777777812500002 0.45648437499999994 0.16 0.35828125 0.16 0.35828125 0.21777777812500002 0.45648437499999994 0.21777777812500002
1 0.5459375 0.16569444375 0.5459375 0.10513888906249999 0.47859375000000004 0.10513888906249999 0.47859375000000004 0.16569444375 0.5459375 0.16569444375
1 0.49289062499999997 0.1741666671875 0.49289062499999997 0.12625 0.42796874999999995 0.12625 0.42796874999999995 0.1741666671875 0.49289062499999997 0.1741666671875
1 0.6583593750000001 0.172777778125 0.6583593750000001 0.08680555625 0.5325 0.08680555625 0.5325 0.172777778125 0.6583593750000001 0.172777778125
1 0.6615624999999999 0.083472221875 0.6615624999999999 0.0341666671875 0.5546875 0.0341666671875 0.5546875 0.083472221875 0.6615624999999999 0.083472221875
1 0.5459375 0.0045833328125 0.5459375 0.042638889062500004 0.6544531250000001 0.042638889062500004 0.6544531250000001 0.0045833328125 0.5459375 0.0045833328125
1 0.538828125 0.0876388890625 0.538828125 0.042638889062500004 0.481796875 0.042638889062500004 0.481796875 0.0876388890625 0.538828125 0.0876388890625
1 0.47945312500000004 0.10458333281250001 0.47945312500000004 0.06375 0.44703125000000005 0.06375 0.44703125000000005 0.10458333281250001 0.47945312500000004 0.10458333281250001
1 0.443828125 0.1129166671875 0.443828125 0.0018055562500000001 0.32820312500000004 0.0018055562500000001 0.32820312500000004 0.1129166671875 0.443828125 0.1129166671875
1 0.36148437499999997 0.089027778125 0.36148437499999997 0.005972221875 0.233984375 0.005972221875 0.233984375 0.089027778125 0.36148437499999997 0.089027778125
1 0.8888281250000001 0.52125 0.8888281250000001 0.367777778125 0.84921875 0.367777778125 0.84921875 0.52125 0.8888281250000001 0.52125
0 0.909375 0.3508333328125 0.909375 0.4495833328125 0.9258593749999999 0.4495833328125 0.9258593749999999 0.3508333328125 0.909375 0.3508333328125
0 0.912109375 0.45555555625000005 0.912109375 0.3508333328125 0.887890625 0.3508333328125 0.887890625 0.45555555625000005 0.912109375 0.45555555625000005
1 0.13640625 0.9926388890625001 0.13640625 0.7348611109375 0.00640625 0.7348611109375 0.00640625 0.9926388890625001 0.13640625 0.9926388890625001
0 0.61640625 0.00041666718749999997 0.61640625 0.5381944437499999 0.8989062499999999 0.5381944437499999 0.8989062499999999 0.00041666718749999997 0.61640625 0.00041666718749999997