0 0.8500781249999999 0.752777778125 0.8500781249999999 0.340972221875 0.76109375 0.340972221875 0.76109375 0.752777778125 0.8500781249999999 0.752777778125
1 1 0.27958333281250003 0.88640625 0.27958333281250003 0.88640625 0.36124999999999996 1 0.36124999999999996 1 0.27958333281250003
1 0.9994531249999999 0.3986111109375 0.9994531249999999 0.3225 0.8927343750000001 0.3225 0.8927343750000001 0.3986111109375 0.9994531249999999 0.3986111109375
1 1 0.368472221875 0.8927343750000001 0.368472221875 0.8927343750000001 0.43819444374999994 1 0.43819444374999994 1 0.368472221875
1 1 0.41347222187500005 0.8875781249999999 0.41347222187500005 0.8875781249999999 0.473472221875 1 0.473472221875 1 0.41347222187500005
1 0.9995312500000001 0.5225 0.9995312500000001 0.45944444375 0.8853125000000001 0.45944444375 0.8853125000000001 0.5225 0.9995312500000001 0.5225
1 0.998984375 0.5595833328125 0.998984375 0.503472221875 0.88640625 0.503472221875 0.88640625 0.5595833328125 0.998984375 0.5595833328125
1 0.88640625 0.556527778125 0.88640625 0.60875 0.9990625 0.60875 0.9990625 0.556527778125 0.88640625 0.556527778125
1 0.999609375 0.65444444375 0.999609375 0.601527778125 0.889296875 0.601527778125 0.889296875 0.65444444375 0.999609375 0.65444444375
1 0.999609375 0.7091666671875 0.999609375 0.6423611109375 0.8881249999999999 0.6423611109375 0.8881249999999999 0.7091666671875 0.999609375 0.7091666671875
1 1 0.682222221875 0.88703125 0.682222221875 0.88703125 0.7498611109375 1 0.7498611109375 1 0.682222221875
1 0.9995312500000001 0.2773611109375 0.9995312500000001 0.175972221875 0.8833593750000001 0.175972221875 0.8833593750000001 0.2773611109375 0.9995312500000001 0.2773611109375
1 1 0.10916666718750001 0.8735937500000001 0.10916666718750001 0.8735937500000001 0.20972222187499998 1 0.20972222187499998 1 0.10916666718750001
1 0.9994531249999999 0.17694444375 0.9994531249999999 0.08430555625 0.873046875 0.08430555625 0.873046875 0.17694444375 0.9994531249999999 0.17694444375
1 0.8667187500000001 0.5223611109374999 0.8667187500000001 0.5601388890625 0.8868750000000001 0.5601388890625 0.8868750000000001 0.5223611109374999 0.8667187500000001 0.5223611109374999
1 1 0.2311111109375 0.8867968749999999 0.2311111109375 0.8867968749999999 0.33138888906249997 1 0.33138888906249997 1 0.2311111109375
1 0.273828125 0.4408333328125 0.273828125 0.3773611109375 0.10390625 0.3773611109375 0.10390625 0.4408333328125 0.273828125 0.4408333328125
1 0.260078125 0.1433333328125 0.260078125 0.06930555625 0.115234375 0.06930555625 0.115234375 0.1433333328125 0.260078125 0.1433333328125
1 0.11195312500000001 0.649027778125 0.11195312500000001 0.61444444375 0.080234375 0.61444444375 0.080234375 0.649027778125 0.11195312500000001 0.649027778125
1 0.31875 0.190277778125 0.31875 0.12569444375 0.259140625 0.12569444375 0.259140625 0.190277778125 0.31875 0.190277778125
1 0.266953125 0.03375 0.266953125 0.1004166671875 0.3153125 0.1004166671875 0.3153125 0.03375 0.266953125 0.03375
0 0.463359375 0.124722221875 0.463359375 0.7713888890625 0.66296875 0.7713888890625 0.66296875 0.124722221875 0.463359375 0.124722221875
1 0.8885156249999999 0.3813888890625 0.8885156249999999 0.3323611109375 0.86265625 0.3323611109375 0.86265625 0.3813888890625 0.8885156249999999 0.3813888890625
1 0.885078125 0.52444444375 0.885078125 0.48250000000000004 0.8672656249999999 0.48250000000000004 0.8672656249999999 0.52444444375 0.885078125 0.52444444375
1 0.8867968749999999 0.486527778125 0.8867968749999999 0.44055555625 0.8667187500000001 0.44055555625 0.8667187500000001 0.486527778125 0.8867968749999999 0.486527778125
1 0.89140625 0.44680555625 0.89140625 0.40277777812500004 0.865546875 0.40277777812500004 0.865546875 0.44680555625 0.89140625 0.44680555625
1 0.8931250000000001 0.41819444375000003 0.8931250000000001 0.3588888890625 0.86328125 0.3588888890625 0.86328125 0.41819444375000003 0.8931250000000001 0.41819444375000003
1 0.885078125 0.3241666671875 0.885078125 0.2545833328125 0.8592187499999999 0.2545833328125 0.8592187499999999 0.3241666671875 0.885078125 0.3241666671875
1 0.8839062500000001 0.28319444374999997 0.8839062500000001 0.22291666718749997 0.858046875 0.22291666718749997 0.858046875 0.28319444374999997 0.8839062500000001 0.28319444374999997
1 0.8821875 0.2413888890625 0.8821875 0.1861111109375 0.8569531250000001 0.1861111109375 0.8569531250000001 0.2413888890625 0.8821875 0.2413888890625
1 0.8741406250000001 0.21888888906249998 0.8741406250000001 0.1483333328125 0.855234375 0.1483333328125 0.855234375 0.21888888906249998 0.8741406250000001 0.21888888906249998
1 0.8862500000000001 0.35375 0.8862500000000001 0.282222221875 0.862109375 0.282222221875 0.862109375 0.35375 0.8862500000000001 0.35375
1 0.732890625 0.6845833328125 0.732890625 0.7398611109375001 0.861640625 0.7398611109375001 0.861640625 0.6845833328125 0.732890625 0.6845833328125