1 0.42890625 0.689027778125 0.42890625 0.6201388890625 0.309140625 0.6201388890625 0.309140625 0.689027778125 0.42890625 0.689027778125
1 0.55203125 0.68305555625 0.55203125 0.622222221875 0.43 0.622222221875 0.43 0.68305555625 0.55203125 0.68305555625
1 0.638671875 0.6526388890625 0.638671875 0.605972221875 0.550859375 0.605972221875 0.550859375 0.6526388890625 0.638671875 0.6526388890625
1 0.041249999999999995 0.6951388890625 0.041249999999999995 0.6465277781250001 0.004765625 0.6465277781250001 0.004765625 0.6951388890625 0.041249999999999995 0.6951388890625
1 0.5584374999999999 0.2748611109375 0.5584374999999999 0.2454166671875 0.47726562499999997 0.2454166671875 0.47726562499999997 0.2748611109375 0.5584374999999999 0.2748611109375
1 0.47664062500000004 0.26069444375 0.47664062500000004 0.2876388890625 0.5590625 0.2876388890625 0.5590625 0.26069444375 0.47664062500000004 0.26069444375
1 0.5590625 0.30180555625 0.5590625 0.2748611109375 0.474609375 0.2748611109375 0.474609375 0.30180555625 0.5590625 0.30180555625
1 0.47859375000000004 0.29125 0.47859375000000004 0.3158333328125 0.5603906249999999 0.3158333328125 0.5603906249999999 0.29125 0.47859375000000004 0.29125
1 0.559765625 0.33347222187500003 0.559765625 0.306527778125 0.474609375 0.306527778125 0.474609375 0.33347222187500003 0.559765625 0.33347222187500003
1 0.473984375 0.3158333328125 0.473984375 0.34875 0.557734375 0.34875 0.557734375 0.3158333328125 0.473984375 0.3158333328125
1 0.5584374999999999 0.3616666671875 0.5584374999999999 0.3498611109375 0.529375 0.3498611109375 0.529375 0.3616666671875 0.5584374999999999 0.3616666671875
1 0.557109375 0.37444444374999997 0.557109375 0.362777778125 0.5452343749999999 0.362777778125 0.5452343749999999 0.37444444374999997 0.557109375 0.37444444374999997
1 0.5471874999999999 0.36625 0.5471874999999999 0.3920833328125 0.55578125 0.3920833328125 0.55578125 0.36625 0.5471874999999999 0.36625
1 0.553828125 0.41208333281250004 0.553828125 0.3920833328125 0.5471874999999999 0.3920833328125 0.5471874999999999 0.41208333281250004 0.553828125 0.41208333281250004
1 0.639609375 0.34750000000000003 0.639609375 0.3263888890625 0.5584374999999999 0.3263888890625 0.5584374999999999 0.34750000000000003 0.639609375 0.34750000000000003
1 0.6409374999999999 0.3675 0.6409374999999999 0.34402777812499996 0.557109375 0.34402777812499996 0.557109375 0.3675 0.6409374999999999 0.3675
1 0.640234375 0.3791666671875 0.640234375 0.3675 0.557109375 0.3675 0.557109375 0.3791666671875 0.640234375 0.3791666671875
1 0.640234375 0.39791666718749996 0.640234375 0.37805555625 0.56171875 0.37805555625 0.56171875 0.39791666718749996 0.640234375 0.39791666718749996
1 0.639609375 0.41319444375 0.639609375 0.3920833328125 0.5590625 0.3920833328125 0.5590625 0.41319444375 0.639609375 0.41319444375
1 0.639609375 0.4295833328125 0.639609375 0.41319444375 0.56171875 0.41319444375 0.56171875 0.4295833328125 0.639609375 0.4295833328125
1 0.640234375 0.45069444374999995 0.640234375 0.4295833328125 0.56171875 0.4295833328125 0.56171875 0.45069444374999995 0.640234375 0.45069444374999995
1 0.63890625 0.4636111109375 0.63890625 0.45069444374999995 0.5630468750000001 0.45069444374999995 0.5630468750000001 0.4636111109375 0.63890625 0.4636111109375
1 0.635 0.48708333281250005 0.635 0.4636111109375 0.564375 0.4636111109375 0.564375 0.48708333281250005 0.635 0.48708333281250005
1 0.635625 0.5036111109375 0.635625 0.48708333281250005 0.56765625 0.48708333281250005 0.56765625 0.5036111109375 0.635625 0.5036111109375
1 0.44476562499999994 0.16833333281250001 0.44476562499999994 0.214722221875 0.470078125 0.214722221875 0.470078125 0.16833333281250001 0.44476562499999994 0.16833333281250001
1 0.48820312499999996 0.14694444375 0.48820312499999996 0.1079166671875 0.4653125 0.1079166671875 0.4653125 0.14694444375 0.48820312499999996 0.14694444375
1 0.5033593749999999 0.172222221875 0.5033593749999999 0.13805555625000002 0.48367187500000003 0.13805555625000002 0.48367187500000003 0.172222221875 0.5033593749999999 0.172222221875
1 0.5125 0.207222221875 0.5125 0.16569444375 0.500625 0.16569444375 0.500625 0.207222221875 0.5125 0.207222221875
1 0.52671875 0.22194444375 0.52671875 0.195 0.5115624999999999 0.195 0.5115624999999999 0.22194444375 0.52671875 0.22194444375
1 0.8754687499999999 0.643472221875 0.8754687499999999 0.5945833328125001 0.800390625 0.5945833328125001 0.800390625 0.643472221875 0.8754687499999999 0.643472221875
1 0.890390625 0.5795833328125 0.890390625 0.55805555625 0.8585156250000001 0.55805555625 0.8585156250000001 0.5795833328125 0.890390625 0.5795833328125
1 0.8920312499999999 0.60305555625 0.8920312499999999 0.5766666671875 0.8568749999999999 0.5766666671875 0.8568749999999999 0.60305555625 0.8920312499999999 0.60305555625
1 0.8887499999999999 0.63430555625 0.8887499999999999 0.6079166671875 0.873359375 0.6079166671875 0.873359375 0.63430555625 0.8887499999999999 0.63430555625
1 0.9327343750000001 0.5708333328124999 0.9327343750000001 0.5454166671875 0.8882031250000001 0.5454166671875 0.8882031250000001 0.5708333328124999 0.9327343750000001 0.5708333328124999
1 0.9327343750000001 0.5912499999999999 0.9327343750000001 0.5658333328125 0.8887499999999999 0.5658333328125 0.8887499999999999 0.5912499999999999 0.9327343750000001 0.5912499999999999
1 0.931640625 0.617777778125 0.931640625 0.5883333328125 0.889296875 0.5883333328125 0.889296875 0.617777778125 0.931640625 0.617777778125
1 0.9310937499999999 0.6420833328125 0.9310937499999999 0.617777778125 0.8909375 0.617777778125 0.8909375 0.6420833328125 0.9310937499999999 0.6420833328125
1 0.96171875 0.1241666671875 0.96171875 0.18180555625 0.9996875 0.18180555625 0.9996875 0.1241666671875 0.96171875 0.1241666671875
1 0.96171875 0.15055555625 0.96171875 0.20138888906250002 0.9985937500000001 0.20138888906250002 0.9985937500000001 0.15055555625 0.96171875 0.15055555625
1 0.997421875 0.22000000000000003 0.997421875 0.174027778125 0.969453125 0.174027778125 0.969453125 0.22000000000000003 0.997421875 0.22000000000000003
1 0.9985937500000001 0.24152777812499998 0.9985937500000001 0.19944444374999998 0.9727343749999999 0.19944444374999998 0.9727343749999999 0.24152777812499998 0.9985937500000001 0.24152777812499998
1 0.9727343749999999 0.22000000000000003 0.9727343749999999 0.265 0.9985937500000001 0.265 0.9985937500000001 0.22000000000000003 0.9727343749999999 0.22000000000000003
0 0.7165625 0.5976388890625 0.7165625 0.425 0.64375 0.425 0.64375 0.5976388890625 0.7165625 0.5976388890625
0 0.8796875 0.5908333328125 0.8796875 0.4473611109375 0.82640625 0.4473611109375 0.82640625 0.5908333328125 0.8796875 0.5908333328125