1 1 0.0916666671875 0.820078125 0.0916666671875 0.820078125 0.21000000000000002 1 0.21000000000000002 1 0.0916666671875
1 0.8203125 0.13194444375 0.8203125 0.2538888890625 0.9996875 0.2538888890625 0.9996875 0.13194444375 0.8203125 0.13194444375
1 0.9996875 0.3020833328125 0.9996875 0.1891666671875 0.8265625 0.1891666671875 0.8265625 0.3020833328125 0.9996875 0.3020833328125
1 0.9996875 0.3358333328125 0.9996875 0.240277778125 0.830390625 0.240277778125 0.830390625 0.3358333328125 0.9996875 0.3358333328125
1 1 0.2913888890625 0.8299218749999999 0.2913888890625 0.8299218749999999 0.38333333281250004 1 0.38333333281250004 1 0.2913888890625
1 0.9985156249999999 0.5197222218750001 0.9985156249999999 0.4473611109375 0.8227343749999999 0.4473611109375 0.8227343749999999 0.5197222218750001 0.9985156249999999 0.5197222218750001
1 0.998984375 0.6213888890625 0.998984375 0.557222221875 0.8236718749999999 0.557222221875 0.8236718749999999 0.6213888890625 0.998984375 0.6213888890625
1 1 0.6075 0.8246874999999999 0.6075 0.8246874999999999 0.6788888890625 1 0.6788888890625 1 0.6075
1 0.999375 0.73055555625 0.999375 0.6551388890625 0.828515625 0.6551388890625 0.828515625 0.73055555625 0.999375 0.73055555625
1 0.9999218750000001 0.7870833328125 0.9999218750000001 0.6900000000000001 0.8260937500000001 0.6900000000000001 0.8260937500000001 0.7870833328125 0.9999218750000001 0.7870833328125
1 1 0.013472221875 0.813515625 0.013472221875 0.813515625 0.11000000000000001 1 0.11000000000000001 1 0.013472221875
1 1 0.34347222187500004 0.82484375 0.34347222187500004 0.82484375 0.4291666671875 1 0.4291666671875 1 0.34347222187500004
1 1 0.39708333281249997 0.8221875000000001 0.39708333281249997 0.8221875000000001 0.4723611109375 1 0.4723611109375 1 0.39708333281249997
1 0.9994531249999999 0.57069444375 0.9994531249999999 0.50180555625 0.8228125000000001 0.50180555625 0.8228125000000001 0.57069444375 0.9994531249999999 0.57069444375
1 1 0.0573611109375 0.8182812500000001 0.0573611109375 0.8182812500000001 0.14236111093749998 1 0.14236111093749998 1 0.0573611109375
1 0.82328125 0.26527777812500003 0.82328125 0.192222221875 0.78984375 0.192222221875 0.78984375 0.26527777812500003 0.82328125 0.26527777812500003
1 0.8214062500000001 0.21888888906249998 0.8214062500000001 0.147222221875 0.78984375 0.147222221875 0.78984375 0.21888888906249998 0.8214062500000001 0.21888888906249998
1 0.8266406249999999 0.33430555625 0.8266406249999999 0.2616666671875 0.792734375 0.2616666671875 0.792734375 0.33430555625 0.8266406249999999 0.33430555625
1 0.818984375 0.19 0.818984375 0.10944444375 0.787578125 0.10944444375 0.787578125 0.19 0.818984375 0.19
1 0.8358593750000001 0.372222221875 0.8358593750000001 0.30361111093750004 0.7952343749999999 0.30361111093750004 0.7952343749999999 0.372222221875 0.8358593750000001 0.372222221875
1 0.83109375 0.4375 0.83109375 0.3945833328125 0.7959375 0.3945833328125 0.7959375 0.4375 0.83109375 0.4375
1 0.82390625 0.5208333328125 0.82390625 0.47888888906249993 0.796875 0.47888888906249993 0.796875 0.5208333328125 0.82390625 0.5208333328125
1 0.824453125 0.30263888906249997 0.824453125 0.23722222187500003 0.791015625 0.23722222187500003 0.791015625 0.30263888906249997 0.824453125 0.30263888906249997
1 0.822265625 0.4861111109375 0.822265625 0.4329166671875 0.7954687500000001 0.4329166671875 0.7954687500000001 0.4861111109375 0.822265625 0.4861111109375
1 0.8289843749999999 0.410972221875 0.8289843749999999 0.352777778125 0.7940625 0.352777778125 0.7940625 0.410972221875 0.8289843749999999 0.410972221875
1 0.8243750000000001 0.564027778125 0.8243750000000001 0.5197222218750001 0.799765625 0.5197222218750001 0.799765625 0.564027778125 0.8243750000000001 0.564027778125
0 0.781015625 0.79055555625 0.781015625 0.3148611109375 0.6740625 0.3148611109375 0.6740625 0.79055555625 0.781015625 0.79055555625
1 0.21671875 0.074722221875 0.21671875 0.0029166671875000003 0.162265625 0.0029166671875000003 0.162265625 0.074722221875 0.21671875 0.074722221875
1 0.151796875 0.1075 0.151796875 0.0351388890625 0.09406250000000001 0.0351388890625 0.09406250000000001 0.1075 0.151796875 0.1075
1 0.001171875 0.3516666671875 0.001171875 0.42374999999999996 0.15335937500000002 0.42374999999999996 0.15335937500000002 0.3516666671875 0.001171875 0.3516666671875
0 0.564921875 0.8079166671875001 0.564921875 0.07055555625 0.32414062499999996 0.07055555625 0.32414062499999996 0.8079166671875001 0.564921875 0.8079166671875001
1 0.14781249999999999 0.097222221875 0.14781249999999999 0.16875 0.206953125 0.16875 0.206953125 0.097222221875 0.14781249999999999 0.097222221875
1 0.643046875 0.710277778125 0.643046875 0.775972221875 0.79796875 0.775972221875 0.79796875 0.710277778125 0.643046875 0.710277778125