1 0.78796875 0.401625 0.78796875 0.375 0.71203125 0.375 0.71203125 0.401625 0.78796875 0.401625
1 0.788125 0.42424999999999996 0.788125 0.394125 0.709765625 0.394125 0.709765625 0.42424999999999996 0.788125 0.42424999999999996
1 0.785859375 0.445375 0.785859375 0.41475 0.7078125 0.41475 0.7078125 0.445375 0.785859375 0.445375
1 0.780078125 0.464625 0.780078125 0.44075 0.704375 0.44075 0.704375 0.464625 0.780078125 0.464625
1 0.7790625 0.48650000000000004 0.7790625 0.45912499999999995 0.7025 0.45912499999999995 0.7025 0.48650000000000004 0.7790625 0.48650000000000004
1 0.7784375 0.506 0.7784375 0.47975 0.699453125 0.47975 0.699453125 0.506 0.7784375 0.506
1 0.76828125 0.520875 0.76828125 0.49312500000000004 0.6849999999999999 0.49312500000000004 0.6849999999999999 0.520875 0.76828125 0.520875
1 0.765234375 0.5426249999999999 0.765234375 0.515625 0.678359375 0.515625 0.678359375 0.5426249999999999 0.765234375 0.5426249999999999
1 0.761640625 0.565625 0.761640625 0.5387500000000001 0.6734375 0.5387500000000001 0.6734375 0.565625 0.761640625 0.565625
1 0.76109375 0.5875 0.76109375 0.56075 0.672578125 0.56075 0.672578125 0.5875 0.76109375 0.5875
1 0.75578125 0.6118750000000001 0.75578125 0.58425 0.672734375 0.58425 0.672734375 0.6118750000000001 0.75578125 0.6118750000000001
1 0.7581249999999999 0.637375 0.7581249999999999 0.608375 0.67375 0.608375 0.67375 0.637375 0.7581249999999999 0.637375
1 0.7633593750000001 0.6601250000000001 0.7633593750000001 0.629 0.6725 0.629 0.6725 0.6601250000000001 0.7633593750000001 0.6601250000000001
1 0.742421875 0.68225 0.742421875 0.6561250000000001 0.669453125 0.6561250000000001 0.669453125 0.68225 0.742421875 0.68225
1 0.7427343750000001 0.7073750000000001 0.7427343750000001 0.680125 0.6704687500000001 0.680125 0.6704687500000001 0.7073750000000001 0.7427343750000001 0.7073750000000001
1 0.8666406249999999 0.401875 0.8666406249999999 0.375 0.785390625 0.375 0.785390625 0.401875 0.8666406249999999 0.401875
1 0.8653124999999999 0.422375 0.8653124999999999 0.396125 0.786171875 0.396125 0.786171875 0.422375 0.8653124999999999 0.422375
1 0.8634375000000001 0.44737499999999997 0.8634375000000001 0.420875 0.786171875 0.420875 0.786171875 0.44737499999999997 0.8634375000000001 0.44737499999999997
1 0.850859375 0.487125 0.850859375 0.4605 0.78453125 0.4605 0.78453125 0.487125 0.850859375 0.487125
1 0.8497656250000001 0.509625 0.8497656250000001 0.48475 0.785546875 0.48475 0.785546875 0.509625 0.8497656250000001 0.509625
1 0.8497656250000001 0.530875 0.8497656250000001 0.50725 0.786015625 0.50725 0.786015625 0.530875 0.8497656250000001 0.530875
1 0.850546875 0.548625 0.850546875 0.5255 0.783828125 0.5255 0.783828125 0.548625 0.850546875 0.548625
1 0.849375 0.593 0.849375 0.566125 0.782734375 0.566125 0.782734375 0.593 0.849375 0.593
1 0.847890625 0.6155 0.847890625 0.592 0.781640625 0.592 0.781640625 0.6155 0.847890625 0.6155
1 0.84609375 0.64025 0.84609375 0.615375 0.781640625 0.615375 0.781640625 0.64025 0.84609375 0.64025
1 0.89609375 0.4 0.89609375 0.4455 0.9979687500000001 0.4455 0.9979687500000001 0.4 0.89609375 0.4
1 0.996796875 0.47775 0.996796875 0.430375 0.9008593749999999 0.430375 0.9008593749999999 0.47775 0.996796875 0.47775
1 0.897265625 0.46262499999999995 0.897265625 0.496625 0.9896874999999999 0.496625 0.9896874999999999 0.46262499999999995 0.897265625 0.46262499999999995
1 0.9956250000000001 0.528875 0.9956250000000001 0.483375 0.897265625 0.483375 0.897265625 0.528875 0.9956250000000001 0.528875
1 0.9956250000000001 0.5535 0.9956250000000001 0.521375 0.9032031249999999 0.521375 0.9032031249999999 0.5535 0.9956250000000001 0.5535
1 0.9991406250000001 0.58575 0.9991406250000001 0.5535 0.9008593749999999 0.5535 0.9008593749999999 0.58575 0.9991406250000001 0.58575
1 0.996796875 0.6255 0.996796875 0.58575 0.9008593749999999 0.58575 0.9008593749999999 0.6255 0.996796875 0.6255
1 0.9979687500000001 0.646375 0.9979687500000001 0.616 0.9008593749999999 0.616 0.9008593749999999 0.646375 0.9979687500000001 0.646375
1 0.993203125 0.691875 0.993203125 0.629375 0.90203125 0.629375 0.90203125 0.691875 0.993203125 0.691875
1 0.933984375 0.65775 0.933984375 0.705125 0.9956250000000001 0.705125 0.9956250000000001 0.65775 0.933984375 0.65775
1 0.957734375 0.74675 0.957734375 0.6993750000000001 0.931640625 0.6993750000000001 0.931640625 0.74675 0.957734375 0.74675
1 0.7716406250000001 0.36712500000000003 0.7716406250000001 0.34762499999999996 0.7290625000000001 0.34762499999999996 0.7290625000000001 0.36712500000000003 0.7716406250000001 0.36712500000000003
1 0.565703125 0.627375 0.565703125 0.599 0.49703125000000004 0.599 0.49703125000000004 0.627375 0.565703125 0.627375
1 0.000390625 0 0.000390625 0.146375 0.220859375 0.146375 0.220859375 0 0.000390625 0
1 0.41500000000000004 0.16699999999999998 0.41500000000000004 0.064375 0.29625 0.064375 0.29625 0.16699999999999998 0.41500000000000004 0.16699999999999998
1 0.6021093750000001 0.340125 0.6021093750000001 0.32237499999999997 0.553359375 0.32237499999999997 0.553359375 0.340125 0.6021093750000001 0.340125
1 0.555859375 0.2745 0.555859375 0.291875 0.60078125 0.291875 0.60078125 0.2745 0.555859375 0.2745
1 0.605703125 0.208875 0.605703125 0.18825 0.557890625 0.18825 0.557890625 0.208875 0.605703125 0.208875
1 0.558984375 0.14575 0.558984375 0.1635 0.6075 0.1635 0.6075 0.14575 0.558984375 0.14575
1 0.61015625 0.11587499999999999 0.61015625 0.098375 0.5628124999999999 0.098375 0.5628124999999999 0.11587499999999999 0.61015625 0.11587499999999999
1 0.66953125 0.1795 0.66953125 0.160625 0.611328125 0.160625 0.611328125 0.1795 0.66953125 0.1795
1 0.6678124999999999 0.213125 0.6678124999999999 0.19037500000000002 0.6092187499999999 0.19037500000000002 0.6092187499999999 0.213125 0.6678124999999999 0.213125
1 0.666015625 0.274875 0.666015625 0.259125 0.608515625 0.259125 0.608515625 0.274875 0.666015625 0.274875
1 0.6615624999999999 0.309625 0.6615624999999999 0.29025 0.60703125 0.29025 0.60703125 0.309625 0.6615624999999999 0.309625
1 0.659765625 0.34225 0.659765625 0.321625 0.606640625 0.321625 0.606640625 0.34225 0.659765625 0.34225
1 0.774453125 0.33187500000000003 0.774453125 0.30225 0.72171875 0.30225 0.72171875 0.33187500000000003 0.774453125 0.33187500000000003
1 0.7755468750000001 0.187625 0.7755468750000001 0.17124999999999999 0.73125 0.17124999999999999 0.73125 0.187625 0.7755468750000001 0.187625
1 0.873046875 0.058499999999999996 0.873046875 0.0063750000000000005 0.837890625 0.0063750000000000005 0.837890625 0.058499999999999996 0.873046875 0.058499999999999996
1 0.776015625 0.13999999999999999 0.776015625 0.125125 0.732890625 0.125125 0.732890625 0.13999999999999999 0.776015625 0.13999999999999999
1 0.7746875 0.093875 0.7746875 0.079625 0.733671875 0.079625 0.733671875 0.093875 0.7746875 0.093875
1 0.370234375 0.6953750000000001 0.370234375 0.6431250000000001 0.260859375 0.6431250000000001 0.260859375 0.6953750000000001 0.370234375 0.6953750000000001
1 0 0.8710000000000001 0.196796875 0.8710000000000001 0.196796875 0.7375 0 0.7375 0 0.8710000000000001
1 0.83984375 0.10124999999999999 0.83984375 0.0605 0.8153124999999999 0.0605 0.8153124999999999 0.10124999999999999 0.83984375 0.10124999999999999
1 0.818125 0.132125 0.818125 0.09325 0.801484375 0.09325 0.801484375 0.132125 0.818125 0.132125
1 0.471328125 0.274875 0.471328125 0.257625 0.428046875 0.257625 0.428046875 0.274875 0.471328125 0.274875
1 0.2778125 0.307375 0.2778125 0.265875 0.224296875 0.265875 0.224296875 0.307375 0.2778125 0.307375
0 0.360859375 0.333125 0.360859375 0.65525 0.479296875 0.65525 0.479296875 0.333125 0.360859375 0.333125
1 0.757421875 0.612625 0.757421875 0.63425 0.775625 0.63425 0.775625 0.612625 0.757421875 0.612625
1 0.7571875 0.591 0.7571875 0.614125 0.77625 0.614125 0.77625 0.591 0.7571875 0.591
1 0.757734375 0.57125 0.757734375 0.594375 0.7771874999999999 0.594375 0.7771874999999999 0.57125 0.757734375 0.57125
1 0.7611718749999999 0.55 0.7611718749999999 0.57175 0.7771874999999999 0.57175 0.7771874999999999 0.55 0.7611718749999999 0.55
1 0.762421875 0.527875 0.762421875 0.5525 0.7775000000000001 0.5525 0.7775000000000001 0.527875 0.762421875 0.527875
1 0.76515625 0.50575 0.76515625 0.530875 0.778671875 0.530875 0.778671875 0.50575 0.76515625 0.50575
1 0.731640625 0.21887500000000001 0.731640625 0.23650000000000002 0.7737499999999999 0.23650000000000002 0.7737499999999999 0.21887500000000001 0.731640625 0.21887500000000001