1 0.949453125 0.2995833328125 0.949453125 0.2201388890625 0.86015625 0.2201388890625 0.86015625 0.2995833328125 0.949453125 0.2995833328125
1 0.9464062500000001 0.32305555625000004 0.9464062500000001 0.2541666671875 0.8618750000000001 0.2541666671875 0.8618750000000001 0.32305555625000004 0.9464062500000001 0.32305555625000004
1 0.941171875 0.34208333281250003 0.941171875 0.2783333328125 0.8615625 0.2783333328125 0.8615625 0.34208333281250003 0.941171875 0.34208333281250003
1 0.943671875 0.36055555625 0.943671875 0.31319444375 0.8615625 0.31319444375 0.8615625 0.36055555625 0.943671875 0.36055555625
1 0.9721093749999999 0.4204166671875 0.9721093749999999 0.3463888890625 0.84765625 0.3463888890625 0.84765625 0.4204166671875 0.9721093749999999 0.4204166671875
1 0.9690625 0.4570833328125 0.9690625 0.387222221875 0.845 0.387222221875 0.845 0.4570833328125 0.9690625 0.4570833328125
1 0.964453125 0.4901388890625 0.964453125 0.42930555625 0.8446875 0.42930555625 0.8446875 0.4901388890625 0.964453125 0.4901388890625
1 0.9668749999999999 0.5245833328125 0.9668749999999999 0.46763888906249995 0.8446875 0.46763888906249995 0.8446875 0.5245833328125 0.9668749999999999 0.5245833328125
1 0.9678125 0.5587500000000001 0.9678125 0.5076388890625 0.8471093749999999 0.5076388890625 0.8471093749999999 0.5587500000000001 0.9678125 0.5587500000000001
1 0.9668749999999999 0.592777778125 0.9668749999999999 0.54930555625 0.848046875 0.54930555625 0.848046875 0.592777778125 0.9668749999999999 0.592777778125
1 0.9711718749999999 0.6352777781250001 0.9711718749999999 0.57805555625 0.8496874999999999 0.57805555625 0.8496874999999999 0.6352777781250001 0.9711718749999999 0.6352777781250001
1 0.9682812500000001 0.66944444375 0.9682812500000001 0.6191666671875 0.848984375 0.6191666671875 0.848984375 0.66944444375 0.9682812500000001 0.66944444375
1 0.9630468750000001 0.7154166671875 0.9630468750000001 0.6548611109375 0.8482031250000001 0.6548611109375 0.8482031250000001 0.7154166671875 0.9630468750000001 0.7154166671875
1 0.7322656249999999 0.290972221875 0.7322656249999999 0.27055555625 0.689375 0.27055555625 0.689375 0.290972221875 0.7322656249999999 0.290972221875
1 0.7290625000000001 0.23819444375 0.7290625000000001 0.21972222187499998 0.686875 0.21972222187499998 0.686875 0.23819444375 0.7290625000000001 0.23819444375
1 0.786875 0.25347222187499996 0.786875 0.23305555625 0.7366406249999999 0.23305555625 0.7366406249999999 0.25347222187499996 0.786875 0.25347222187499996
1 0.788359375 0.290972221875 0.788359375 0.26888888906249997 0.736328125 0.26888888906249997 0.736328125 0.290972221875 0.788359375 0.290972221875
1 0.782109375 0.154722221875 0.782109375 0.1308333328125 0.729453125 0.1308333328125 0.729453125 0.154722221875 0.782109375 0.154722221875
1 0.78015625 0.12236111093749999 0.78015625 0.1026388890625 0.731328125 0.1026388890625 0.731328125 0.12236111093749999 0.78015625 0.12236111093749999
1 0.727578125 0.11180555625 0.727578125 0.0908333328125 0.6839062499999999 0.0908333328125 0.6839062499999999 0.11180555625 0.727578125 0.11180555625
1 0.72609375 0.1538888890625 0.72609375 0.13555555625 0.6839062499999999 0.13555555625 0.6839062499999999 0.1538888890625 0.72609375 0.1538888890625
1 0.6815625 0.159027778125 0.6815625 0.13708333281250001 0.630234375 0.13708333281250001 0.630234375 0.159027778125 0.6815625 0.159027778125
1 0.60109375 0.2201388890625 0.60109375 0.200972221875 0.548359375 0.200972221875 0.548359375 0.2201388890625 0.60109375 0.2201388890625
1 0.1065625 0.6525000000000001 0.1065625 0.60319444375 0.056484374999999996 0.60319444375 0.056484374999999996 0.6525000000000001 0.1065625 0.6525000000000001
1 0.239921875 0.706527778125 0.239921875 0.6404166671875 0.159921875 0.6404166671875 0.159921875 0.706527778125 0.239921875 0.706527778125
1 0.10492187500000001 0.6241666671874999 0.10492187500000001 0.673472221875 0.159921875 0.673472221875 0.159921875 0.6241666671874999 0.10492187500000001 0.6241666671874999
1 0.21265625 0.23430555625 0.21265625 0.137222221875 0.12281249999999999 0.137222221875 0.12281249999999999 0.23430555625 0.21265625 0.23430555625
1 0.27015625 0.17180555625 0.27015625 0.09125 0.181796875 0.09125 0.181796875 0.17180555625 0.27015625 0.17180555625
1 0.01859375 0.6147222218749999 0.01859375 0.5854166671875001 0.000078125 0.5854166671875001 0.000078125 0.6147222218749999 0.01859375 0.6147222218749999
1 0.118359375 0.24305555625 0.118359375 0.19083333281249998 0.077421875 0.19083333281249998 0.077421875 0.24305555625 0.118359375 0.24305555625
1 0.07859374999999999 0.272222221875 0.07859374999999999 0.22833333281249998 0.042812499999999996 0.22833333281249998 0.042812499999999996 0.272222221875 0.07859374999999999 0.272222221875
1 0.045546875 0.29652777812500003 0.045546875 0.2538888890625 0.015312500000000001 0.2538888890625 0.015312500000000001 0.29652777812500003 0.045546875 0.29652777812500003
1 0.11125 0.045416667187499996 0.11125 0.0001388890625 0.076796875 0.0001388890625 0.076796875 0.045416667187499996 0.11125 0.045416667187499996
1 0 0.16194444375 0.021328125 0.16194444375 0.021328125 0.1183333328125 0 0.1183333328125 0 0.16194444375
1 0.057734375000000004 0.6301388890624999 0.057734375000000004 0.5933333328125 0.017499999999999998 0.5933333328125 0.017499999999999998 0.6301388890624999 0.057734375000000004 0.6301388890624999
1 0.5287499999999999 0.12833333281249998 0.5287499999999999 0.10500000000000001 0.511640625 0.10500000000000001 0.511640625 0.12833333281249998 0.5287499999999999 0.12833333281249998
1 0.52921875 0.1648611109375 0.52921875 0.145972221875 0.5140625 0.145972221875 0.5140625 0.1648611109375 0.52921875 0.1648611109375
1 0.530625 0.0908333328125 0.530625 0.07291666718749999 0.50671875 0.07291666718749999 0.50671875 0.0908333328125 0.530625 0.0908333328125
1 0.714765625 0.62194444375 0.714765625 0.5938888890625 0.63953125 0.5938888890625 0.63953125 0.62194444375 0.714765625 0.62194444375
1 0.8741406250000001 0.13 0.8741406250000001 0.11416666718749999 0.83421875 0.11416666718749999 0.83421875 0.13 0.8741406250000001 0.13
1 0.89625 0.0636111109375 0.89625 0.00625 0.8800000000000001 0.00625 0.8800000000000001 0.0636111109375 0.89625 0.0636111109375
1 0.8839062500000001 0.097222221875 0.8839062500000001 0.058888889062500005 0.868359375 0.058888889062500005 0.868359375 0.097222221875 0.8839062500000001 0.097222221875
1 0.876640625 0.1776388890625 0.876640625 0.15569444375 0.838125 0.15569444375 0.838125 0.1776388890625 0.876640625 0.1776388890625
1 0.8421875 0.1776388890625 0.8421875 0.15111111093750001 0.794921875 0.15111111093750001 0.794921875 0.1776388890625 0.8421875 0.1776388890625
1 0.7268749999999999 0.0654166671875 0.7268749999999999 0.0433333328125 0.6780468749999999 0.0433333328125 0.6780468749999999 0.0654166671875 0.7268749999999999 0.0654166671875
1 0.8686718750000001 0.10680555625000002 0.8686718750000001 0.0695833328125 0.8236718749999999 0.0695833328125 0.8236718749999999 0.10680555625000002 0.8686718750000001 0.10680555625000002
0 0.7464062499999999 0.5786111109375 0.7464062499999999 0.5208333328125 0.730859375 0.5208333328125 0.730859375 0.5786111109375 0.7464062499999999 0.5786111109375
0 0.566328125 0.47083333281249995 0.566328125 0.62305555625 0.5992968750000001 0.62305555625 0.5992968750000001 0.47083333281249995 0.566328125 0.47083333281249995
1 0.77046875 0.54430555625 0.77046875 0.536527778125 0.745 0.536527778125 0.745 0.54430555625 0.77046875 0.54430555625
1 0.762421875 0.5504166671874999 0.762421875 0.543472221875 0.745 0.543472221875 0.745 0.5504166671874999 0.762421875 0.5504166671874999
1 0.7620312499999999 0.5586111109375 0.7620312499999999 0.550277778125 0.745 0.550277778125 0.745 0.5586111109375 0.7620312499999999 0.5586111109375
1 0.761484375 0.5648611109375 0.761484375 0.556527778125 0.744921875 0.556527778125 0.744921875 0.5648611109375 0.761484375 0.5648611109375
1 0.760546875 0.5716666671875 0.760546875 0.5633333328125001 0.745234375 0.5633333328125001 0.745234375 0.5716666671875 0.760546875 0.5716666671875
1 0.762421875 0.5804166671875 0.762421875 0.5716666671875 0.745234375 0.5716666671875 0.745234375 0.5804166671875 0.762421875 0.5804166671875
1 0.60625 0.41472222187499996 0.60625 0.3883333328125 0.5696875 0.3883333328125 0.5696875 0.41472222187499996 0.60625 0.41472222187499996
0 0.4765625 0.27 0.4765625 0.6661111109375 0.58140625 0.6661111109375 0.58140625 0.27 0.4765625 0.27
1 0.16046875 0.37055555625 0.16046875 0.4225 0.24906250000000002 0.4225 0.24906250000000002 0.37055555625 0.16046875 0.37055555625
1 0.0296875 0.4173611109375 0.0296875 0.4463888890625 0.065625 0.4463888890625 0.065625 0.4173611109375 0.0296875 0.4173611109375
1 0.0038281250000000004 0.42930555625 0.0038281250000000004 0.4548611109375 0.030234375 0.4548611109375 0.030234375 0.42930555625 0.0038281250000000004 0.42930555625
1 0.015312500000000001 0.31430555625 0.015312500000000001 0.2870833328125 0.00046875 0.2870833328125 0.00046875 0.31430555625 0.015312500000000001 0.31430555625
1 0.0465625 0.039027778125 0.0465625 0.08819444374999999 0.076796875 0.08819444374999999 0.076796875 0.039027778125 0.0465625 0.039027778125
1 0.018828125 0.082777778125 0.018828125 0.12222222187500001 0.045156249999999995 0.12222222187500001 0.045156249999999995 0.082777778125 0.018828125 0.082777778125
1 0.6334375 0.275277778125 0.6334375 0.28944444375 0.688984375 0.28944444375 0.688984375 0.275277778125 0.6334375 0.275277778125
1 0.608203125 0.15875 0.608203125 0.1801388890625 0.626171875 0.1801388890625 0.626171875 0.15875 0.608203125 0.15875
1 0.608203125 0.11861111093750001 0.608203125 0.1363888890625 0.624765625 0.1363888890625 0.624765625 0.11861111093750001 0.608203125 0.11861111093750001
1 0.6068749999999999 0.07430555625 0.6068749999999999 0.0908333328125 0.623828125 0.0908333328125 0.623828125 0.07430555625 0.6068749999999999 0.07430555625
1 0.8196875 0.029305556249999996 0.8196875 0.07069444375 0.85765625 0.07069444375 0.85765625 0.029305556249999996 0.8196875 0.029305556249999996
0 0.8275781249999999 0.3579166671875 0.8275781249999999 0.6347222218749999 0.859140625 0.6347222218749999 0.859140625 0.3579166671875 0.8275781249999999 0.3579166671875