1 0.60765625 0.7118055562500001 0.60765625 0.652777778125 0.40179687499999994 0.652777778125 0.40179687499999994 0.7118055562500001 0.60765625 0.7118055562500001
1 0.7692187500000001 0.6963888890625001 0.7692187500000001 0.648472221875 0.6053124999999999 0.648472221875 0.6053124999999999 0.6963888890625001 0.7692187500000001 0.6963888890625001
1 0.776328125 0.447222221875 0.776328125 0.396527778125 0.6029687499999999 0.396527778125 0.6029687499999999 0.447222221875 0.776328125 0.447222221875
1 0.40695312499999997 0.671527778125 0.40695312499999997 0.622222221875 0.3671875 0.622222221875 0.3671875 0.671527778125 0.40695312499999997 0.671527778125
1 0.5296875 0.2388888890625 0.5296875 0.169722221875 0.488125 0.169722221875 0.488125 0.2388888890625 0.5296875 0.2388888890625
1 0.58140625 0.18930555625 0.58140625 0.11569444375 0.53171875 0.11569444375 0.53171875 0.18930555625 0.58140625 0.18930555625
1 0.58140625 0.038472221875000004 0.58140625 0.1341666671875 0.708984375 0.1341666671875 0.708984375 0.038472221875000004 0.58140625 0.038472221875000004
1 0.10484374999999999 0.70569444375 0.10484374999999999 0.6568055562499999 0.0221875 0.6568055562499999 0.0221875 0.70569444375 0.10484374999999999 0.70569444375
1 0.269921875 0.7986111109375 0.269921875 0.7626388890625 0.09343749999999999 0.7626388890625 0.09343749999999999 0.7986111109375 0.269921875 0.7986111109375
0 0.915390625 0.6441666671874999 0.915390625 0.32319444375 0.804921875 0.32319444375 0.804921875 0.6441666671874999 0.915390625 0.6441666671874999
1 0.526953125 0.0286111109375 0.526953125 0.0973611109375 0.580703125 0.0973611109375 0.580703125 0.0286111109375 0.526953125 0.0286111109375
0 0.9174218749999999 0.44333333281250004 0.9174218749999999 0.6255555562499999 0.9418749999999999 0.6255555562499999 0.9418749999999999 0.44333333281250004 0.9174218749999999 0.44333333281250004