1 0.673203125 0.5638888890625 0.673203125 0.5508333328125 0.629921875 0.5508333328125 0.629921875 0.5638888890625 0.673203125 0.5638888890625
1 0.6735156250000001 0.567222221875 0.6735156250000001 0.55930555625 0.631484375 0.55930555625 0.631484375 0.567222221875 0.6735156250000001 0.567222221875
1 0.671953125 0.578472221875 0.671953125 0.567222221875 0.631484375 0.567222221875 0.631484375 0.578472221875 0.671953125 0.578472221875
1 0.6735156250000001 0.5858333328125 0.6735156250000001 0.57569444375 0.6325000000000001 0.57569444375 0.6325000000000001 0.5858333328125 0.6735156250000001 0.5858333328125
1 0.672578125 0.5966666671875 0.672578125 0.5858333328125 0.6325000000000001 0.5858333328125 0.6325000000000001 0.5966666671875 0.672578125 0.5966666671875
1 0.9334374999999999 0.705972221875 0.9334374999999999 0.6320833328125001 0.818671875 0.6320833328125001 0.818671875 0.705972221875 0.9334374999999999 0.705972221875
1 0.996796875 0.58875 0.996796875 0.5488888890625 0.951953125 0.5488888890625 0.951953125 0.58875 0.996796875 0.58875
1 0.9994531249999999 0.6180555562500001 0.9994531249999999 0.58875 0.9506249999999999 0.58875 0.9506249999999999 0.6180555562500001 0.9994531249999999 0.6180555562500001
1 0.9981249999999999 0.665 0.9981249999999999 0.6216666671875 0.949921875 0.6216666671875 0.949921875 0.665 0.9981249999999999 0.665
1 0.99875 0.7025 0.99875 0.660277778125 0.9473437499999999 0.660277778125 0.9473437499999999 0.7025 0.99875 0.7025
1 0.895859375 0.573472221875 0.895859375 0.61694444375 0.9571875000000001 0.61694444375 0.9571875000000001 0.573472221875 0.895859375 0.573472221875
1 0.9512499999999999 0.660277778125 0.9512499999999999 0.6098611109375 0.8985156249999999 0.6098611109375 0.8985156249999999 0.660277778125 0.9512499999999999 0.660277778125
1 0.9532812500000001 0.6813888890625 0.9532812500000001 0.6520833328125 0.9314843749999999 0.6520833328125 0.9314843749999999 0.6813888890625 0.9532812500000001 0.6813888890625
1 0.41453125 0.7806944437500001 0.41453125 0.6759722218750001 0.20554687500000002 0.6759722218750001 0.20554687500000002 0.7806944437500001 0.41453125 0.7806944437500001
1 0.1903125 0.7755555562499999 0.1903125 0.6759722218750001 0.023125 0.6759722218750001 0.023125 0.7755555562499999 0.1903125 0.7755555562499999
1 0.5779687499999999 0.716527778125 0.5779687499999999 0.6623611109375 0.43453125000000004 0.6623611109375 0.43453125000000004 0.716527778125 0.5779687499999999 0.716527778125
1 0.45632812500000003 0.7266666671875 0.45632812500000003 0.6658333328125 0.403125 0.6658333328125 0.403125 0.7266666671875 0.45632812500000003 0.7266666671875
1 0.40601562500000005 0.0511111109375 0.40601562500000005 0.099027778125 0.42796874999999995 0.099027778125 0.42796874999999995 0.0511111109375 0.40601562500000005 0.0511111109375
1 0.35984375 0.005277778125 0.35984375 0.067777778125 0.407109375 0.067777778125 0.407109375 0.005277778125 0.35984375 0.005277778125
1 0.44281249999999994 0.137222221875 0.44281249999999994 0.092222221875 0.4246875 0.092222221875 0.4246875 0.137222221875 0.44281249999999994 0.137222221875
1 0.45992187500000004 0.16263888906249999 0.45992187500000004 0.1254166671875 0.44171875 0.1254166671875 0.44171875 0.16263888906249999 0.45992187500000004 0.16263888906249999
1 0.329609375 0.0648611109375 0.329609375 0.13027777812500002 0.3696875 0.13027777812500002 0.3696875 0.0648611109375 0.329609375 0.0648611109375
1 0.37960937499999997 0.166527778125 0.37960937499999997 0.2125 0.487421875 0.2125 0.487421875 0.166527778125 0.37960937499999997 0.166527778125
1 0.485703125 0.229027778125 0.485703125 0.17819444375 0.37359375 0.17819444375 0.37359375 0.229027778125 0.485703125 0.229027778125
1 0.37687499999999996 0.20652777812499998 0.37687499999999996 0.24180555625000003 0.48460937499999995 0.24180555625000003 0.48460937499999995 0.20652777812499998 0.37687499999999996 0.20652777812499998
1 0.485703125 0.2633333328125 0.485703125 0.22125 0.37687499999999996 0.22125 0.37687499999999996 0.2633333328125 0.485703125 0.2633333328125
1 0.39664062499999997 0.23694444374999998 0.39664062499999997 0.282777778125 0.48296875000000006 0.282777778125 0.48296875000000006 0.23694444374999998 0.39664062499999997 0.23694444374999998
1 0.48078125 0.30041666718750004 0.48078125 0.2604166671875 0.39718749999999997 0.2604166671875 0.39718749999999997 0.30041666718750004 0.48078125 0.30041666718750004
1 0.404921875 0.28180555625000003 0.404921875 0.319027778125 0.47750000000000004 0.319027778125 0.47750000000000004 0.28180555625000003 0.404921875 0.28180555625000003
1 0.481328125 0.34055555625 0.481328125 0.30333333281249997 0.4065625 0.30333333281249997 0.4065625 0.34055555625 0.481328125 0.34055555625
1 0.409296875 0.33069444375 0.409296875 0.365 0.481328125 0.365 0.481328125 0.33069444375 0.409296875 0.33069444375
1 0.48078125 0.381527778125 0.48078125 0.350277778125 0.40984375 0.350277778125 0.40984375 0.381527778125 0.48078125 0.381527778125
1 0.40601562500000005 0.3688888890625 0.40601562500000005 0.39819444375 0.4796875 0.39819444375 0.4796875 0.3688888890625 0.40601562500000005 0.3688888890625
1 0.481328125 0.419722221875 0.481328125 0.38055555625 0.404921875 0.38055555625 0.404921875 0.419722221875 0.481328125 0.419722221875
1 0.407109375 0.40694444374999994 0.407109375 0.43722222187500004 0.48187499999999994 0.43722222187500004 0.48187499999999994 0.40694444374999994 0.407109375 0.40694444374999994
1 0.4796875 0.46472222187499995 0.4796875 0.4323611109375 0.407109375 0.4323611109375 0.407109375 0.46472222187499995 0.4796875 0.46472222187499995
1 0.47750000000000004 0.48027777812499994 0.47750000000000004 0.4548611109375 0.437890625 0.4548611109375 0.437890625 0.48027777812499994 0.47750000000000004 0.48027777812499994
1 0.592421875 0.30333333281249997 0.592421875 0.26527777812500003 0.4796875 0.26527777812500003 0.4796875 0.30333333281249997 0.592421875 0.30333333281249997
1 0.4840625 0.2945833328125 0.4840625 0.33069444375 0.592421875 0.33069444375 0.592421875 0.2945833328125 0.4840625 0.2945833328125
1 0.59296875 0.34055555625 0.59296875 0.31222222187500004 0.48078125 0.31222222187500004 0.48078125 0.34055555625 0.59296875 0.34055555625
1 0.48023437500000005 0.33458333281249997 0.48023437500000005 0.365 0.594609375 0.365 0.594609375 0.33458333281249997 0.48023437500000005 0.33458333281249997
1 0.59296875 0.38847222187499997 0.59296875 0.3541666671875 0.4840625 0.3541666671875 0.4840625 0.38847222187499997 0.59296875 0.38847222187499997
1 0.479140625 0.381527778125 0.479140625 0.4098611109375 0.5940624999999999 0.4098611109375 0.5940624999999999 0.381527778125 0.479140625 0.381527778125
1 0.5973437500000001 0.43430555625 0.5973437500000001 0.40499999999999997 0.48078125 0.40499999999999997 0.48078125 0.43430555625 0.5973437500000001 0.43430555625
1 0.48078125 0.42555555624999997 0.48078125 0.45388888906249997 0.591875 0.45388888906249997 0.591875 0.42555555624999997 0.48078125 0.42555555624999997
1 0.59296875 0.47736111093750005 0.59296875 0.4441666671875 0.48078125 0.4441666671875 0.48078125 0.47736111093750005 0.59296875 0.47736111093750005
1 0.483515625 0.47444444375000006 0.483515625 0.502777778125 0.59296875 0.502777778125 0.59296875 0.47444444375000006 0.483515625 0.47444444375000006
1 0.564921875 0.49791666718750005 0.564921875 0.52625 0.594609375 0.52625 0.594609375 0.49791666718750005 0.564921875 0.49791666718750005
1 0.5971093749999999 0.6605555562500001 0.5971093749999999 0.63125 0.56828125 0.63125 0.56828125 0.6605555562500001 0.5971093749999999 0.6605555562500001
1 0.565078125 0.6148611109375001 0.565078125 0.63444444375 0.5953125 0.63444444375 0.5953125 0.6148611109375001 0.565078125 0.6148611109375001
1 0.56640625 0.5880555562499999 0.56640625 0.614027778125 0.5921093749999999 0.614027778125 0.5921093749999999 0.5880555562499999 0.56640625 0.5880555562499999
1 0.5659375 0.570972221875 0.5659375 0.5954166671875 0.596640625 0.5954166671875 0.596640625 0.570972221875 0.5659375 0.570972221875
1 0.5678124999999999 0.544027778125 0.5678124999999999 0.5758333328125 0.5939062500000001 0.5758333328125 0.5939062500000001 0.544027778125 0.5678124999999999 0.544027778125
1 0.57328125 0.5236111109375 0.57328125 0.55055555625 0.598515625 0.55055555625 0.598515625 0.5236111109375 0.57328125 0.5236111109375
0 0.762734375 0.619722221875 0.762734375 0.41319444375 0.6932031249999999 0.41319444375 0.6932031249999999 0.619722221875 0.762734375 0.619722221875