1 0.24765625 0.73675 0.24765625 0.642125 0.000625 0.642125 0.000625 0.73675 0.24765625 0.73675
1 0.000625 0.73675 0.000625 0.79425 0.250859375 0.79425 0.250859375 0.73675 0.000625 0.73675
1 0.258203125 0.860125 0.258203125 0.779 0.0016406250000000002 0.779 0.0016406250000000002 0.860125 0.258203125 0.860125
1 0.34359375000000003 0.217 0.34359375000000003 0.16075 0.237109375 0.16075 0.237109375 0.217 0.34359375000000003 0.217
1 0.336484375 0.22974999999999998 0.336484375 0.19175 0.23976562499999998 0.19175 0.23976562499999998 0.22974999999999998 0.336484375 0.22974999999999998
1 0.33914062500000003 0.264875 0.33914062500000003 0.211375 0.238828125 0.211375 0.238828125 0.264875 0.33914062500000003 0.264875
1 0.33390624999999996 0.27337500000000003 0.33390624999999996 0.23399999999999999 0.238828125 0.23399999999999999 0.238828125 0.27337500000000003 0.33390624999999996 0.27337500000000003
1 0.272265625 0.29025 0.272265625 0.25925 0.24328124999999998 0.25925 0.24328124999999998 0.29025 0.272265625 0.29025
1 0.272265625 0.311375 0.272265625 0.28325 0.238828125 0.28325 0.238828125 0.311375 0.272265625 0.311375
1 0.26968749999999997 0.33525 0.26968749999999997 0.304375 0.23531249999999998 0.304375 0.23531249999999998 0.33525 0.26968749999999997 0.33525
1 0.26265625 0.345125 0.26265625 0.31837499999999996 0.234453125 0.31837499999999996 0.234453125 0.345125 0.26265625 0.345125
1 0.26265625 0.367625 0.26265625 0.342375 0.232734375 0.342375 0.232734375 0.367625 0.26265625 0.367625
1 0.26437499999999997 0.386 0.26437499999999997 0.362 0.23179687499999999 0.362 0.23179687499999999 0.386 0.26437499999999997 0.386
1 0.266171875 0.405625 0.266171875 0.380375 0.23093750000000002 0.380375 0.23093750000000002 0.405625 0.266171875 0.405625
1 0.25734375 0.42400000000000004 0.25734375 0.405625 0.23093750000000002 0.405625 0.23093750000000002 0.42400000000000004 0.25734375 0.42400000000000004
1 0.25906250000000003 0.4465 0.25906250000000003 0.42262500000000003 0.22828125 0.42262500000000003 0.22828125 0.4465 0.25906250000000003 0.4465
1 0.255546875 0.45912499999999995 0.255546875 0.445125 0.22921874999999997 0.445125 0.22921874999999997 0.45912499999999995 0.255546875 0.45912499999999995
1 0.255546875 0.48312499999999997 0.255546875 0.45912499999999995 0.23093750000000002 0.45912499999999995 0.23093750000000002 0.48312499999999997 0.255546875 0.48312499999999997
1 0.25382812499999996 0.501375 0.25382812499999996 0.48312499999999997 0.22742187500000002 0.48312499999999997 0.22742187500000002 0.501375 0.25382812499999996 0.501375
1 0.25296875 0.523875 0.25296875 0.498625 0.2265625 0.498625 0.2265625 0.523875 0.25296875 0.523875
1 0.24851562500000002 0.547875 0.24851562500000002 0.523875 0.22742187500000002 0.523875 0.22742187500000002 0.547875 0.24851562500000002 0.547875
1 0.24851562500000002 0.563375 0.24851562500000002 0.536625 0.230078125 0.536625 0.230078125 0.563375 0.24851562500000002 0.563375
1 0.24765625 0.5858749999999999 0.24765625 0.563375 0.22570312499999998 0.563375 0.22570312499999998 0.5858749999999999 0.24765625 0.5858749999999999
1 0.224765625 0.578875 0.224765625 0.608375 0.249453125 0.608375 0.249453125 0.578875 0.224765625 0.578875
1 0.24851562500000002 0.6365000000000001 0.24851562500000002 0.60275 0.224765625 0.60275 0.224765625 0.6365000000000001 0.24851562500000002 0.6365000000000001
1 0.22742187500000002 0.623875 0.22742187500000002 0.64925 0.2459375 0.64925 0.2459375 0.623875 0.22742187500000002 0.623875
1 0.35765625 0.6759999999999999 0.35765625 0.6407499999999999 0.24851562500000002 0.6407499999999999 0.24851562500000002 0.6759999999999999 0.35765625 0.6759999999999999
1 0.2503125 0.61825 0.2503125 0.654875 0.36117187500000003 0.654875 0.36117187500000003 0.61825 0.2503125 0.61825
1 0.353203125 0.6365000000000001 0.353203125 0.5915 0.24500000000000002 0.5915 0.24500000000000002 0.6365000000000001 0.353203125 0.6365000000000001
1 0.255546875 0.577375 0.255546875 0.61125 0.355 0.61125 0.355 0.577375 0.255546875 0.577375
1 0.35671875000000003 0.5858749999999999 0.35671875000000003 0.552125 0.255546875 0.552125 0.255546875 0.5858749999999999 0.35671875000000003 0.5858749999999999
1 0.25382812499999996 0.5295 0.25382812499999996 0.55775 0.36117187500000003 0.55775 0.36117187500000003 0.5295 0.25382812499999996 0.5295
1 0.3603125 0.5351250000000001 0.3603125 0.501375 0.2546875 0.501375 0.2546875 0.5351250000000001 0.3603125 0.5351250000000001
1 0.25382812499999996 0.48175 0.25382812499999996 0.512625 0.359375 0.512625 0.359375 0.48175 0.25382812499999996 0.48175
1 0.3603125 0.4915 0.3603125 0.460625 0.26351562500000003 0.460625 0.26351562500000003 0.4915 0.3603125 0.4915
1 0.26265625 0.433875 0.26265625 0.46624999999999994 0.36117187500000003 0.46624999999999994 0.36117187500000003 0.433875 0.26265625 0.433875
1 0.36734374999999997 0.43949999999999995 0.36734374999999997 0.4085 0.25906250000000003 0.4085 0.25906250000000003 0.43949999999999995 0.36734374999999997 0.43949999999999995
1 0.26171875 0.38175 0.26171875 0.42675 0.36640625 0.42675 0.36640625 0.38175 0.26171875 0.38175
1 0.368203125 0.391625 0.368203125 0.36062500000000003 0.26265625 0.36062500000000003 0.26265625 0.391625 0.368203125 0.391625
1 0.258203125 0.338125 0.258203125 0.36625 0.363828125 0.36625 0.363828125 0.338125 0.258203125 0.338125
1 0.36734374999999997 0.348 0.36734374999999997 0.31 0.26703125 0.31 0.26703125 0.348 0.36734374999999997 0.348
1 0.26171875 0.29025 0.26171875 0.32687499999999997 0.3603125 0.32687499999999997 0.3603125 0.29025 0.26171875 0.29025
1 0.3646875 0.29874999999999996 0.3646875 0.264875 0.267890625 0.264875 0.267890625 0.29874999999999996 0.3646875 0.29874999999999996
1 0.4078125 0.30012500000000003 0.4078125 0.25925 0.34968750000000004 0.25925 0.34968750000000004 0.30012500000000003 0.4078125 0.30012500000000003
1 0.3646875 0.29312499999999997 0.3646875 0.32125 0.41390625 0.32125 0.41390625 0.29312499999999997 0.3646875 0.29312499999999997
1 0.41039062499999995 0.355 0.41039062499999995 0.348 0.41304687500000004 0.348 0.41304687500000004 0.314125 0.365546875 0.314125 0.365546875 0.355 0.41039062499999995 0.355
1 0.44828124999999996 0.38875000000000004 0.44828124999999996 0.357875 0.3646875 0.357875 0.3646875 0.38875000000000004 0.44828124999999996 0.38875000000000004
1 0.45 0.4085 0.45 0.384625 0.3646875 0.384625 0.3646875 0.4085 0.45 0.4085
1 0.45265625 0.433875 0.45265625 0.4085 0.3646875 0.4085 0.3646875 0.433875 0.45265625 0.433875
1 0.45437500000000003 0.449375 0.45437500000000003 0.42262500000000003 0.362890625 0.42262500000000003 0.362890625 0.449375 0.45437500000000003 0.449375
1 0.453515625 0.47750000000000004 0.453515625 0.45075000000000004 0.362890625 0.45075000000000004 0.362890625 0.47750000000000004 0.453515625 0.47750000000000004
1 0.453515625 0.5 0.453515625 0.46762499999999996 0.3646875 0.46762499999999996 0.3646875 0.5 0.453515625 0.5
1 0.44734375000000004 0.521125 0.44734375000000004 0.487375 0.3646875 0.487375 0.3646875 0.521125 0.44734375000000004 0.521125
1 0.45265625 0.540875 0.45265625 0.512625 0.354140625 0.512625 0.354140625 0.540875 0.45265625 0.540875
1 0.445625 0.563375 0.445625 0.538 0.35671875000000003 0.538 0.35671875000000003 0.563375 0.445625 0.563375
1 0.44828124999999996 0.5858749999999999 0.44828124999999996 0.5605 0.35765625 0.5605 0.35765625 0.5858749999999999 0.44828124999999996 0.5858749999999999
1 0.445625 0.61125 0.445625 0.5845 0.35671875000000003 0.5845 0.35671875000000003 0.61125 0.445625 0.61125
1 0.44828124999999996 0.630875 0.44828124999999996 0.61125 0.3603125 0.61125 0.3603125 0.630875 0.44828124999999996 0.630875
1 0.44914062499999996 0.657625 0.44914062499999996 0.6252500000000001 0.35765625 0.6252500000000001 0.35765625 0.657625 0.44914062499999996 0.657625
1 0.45 0.680125 0.45 0.654875 0.36203124999999997 0.654875 0.36203124999999997 0.680125 0.45 0.680125
1 0.468125 0.12250000000000001 0.468125 0.049875 0.39109375 0.049875 0.39109375 0.12250000000000001 0.468125 0.12250000000000001
1 0.3953125 0.08525 0.3953125 0.03125 0.306640625 0.03125 0.306640625 0.08525 0.3953125 0.08525
1 0.31609375 0.063375 0.31609375 0.007625 0.23585937499999998 0.007625 0.23585937499999998 0.063375 0.31609375 0.063375
1 0.905546875 0.668625 0.905546875 0.641875 0.8614062499999999 0.641875 0.8614062499999999 0.668625 0.905546875 0.668625
0 0.443828125 0.007375 0.443828125 0.9782500000000001 0.880078125 0.9782500000000001 0.880078125 0.007375 0.443828125 0.007375