1 0.43968749999999995 0.2748611109375 0.43968749999999995 0.232777778125 0.3759375 0.232777778125 0.3759375 0.2748611109375 0.43968749999999995 0.2748611109375
1 0.44078125 0.288472221875 0.44078125 0.2475 0.373671875 0.2475 0.373671875 0.288472221875 0.44078125 0.288472221875
1 0.43968749999999995 0.30416666718749996 0.43968749999999995 0.27 0.372578125 0.27 0.372578125 0.30416666718749996 0.43968749999999995 0.30416666718749996
1 0.4375 0.31597222187499996 0.4375 0.288472221875 0.36929687499999997 0.288472221875 0.36929687499999997 0.31597222187499996 0.4375 0.31597222187499996
1 0.390234375 0.331527778125 0.390234375 0.30319444375 0.36328125 0.30319444375 0.36328125 0.331527778125 0.390234375 0.331527778125
1 0.46171875 0.3383333328125 0.46171875 0.2925 0.38578125 0.2925 0.38578125 0.3383333328125 0.46171875 0.3383333328125
1 0.458359375 0.35402777812499997 0.458359375 0.31194444374999997 0.38578125 0.31194444374999997 0.38578125 0.35402777812499997 0.458359375 0.35402777812499997
1 0.45890624999999996 0.3813888890625 0.45890624999999996 0.331527778125 0.38468749999999996 0.331527778125 0.38468749999999996 0.3813888890625 0.45890624999999996 0.3813888890625
1 0.462265625 0.39319444375 0.462265625 0.355 0.384140625 0.355 0.384140625 0.39319444375 0.462265625 0.39319444375
1 0.459453125 0.4038888890625 0.459453125 0.376527778125 0.386328125 0.376527778125 0.386328125 0.4038888890625 0.459453125 0.4038888890625
1 0.45726562499999995 0.42930555625 0.45726562499999995 0.3911111109375 0.38796875000000003 0.3911111109375 0.38796875000000003 0.42930555625 0.45726562499999995 0.42930555625
1 0.46281249999999996 0.44888888906249996 0.46281249999999996 0.41555555625 0.38687499999999997 0.41555555625 0.38687499999999997 0.44888888906249996 0.46281249999999996 0.44888888906249996
1 0.459453125 0.4625 0.459453125 0.43319444375 0.38687499999999997 0.43319444375 0.38687499999999997 0.4625 0.459453125 0.4625
1 0.46171875 0.4791666671875 0.46171875 0.44888888906249996 0.38578125 0.44888888906249996 0.38578125 0.4791666671875 0.46171875 0.4791666671875
1 0.45726562499999995 0.49972222187500004 0.45726562499999995 0.47430555625000004 0.3825 0.47430555625000004 0.3825 0.49972222187500004 0.45726562499999995 0.49972222187500004
1 0.459453125 0.51930555625 0.459453125 0.49180555625 0.38468749999999996 0.49180555625 0.38468749999999996 0.51930555625 0.459453125 0.51930555625
1 0.45671875 0.529027778125 0.45671875 0.508472221875 0.38687499999999997 0.508472221875 0.38687499999999997 0.529027778125 0.45671875 0.529027778125
1 0.460546875 0.5554166671874999 0.460546875 0.529027778125 0.38687499999999997 0.529027778125 0.38687499999999997 0.5554166671874999 0.460546875 0.5554166671874999
1 0.462265625 0.5740277781249999 0.462265625 0.5466666671875 0.385234375 0.5466666671875 0.385234375 0.5740277781249999 0.462265625 0.5740277781249999
1 0.45890624999999996 0.593472221875 0.45890624999999996 0.5670833328125 0.386328125 0.5670833328125 0.386328125 0.593472221875 0.45890624999999996 0.593472221875
1 0.46281249999999996 0.6101388890624999 0.46281249999999996 0.584722221875 0.384140625 0.584722221875 0.384140625 0.6101388890624999 0.46281249999999996 0.6101388890624999
1 0.462265625 0.63555555625 0.462265625 0.6013888890625 0.3825 0.6013888890625 0.3825 0.63555555625 0.462265625 0.63555555625
1 0.533203125 0.3901388890625 0.533203125 0.3588888890625 0.45726562499999995 0.3588888890625 0.45726562499999995 0.3901388890625 0.533203125 0.3901388890625
1 0.5326562499999999 0.4058333328125 0.5326562499999999 0.37847222187499996 0.46171875 0.37847222187499996 0.46171875 0.4058333328125 0.5326562499999999 0.4058333328125
1 0.529296875 0.42152777812500003 0.529296875 0.4058333328125 0.459453125 0.4058333328125 0.459453125 0.42152777812500003 0.529296875 0.42152777812500003
1 0.5298437500000001 0.445 0.5298437500000001 0.42152777812500003 0.46390624999999996 0.42152777812500003 0.46390624999999996 0.445 0.5298437500000001 0.445
1 0.529296875 0.46055555625 0.529296875 0.44097222187499996 0.462265625 0.44097222187499996 0.462265625 0.46055555625 0.529296875 0.46055555625
1 0.5287499999999999 0.4791666671875 0.5287499999999999 0.46055555625 0.458359375 0.46055555625 0.458359375 0.4791666671875 0.5287499999999999 0.4791666671875
1 0.527109375 0.49680555625 0.527109375 0.475277778125 0.4578125 0.475277778125 0.4578125 0.49680555625 0.527109375 0.49680555625
1 0.5287499999999999 0.51930555625 0.5287499999999999 0.49583333281249997 0.463359375 0.49583333281249997 0.463359375 0.51930555625 0.5287499999999999 0.51930555625
1 0.529296875 0.5387500000000001 0.529296875 0.51819444375 0.460546875 0.51819444375 0.460546875 0.5387500000000001 0.529296875 0.5387500000000001
1 0.52546875 0.5563888890625 0.52546875 0.5377777781249999 0.459453125 0.5377777781249999 0.459453125 0.5563888890625 0.52546875 0.5563888890625
1 0.5265625 0.5798611109375 0.5265625 0.551527778125 0.459453125 0.551527778125 0.459453125 0.5798611109375 0.5265625 0.5798611109375
1 0.527109375 0.5974999999999999 0.527109375 0.575 0.46117187499999995 0.575 0.46117187499999995 0.5974999999999999 0.527109375 0.5974999999999999
1 0.5298437500000001 0.61694444375 0.5298437500000001 0.596527778125 0.46117187499999995 0.596527778125 0.46117187499999995 0.61694444375 0.5298437500000001 0.61694444375
1 0.5298437500000001 0.6336111109375 0.5298437500000001 0.615 0.464453125 0.615 0.464453125 0.6336111109375 0.5298437500000001 0.6336111109375
1 0.5667187499999999 0.55444444375 0.5667187499999999 0.539722221875 0.526015625 0.539722221875 0.526015625 0.55444444375 0.5667187499999999 0.55444444375
1 0.565625 0.5711111109375 0.565625 0.5563888890625 0.52546875 0.5563888890625 0.52546875 0.5711111109375 0.565625 0.5711111109375
1 0.565625 0.5895833328125 0.565625 0.5711111109375 0.523828125 0.5711111109375 0.523828125 0.5895833328125 0.565625 0.5895833328125
1 0.566171875 0.6052777781249999 0.566171875 0.5895833328125 0.524921875 0.5895833328125 0.524921875 0.6052777781249999 0.566171875 0.6052777781249999
1 0.566171875 0.62680555625 0.566171875 0.6052777781249999 0.5298437500000001 0.6052777781249999 0.5298437500000001 0.62680555625 0.566171875 0.62680555625
1 0.73828125 0.49583333281249997 0.73828125 0.46847222187500004 0.661875 0.46847222187500004 0.661875 0.49583333281249997 0.73828125 0.49583333281249997
1 0.739375 0.6179166671874999 0.739375 0.596527778125 0.6585156249999999 0.596527778125 0.6585156249999999 0.6179166671874999 0.739375 0.6179166671874999
1 0.7965625000000001 0.61305555625 0.7965625000000001 0.5925 0.7442968750000001 0.5925 0.7442968750000001 0.61305555625 0.7965625000000001 0.61305555625
1 0.803125 0.4938888890625 0.803125 0.46847222187500004 0.74375 0.46847222187500004 0.74375 0.4938888890625 0.803125 0.4938888890625
1 0.534921875 0.1686111109375 0.534921875 0.1311111109375 0.47546875 0.1311111109375 0.47546875 0.1686111109375 0.534921875 0.1686111109375
1 0.476171875 0.164027778125 0.476171875 0.13347222187500002 0.42796874999999995 0.13347222187500002 0.42796874999999995 0.164027778125 0.476171875 0.164027778125
1 0.42601562499999995 0.14986111093750001 0.42601562499999995 0.1263888890625 0.36726562500000004 0.1263888890625 0.36726562500000004 0.14986111093750001 0.42601562499999995 0.14986111093750001
1 0.5665625000000001 0.1838888890625 0.5665625000000001 0.1545833328125 0.536171875 0.1545833328125 0.536171875 0.1838888890625 0.5665625000000001 0.1838888890625
1 0.6285937500000001 0.20736111093749998 0.6285937500000001 0.1675 0.577734375 0.1675 0.577734375 0.20736111093749998 0.6285937500000001 0.20736111093749998
1 0.502578125 0.32236111093750003 0.502578125 0.3 0.45703125 0.3 0.45703125 0.32236111093750003 0.502578125 0.32236111093750003
1 0.503203125 0.3376388890625 0.503203125 0.32236111093750003 0.45765625 0.32236111093750003 0.45765625 0.3376388890625 0.503203125 0.3376388890625
1 0.502578125 0.35402777812499997 0.502578125 0.335277778125 0.455078125 0.335277778125 0.455078125 0.35402777812499997 0.502578125 0.35402777812499997
1 0.49859375000000006 0.37152777812500004 0.49859375000000006 0.35402777812499997 0.45703125 0.35402777812499997 0.45703125 0.37152777812500004 0.49859375000000006 0.37152777812500004
1 0.1734375 0.5759722218750001 0.1734375 0.52 0.024296875000000002 0.52 0.024296875000000002 0.5759722218750001 0.1734375 0.5759722218750001
1 0.16109374999999998 0.619722221875 0.16109374999999998 0.5808333328125 0.025625 0.5808333328125 0.025625 0.619722221875 0.16109374999999998 0.619722221875
1 0.16109374999999998 0.6611111109375 0.16109374999999998 0.617222221875 0.024296875000000002 0.617222221875 0.024296875000000002 0.6611111109375 0.16109374999999998 0.6611111109375
1 0.162421875 0.72194444375 0.162421875 0.6611111109375 0.024296875000000002 0.6611111109375 0.024296875000000002 0.72194444375 0.162421875 0.72194444375
1 0.35539062499999996 0.63680555625 0.35539062499999996 0.573472221875 0.162421875 0.573472221875 0.162421875 0.63680555625 0.35539062499999996 0.63680555625
1 0.360859375 0.67569444375 0.360859375 0.63680555625 0.156953125 0.63680555625 0.156953125 0.67569444375 0.360859375 0.67569444375
1 0.35812499999999997 0.7316666671875 0.35812499999999997 0.67805555625 0.162421875 0.67805555625 0.162421875 0.7316666671875 0.35812499999999997 0.7316666671875
1 0.3878125 0.36305555625 0.3878125 0.3361111109375 0.371953125 0.3361111109375 0.371953125 0.36305555625 0.3878125 0.36305555625
1 0.389140625 0.3736111109375 0.389140625 0.347777778125 0.368671875 0.347777778125 0.368671875 0.3736111109375 0.389140625 0.3736111109375
1 0.386484375 0.3923611109375 0.386484375 0.366527778125 0.37 0.366527778125 0.37 0.3923611109375 0.386484375 0.3923611109375
1 0.391796875 0.41 0.391796875 0.38180555625 0.36539062499999997 0.38180555625 0.36539062499999997 0.41 0.391796875 0.41
1 0.39046875000000003 0.42750000000000005 0.39046875000000003 0.39819444375 0.364765625 0.39819444375 0.364765625 0.42750000000000005 0.39046875000000003 0.42750000000000005
1 0.389140625 0.43694444375 0.389140625 0.41347222187500005 0.3640625 0.41347222187500005 0.3640625 0.43694444375 0.389140625 0.43694444375
1 0.389140625 0.46152777812499995 0.389140625 0.43222222187500003 0.368046875 0.43222222187500003 0.368046875 0.46152777812499995 0.389140625 0.46152777812499995
1 0.39109375 0.47569444375 0.39109375 0.45222222187499994 0.36539062499999997 0.45222222187499994 0.36539062499999997 0.47569444375 0.39109375 0.47569444375
1 0.38851562500000003 0.49680555625 0.38851562500000003 0.46749999999999997 0.36539062499999997 0.46749999999999997 0.36539062499999997 0.49680555625 0.38851562500000003 0.49680555625
1 0.3871875 0.5120833328125001 0.3871875 0.49916666718749997 0.36539062499999997 0.49916666718749997 0.36539062499999997 0.5120833328125001 0.3871875 0.5120833328125001
1 0.38984375 0.5308333328125 0.38984375 0.51555555625 0.36539062499999997 0.51555555625 0.36539062499999997 0.5308333328125 0.38984375 0.5308333328125
1 0.38851562500000003 0.5483333328125 0.38851562500000003 0.5319444437499999 0.366015625 0.5319444437499999 0.366015625 0.5483333328125 0.38851562500000003 0.5483333328125
1 0.38851562500000003 0.565972221875 0.38851562500000003 0.5483333328125 0.36539062499999997 0.5483333328125 0.36539062499999997 0.565972221875 0.38851562500000003 0.565972221875
1 0.385859375 0.584722221875 0.385859375 0.57180555625 0.368046875 0.57180555625 0.368046875 0.584722221875 0.385859375 0.584722221875
1 0.386484375 0.596527778125 0.386484375 0.584722221875 0.36539062499999997 0.584722221875 0.36539062499999997 0.596527778125 0.386484375 0.596527778125
1 0.39109375 0.6211111109375 0.39109375 0.5976388890625 0.366015625 0.5976388890625 0.366015625 0.6211111109375 0.39109375 0.6211111109375
1 0.13679687499999998 0.16513888906250002 0.13679687499999998 0.115972221875 0.0734375 0.115972221875 0.0734375 0.16513888906250002 0.13679687499999998 0.16513888906250002
1 0.0053124999999999995 0.0061111109375 0.0053124999999999995 0.0623611109375 0.075 0.0623611109375 0.075 0.0061111109375 0.0053124999999999995 0.0061111109375
1 0.06390625 0.1201388890625 0.06390625 0.015972221875 0.00140625 0.015972221875 0.00140625 0.1201388890625 0.06390625 0.1201388890625
1 0.00453125 0.06527777812499999 0.00453125 0.160972221875 0.052031249999999994 0.160972221875 0.052031249999999994 0.06527777812499999 0.00453125 0.06527777812499999
1 0.0528125 0.2201388890625 0.0528125 0.1286111109375 0.00375 0.1286111109375 0.00375 0.2201388890625 0.0528125 0.2201388890625
1 0.00375 0.1623611109375 0.00375 0.25666666718750003 0.045703125 0.25666666718750003 0.045703125 0.1623611109375 0.00375 0.1623611109375
1 0.00296875 0.2158333328125 0.00296875 0.317222221875 0.038593749999999996 0.317222221875 0.038593749999999996 0.2158333328125 0.00296875 0.2158333328125
1 0.03703125 0.3566666671875 0.03703125 0.2679166671875 0.00296875 0.2679166671875 0.00296875 0.3566666671875 0.03703125 0.3566666671875
1 0.0021874999999999998 0.32 0.0021874999999999998 0.39888888906250003 0.030703124999999998 0.39888888906250003 0.030703124999999998 0.32 0.0021874999999999998 0.32
1 0.034609375 0.45944444375 0.034609375 0.373472221875 0.0021874999999999998 0.373472221875 0.0021874999999999998 0.45944444375 0.034609375 0.45944444375
1 0.00140625 0.43833333281250003 0.00140625 0.5016666671875 0.0290625 0.5016666671875 0.0290625 0.43833333281250003 0.00140625 0.43833333281250003
1 0.0290625 0.55930555625 0.0290625 0.49874999999999997 0.00140625 0.49874999999999997 0.00140625 0.55930555625 0.0290625 0.55930555625
1 0.030703124999999998 0.6113888890625 0.030703124999999998 0.5466666671875 0.00296875 0.5466666671875 0.00296875 0.6113888890625 0.030703124999999998 0.6113888890625
1 0.033828125 0.6691666671875 0.033828125 0.5930555562500001 0.0021874999999999998 0.5930555562500001 0.0021874999999999998 0.6691666671875 0.033828125 0.6691666671875
1 0.03703125 0.7141666671875 0.03703125 0.6352777781250001 0.00609375 0.6352777781250001 0.00609375 0.7141666671875 0.03703125 0.7141666671875
1 0.031484374999999995 0.746527778125 0.031484374999999995 0.6888888890625 0.011640625 0.6888888890625 0.011640625 0.746527778125 0.031484374999999995 0.746527778125
1 0.969765625 0.54694444375 0.969765625 0.5306944437500001 0.9486718749999999 0.5306944437500001 0.9486718749999999 0.54694444375 0.969765625 0.54694444375
1 0.971640625 0.5583333328125 0.971640625 0.5445833328125 0.944609375 0.5445833328125 0.944609375 0.5583333328125 0.971640625 0.5583333328125
1 0.969765625 0.5690277781249999 0.969765625 0.5559722218750001 0.942734375 0.5559722218750001 0.942734375 0.5690277781249999 0.969765625 0.5690277781249999
1 0.9692968750000001 0.58694444375 0.9692968750000001 0.5690277781249999 0.944609375 0.5690277781249999 0.944609375 0.58694444375 0.9692968750000001 0.58694444375
0 0.781953125 0.36444444374999996 0.781953125 0.630277778125 0.91078125 0.630277778125 0.91078125 0.36444444374999996 0.781953125 0.36444444374999996