0 0.75484375 0.61375 0.75484375 0.4916666671875 0.724140625 0.4916666671875 0.724140625 0.61375 0.75484375 0.61375
0 0.593984375 0.6420833328125 0.593984375 0.45736111093750004 0.5619531249999999 0.45736111093750004 0.5619531249999999 0.6420833328125 0.593984375 0.6420833328125
1 0.625859375 0.2023611109375 0.625859375 0.18805555625 0.588671875 0.18805555625 0.588671875 0.2023611109375 0.625859375 0.2023611109375
1 0.6642187500000001 0.2 0.6642187500000001 0.1833333328125 0.626953125 0.1833333328125 0.626953125 0.2 0.6642187500000001 0.2
1 0.705546875 0.19958333281250001 0.705546875 0.18111111093750001 0.6657031250000001 0.18111111093750001 0.6657031250000001 0.19958333281250001 0.705546875 0.19958333281250001
1 0.750703125 0.19819444375 0.750703125 0.18319444375 0.7130468750000001 0.18319444375 0.7130468750000001 0.19819444375 0.750703125 0.19819444375
1 0.79359375 0.1998611109375 0.79359375 0.18444444375 0.75890625 0.18444444375 0.75890625 0.1998611109375 0.79359375 0.1998611109375
1 0.828125 0.201527778125 0.828125 0.185972221875 0.793828125 0.185972221875 0.793828125 0.201527778125 0.828125 0.201527778125
1 0.867890625 0.205 0.867890625 0.1875 0.8325781250000001 0.1875 0.8325781250000001 0.205 0.867890625 0.205
1 0.862578125 0.183472221875 0.862578125 0.13430555625 0.842109375 0.13430555625 0.842109375 0.183472221875 0.862578125 0.183472221875
1 0.875703125 0.1816666671875 0.875703125 0.23694444374999998 0.89578125 0.23694444374999998 0.89578125 0.1816666671875 0.875703125 0.1816666671875
1 0.890859375 0.12847222187500001 0.890859375 0.1983333328125 0.9180468749999999 0.1983333328125 0.9180468749999999 0.12847222187500001 0.890859375 0.12847222187500001
1 0.912421875 0.062222221875 0.912421875 0.13916666718749998 0.9475 0.13916666718749998 0.9475 0.062222221875 0.912421875 0.062222221875
1 0.461796875 0.10888888906250001 0.461796875 0.1954166671875 0.5239843750000001 0.1954166671875 0.5239843750000001 0.10888888906250001 0.461796875 0.10888888906250001
1 0.5248437499999999 0.28291666718749997 0.5248437499999999 0.197222221875 0.46390624999999996 0.197222221875 0.46390624999999996 0.28291666718749997 0.5248437499999999 0.28291666718749997
1 0.356796875 0.08 0.356796875 0.19944444374999998 0.456640625 0.19944444374999998 0.456640625 0.08 0.356796875 0.08
1 0.380078125 0.0008333328124999999 0.380078125 0.10180555625000001 0.4571875 0.10180555625000001 0.4571875 0.0008333328124999999 0.380078125 0.0008333328124999999
1 0.52734375 0.060277778125 0.52734375 0.0011111109375000002 0.487421875 0.0011111109375000002 0.487421875 0.060277778125 0.52734375 0.060277778125
1 0.559609375 0.0876388890625 0.559609375 0.013333332812500001 0.5296093749999999 0.013333332812500001 0.5296093749999999 0.0876388890625 0.559609375 0.0876388890625
1 0.5569170671875 0.1251566953125 0.5559615375 0.1320405984375 0.558828125 0.13388888906250002 0.558828125 0.1413888890625 0.555006009375 0.1389245015625 0.53876201875 0.2559508546875 0.45773437499999997 0.37986111093749997 0.45773437499999997 0.4179166671875 0.5215625 0.4179166671875 0.5215625 0.37986111093749997 0.537806490625 0.2628347578125 0.558828125 0.16388888906250001 0.57875 0.16388888906250001 0.57875 0.1113888890625 0.558828125 0.1113888890625 0.5578725953125 0.1182727921875 0.558828125 0.11888888906249999 0.558828125 0.1263888890625 0.5569170671875 0.1251566953125
1 0.522734375 0.5097222218749999 0.522734375 0.4651388890625 0.455234375 0.4651388890625 0.455234375 0.5097222218749999 0.522734375 0.5097222218749999
1 0.277890625 0.4376388890625 0.277890625 0.5025000000000001 0.436015625 0.5025000000000001 0.436015625 0.4376388890625 0.277890625 0.4376388890625
1 0.10890625000000001 0.3758333328125 0.10890625000000001 0.46805555625000006 0.2803125 0.46805555625000006 0.2803125 0.3758333328125 0.10890625000000001 0.3758333328125
1 0.28890625000000003 0.3175 0.28890625000000003 0.1741666671875 0.124296875 0.1741666671875 0.124296875 0.3175 0.28890625000000003 0.3175
1 0.000078125 0.1245833328125 0.000078125 0.24583333281250003 0.09343749999999999 0.24583333281250003 0.09343749999999999 0.1245833328125 0.000078125 0.1245833328125
1 0.00078125 0.3498611109375 0.00078125 0.44749999999999995 0.0690625 0.44749999999999995 0.0690625 0.3498611109375 0.00078125 0.3498611109375
1 0.000625 0.57625 0.000625 0.6626388890625 0.069765625 0.6626388890625 0.069765625 0.57625 0.000625 0.57625
1 0.28132812500000004 0.6516666671875 0.28132812500000004 0.5601388890625 0.10593749999999999 0.5601388890625 0.10593749999999999 0.6516666671875 0.28132812500000004 0.6516666671875
1 0.278828125 0.8488888890625 0.278828125 0.719027778125 0.111328125 0.719027778125 0.111328125 0.8488888890625 0.278828125 0.8488888890625
1 0.075625 0.86430555625 0.075625 0.78125 0.000390625 0.78125 0.000390625 0.86430555625 0.075625 0.86430555625
1 0.43109374999999994 0.7423611109375 0.43109374999999994 0.6675 0.2934375 0.6675 0.2934375 0.7423611109375 0.43109374999999994 0.7423611109375
1 0.27999999999999997 0.5633333328125001 0.27999999999999997 0.614027778125 0.43515625 0.614027778125 0.43515625 0.5633333328125001 0.27999999999999997 0.5633333328125001
1 0.5615625 0.6591666671875 0.5615625 0.624027778125 0.519453125 0.624027778125 0.519453125 0.6591666671875 0.5615625 0.6591666671875
1 0.56328125 0.592222221875 0.56328125 0.5613888890625 0.51953125 0.5613888890625 0.51953125 0.592222221875 0.56328125 0.592222221875
0 0.69453125 0.61555555625 0.69453125 0.41930555625 0.639140625 0.41930555625 0.639140625 0.61555555625 0.69453125 0.61555555625
0 0.7540625000000001 0.18194444375000002 0.7540625000000001 0.6791666671875001 0.8764843750000001 0.6791666671875001 0.8764843750000001 0.18194444375000002 0.7540625000000001 0.18194444375000002
1 0.45367187500000006 0.560277778125 0.45367187500000006 0.6004166671875 0.518671875 0.6004166671875 0.518671875 0.560277778125 0.45367187500000006 0.560277778125
1 0.453125 0.6479166671875001 0.453125 0.6911111109375 0.5192187500000001 0.6911111109375 0.5192187500000001 0.6479166671875001 0.453125 0.6479166671875001
1 0.520390625 0.48805555624999997 0.520390625 0.530277778125 0.56796875 0.530277778125 0.56796875 0.48805555624999997 0.520390625 0.48805555624999997
1 0.5232812499999999 0.42000000000000004 0.5232812499999999 0.46749999999999997 0.5696875 0.46749999999999997 0.5696875 0.42000000000000004 0.5232812499999999 0.42000000000000004
1 0.46140625 0.036527778125 0.46140625 0.1375 0.52734375 0.1375 0.52734375 0.036527778125 0.46140625 0.036527778125
1 0.844375 0.00041666718749999997 0.844375 0.034722221875 0.863671875 0.034722221875 0.863671875 0.00041666718749999997 0.844375 0.00041666718749999997
1 0.858125 0.21944444375 0.858125 0.2633333328125 0.8754687499999999 0.2633333328125 0.8754687499999999 0.21944444375 0.858125 0.21944444375
1 0.865859375 0.40416666718750005 0.865859375 0.4420833328125 0.911171875 0.4420833328125 0.911171875 0.40416666718750005 0.865859375 0.40416666718750005
1 0.90390625 0.47722222187499996 0.90390625 0.4895833328125 0.946875 0.4895833328125 0.946875 0.47722222187499996 0.90390625 0.47722222187499996
1 0.899375 0.45069444374999995 0.899375 0.46958333281250003 0.946640625 0.46958333281250003 0.946640625 0.45069444374999995 0.899375 0.45069444374999995
1 0.903046875 0.46486111093750004 0.903046875 0.479722221875 0.9483593750000001 0.479722221875 0.9483593750000001 0.46486111093750004 0.903046875 0.46486111093750004
1 0.26968749999999997 0 0.26968749999999997 0.060972221874999996 0.342109375 0.060972221874999996 0.342109375 0 0.26968749999999997 0
1 0.9453125 0.5016666671875 0.9453125 0.490277778125 0.903359375 0.490277778125 0.903359375 0.5016666671875 0.9453125 0.5016666671875
1 0.8215625 0.432777778125 0.8215625 0.41152777812499997 0.7728906249999999 0.41152777812499997 0.7728906249999999 0.432777778125 0.8215625 0.432777778125
1 0.9453125 0.5286111109375 0.9453125 0.51305555625 0.901015625 0.51305555625 0.901015625 0.5286111109375 0.9453125 0.5286111109375
1 0.946484375 0.5420833328125 0.946484375 0.527222221875 0.90015625 0.527222221875 0.90015625 0.5420833328125 0.946484375 0.5420833328125
1 0.9453125 0.55694444375 0.9453125 0.54 0.9005468750000001 0.54 0.9005468750000001 0.55694444375 0.9453125 0.55694444375
1 0.898203125 0.49319444375000004 0.898203125 0.47888888906249993 0.857109375 0.47888888906249993 0.857109375 0.49319444375000004 0.898203125 0.49319444375000004