0 0.54796875 0.63175 0.54796875 0.520125 0.51953125 0.520125 0.51953125 0.63175 0.54796875 0.63175
0 0.40242187500000004 0.651 0.40242187500000004 0.48075 0.374765625 0.48075 0.374765625 0.651 0.40242187500000004 0.651
1 1 0.060250000000000005 0.8603125 0.060250000000000005 0.8603125 0.1615 1 0.1615 1 0.060250000000000005
1 0.81515625 0.14075 0.81515625 0.215625 0.946640625 0.215625 0.946640625 0.14075 0.81515625 0.14075
1 0.92015625 0.36974999999999997 0.92015625 0.321875 0.8753125 0.321875 0.8753125 0.36974999999999997 0.92015625 0.36974999999999997
1 0.9253125000000001 0.29325 0.9253125000000001 0.344375 0.97828125 0.344375 0.97828125 0.29325 0.9253125000000001 0.29325
1 0.8275 0.31637499999999996 0.8275 0.2765 0.713671875 0.2765 0.713671875 0.31637499999999996 0.8275 0.31637499999999996
1 0.79890625 0.33987500000000004 0.79890625 0.300375 0.6971875 0.300375 0.6971875 0.33987500000000004 0.79890625 0.33987500000000004
1 0.696875 0.35225 0.696875 0.322125 0.6809375 0.322125 0.6809375 0.35225 0.696875 0.35225
1 0.723828125 0.168875 0.723828125 0.12375 0.679453125 0.12375 0.679453125 0.168875 0.723828125 0.168875
1 0.7056250000000001 0.083625 0.7056250000000001 0.1255 0.726171875 0.1255 0.726171875 0.083625 0.7056250000000001 0.083625
1 0.72484375 0.034999999999999996 0.72484375 0.093 0.754296875 0.093 0.754296875 0.034999999999999996 0.72484375 0.034999999999999996
1 0.3159375 0.23762500000000003 0.3159375 0.15462499999999998 0.15890625 0.15462499999999998 0.15890625 0.23762500000000003 0.3159375 0.23762500000000003
1 0.313125 0.323875 0.313125 0.242 0.115390625 0.242 0.115390625 0.323875 0.313125 0.323875
1 0.3434375 0.362125 0.3434375 0.309875 0.30343749999999997 0.309875 0.30343749999999997 0.362125 0.3434375 0.362125
1 0.31390625 0.23775 0.31390625 0.29300000000000004 0.34796875 0.29300000000000004 0.34796875 0.23775 0.31390625 0.23775
1 0.3146875 0.15562499999999999 0.3146875 0.23112499999999997 0.3525 0.23112499999999997 0.3525 0.15562499999999999 0.3146875 0.15562499999999999
1 0.268515625 0 0.268515625 0.061250000000000006 0.31703125 0.061250000000000006 0.31703125 0 0.268515625 0
1 0.31484375 0.152 0.31484375 0.058499999999999996 0.154296875 0.058499999999999996 0.154296875 0.152 0.31484375 0.152
1 0.4325 0.22337500000000002 0.4325 0.20787499999999998 0.401171875 0.20787499999999998 0.401171875 0.22337500000000002 0.4325 0.22337500000000002
1 0.473828125 0.228375 0.473828125 0.21075 0.433203125 0.21075 0.433203125 0.228375 0.473828125 0.228375
1 0.51875 0.2305 0.51875 0.21525 0.47781250000000003 0.21525 0.47781250000000003 0.2305 0.51875 0.2305
1 0.569921875 0.236375 0.569921875 0.22162500000000002 0.5284375 0.22162500000000002 0.5284375 0.236375 0.569921875 0.236375
1 0.621171875 0.244875 0.621171875 0.22625 0.5778125000000001 0.22625 0.5778125000000001 0.244875 0.621171875 0.244875
1 0.662734375 0.24562499999999998 0.662734375 0.23125 0.622578125 0.23125 0.622578125 0.24562499999999998 0.662734375 0.24562499999999998
1 0.223203125 0.468625 0.223203125 0.399125 0.05703125 0.399125 0.05703125 0.468625 0.223203125 0.468625
1 0.21789062499999998 0.5743750000000001 0.21789062499999998 0.525125 0.106484375 0.525125 0.106484375 0.5743750000000001 0.21789062499999998 0.5743750000000001
1 0.208984375 0.689125 0.208984375 0.6265 0.125 0.6265 0.125 0.689125 0.208984375 0.689125
1 0 0.763375 0.10382812500000001 0.763375 0.10382812500000001 0.663125 0 0.663125 0 0.763375
1 0.000625 0.5131249999999999 0.000625 0.5815 0.1084375 0.5815 0.1084375 0.5131249999999999 0.000625 0.5131249999999999
1 0 0.935875 0.08890624999999999 0.935875 0.08890624999999999 0.8182499999999999 0 0.8182499999999999 0 0.935875
1 0.21179687500000002 0.8140000000000001 0.21179687500000002 0.72825 0.126953125 0.72825 0.126953125 0.8140000000000001 0.21179687500000002 0.8140000000000001
1 0.26609375 0.74825 0.26609375 0.699125 0.23195312499999998 0.699125 0.23195312499999998 0.74825 0.26609375 0.74825
1 0.23484375000000002 0.6131249999999999 0.23484375000000002 0.65575 0.268984375 0.65575 0.268984375 0.6131249999999999 0.23484375000000002 0.6131249999999999
1 0.241953125 0.5335 0.241953125 0.560625 0.273671875 0.560625 0.273671875 0.5335 0.241953125 0.5335
1 0.24500000000000002 0.43975 0.24500000000000002 0.48125 0.278515625 0.48125 0.278515625 0.43975 0.24500000000000002 0.43975
1 0.320703125 0.560125 0.320703125 0.5313749999999999 0.27328125000000003 0.5313749999999999 0.27328125000000003 0.560125 0.320703125 0.560125
1 0.313671875 0.63475 0.313671875 0.596375 0.27015625 0.596375 0.27015625 0.63475 0.313671875 0.63475
1 0.31062500000000004 0.705375 0.31062500000000004 0.6695 0.2684375 0.6695 0.2684375 0.705375 0.31062500000000004 0.705375
1 0.36109375 0.672625 0.36109375 0.6519999999999999 0.326796875 0.6519999999999999 0.326796875 0.672625 0.36109375 0.672625
1 0.368125 0.611375 0.368125 0.59275 0.3278125 0.59275 0.3278125 0.611375 0.368125 0.611375
1 0.37117187500000004 0.553625 0.37117187500000004 0.53175 0.33046875 0.53175 0.33046875 0.553625 0.37117187500000004 0.553625
1 0.9637499999999999 0.784625 0.9637499999999999 0.74 0.923828125 0.74 0.923828125 0.784625 0.9637499999999999 0.784625
1 0.88453125 0.71825 0.88453125 0.756875 0.9242968749999999 0.756875 0.9242968749999999 0.71825 0.88453125 0.71825
1 0.83125 0.7030000000000001 0.83125 0.731375 0.849296875 0.731375 0.849296875 0.7030000000000001 0.83125 0.7030000000000001
1 0.9946093749999999 0.56125 0.9946093749999999 0.5287499999999999 0.9180468749999999 0.5287499999999999 0.9180468749999999 0.56125 0.9946093749999999 0.56125
1 0.8686718750000001 0.5277499999999999 0.8686718750000001 0.557125 0.91859375 0.557125 0.91859375 0.5277499999999999 0.8686718750000001 0.5277499999999999
1 0.73625 0.5091249999999999 0.73625 0.48650000000000004 0.66125 0.48650000000000004 0.66125 0.5091249999999999 0.73625 0.5091249999999999
1 0 0.14850000000000002 0.158984375 0.14850000000000002 0.158984375 0.003125 0 0.003125 0 0.14850000000000002
0 0.428515625 0.44787499999999997 0.428515625 0.6285000000000001 0.49421875000000004 0.6285000000000001 0.49421875000000004 0.44787499999999997 0.428515625 0.44787499999999997
0 0.546484375 0.31175 0.546484375 0.6990000000000001 0.6609375 0.6990000000000001 0.6609375 0.31175 0.546484375 0.31175
1 0.372109375 0.497 0.372109375 0.46975 0.33390624999999996 0.46975 0.33390624999999996 0.497 0.372109375 0.497
1 0.32023437499999996 0.090875 0.32023437499999996 0.16212500000000002 0.356328125 0.16212500000000002 0.356328125 0.090875 0.32023437499999996 0.090875
1 0.325390625 0 0.325390625 0.058750000000000004 0.354453125 0.058750000000000004 0.354453125 0 0.325390625 0
1 0.353125 0.16212500000000002 0.353125 0.21612499999999998 0.38296874999999997 0.21612499999999998 0.38296874999999997 0.16212500000000002 0.353125 0.16212500000000002
1 0.354375 0.056874999999999995 0.354375 0.125 0.383359375 0.125 0.383359375 0.056874999999999995 0.354375 0.056874999999999995
1 0.38851562500000003 0.073 0.38851562500000003 0.000625 0.357421875 0.000625 0.357421875 0.073 0.38851562500000003 0.073
1 0.37960937499999997 0.27075 0.37960937499999997 0.226375 0.34703125 0.226375 0.34703125 0.27075 0.37960937499999997 0.27075
1 0.375 0.32237499999999997 0.375 0.28775 0.344375 0.28775 0.344375 0.32237499999999997 0.375 0.32237499999999997
1 0.37203125 0.388625 0.37203125 0.348 0.3403125 0.348 0.3403125 0.388625 0.37203125 0.388625
1 0.393984375 0.13025 0.393984375 0.0885 0.3828125 0.0885 0.3828125 0.13025 0.393984375 0.13025
1 0.6621875 0.264 0.6621875 0.29025 0.68046875 0.29025 0.68046875 0.264 0.6621875 0.264
1 0.666640625 0.3445 0.666640625 0.364125 0.6809375 0.364125 0.6809375 0.3445 0.666640625 0.3445
1 0.751484375 0 0.751484375 0.033875 0.7750781250000001 0.033875 0.7750781250000001 0 0.751484375 0
1 0.6678124999999999 0.01775 0.6678124999999999 0.062125 0.686015625 0.062125 0.686015625 0.01775 0.6678124999999999 0.01775