0 0.609609375 0.82805555625 0.609609375 0.269027778125 0.477890625 0.269027778125 0.477890625 0.82805555625 0.609609375 0.82805555625
1 0.669140625 0.127777778125 0.669140625 0.25819444375 0.92609375 0.25819444375 0.92609375 0.127777778125 0.669140625 0.127777778125
1 0.926953125 0.3088888890625 0.926953125 0.185 0.671640625 0.185 0.671640625 0.3088888890625 0.926953125 0.3088888890625
1 0.92734375 0.39805555625 0.92734375 0.3045833328125 0.663046875 0.3045833328125 0.663046875 0.39805555625 0.92734375 0.39805555625
1 0.9272656250000001 0.45041666718749995 0.9272656250000001 0.3663888890625 0.6621875 0.3663888890625 0.6621875 0.45041666718749995 0.9272656250000001 0.45041666718749995
1 0.92890625 0.5173611109375 0.92890625 0.42236111093749995 0.663828125 0.42236111093749995 0.663828125 0.5173611109375 0.92890625 0.5173611109375
1 0.93125 0.6926388890624999 0.93125 0.604722221875 0.6671875 0.604722221875 0.6671875 0.6926388890624999 0.93125 0.6926388890624999
1 0.9295312499999999 0.762222221875 0.9295312499999999 0.6616666671875 0.6696875 0.6616666671875 0.6696875 0.762222221875 0.9295312499999999 0.762222221875
1 0.930390625 0.8254166671875 0.930390625 0.707777778125 0.6671875 0.707777778125 0.6671875 0.8254166671875 0.930390625 0.8254166671875
1 0.776484375 0 0.776484375 0.0586111109375 0.897734375 0.0586111109375 0.897734375 0 0.776484375 0
1 0.91828125 0.22194444375 0.91828125 0.0726388890625 0.6704687500000001 0.0726388890625 0.6704687500000001 0.22194444375 0.91828125 0.22194444375
1 0.66875 0 0.66875 0.0998611109375 0.902734375 0.0998611109375 0.902734375 0 0.66875 0
1 0.9295312499999999 0.35680555625 0.9295312499999999 0.25513888906250004 0.668671875 0.25513888906250004 0.668671875 0.35680555625 0.9295312499999999 0.35680555625
1 0.9311718750000001 0.634027778125 0.9311718750000001 0.55319444375 0.663046875 0.55319444375 0.663046875 0.634027778125 0.9311718750000001 0.634027778125
1 0.9295312499999999 0.55944444375 0.9295312499999999 0.48847222187500006 0.663046875 0.48847222187500006 0.663046875 0.55944444375 0.9295312499999999 0.55944444375
1 0.9999218750000001 0.447777778125 0.9999218750000001 0.3811111109375 0.9278906250000001 0.3811111109375 0.9278906250000001 0.447777778125 0.9999218750000001 0.447777778125
1 0.9991406250000001 0.49888888906249995 0.9991406250000001 0.4370833328125 0.9278906250000001 0.4370833328125 0.9278906250000001 0.49888888906249995 0.9991406250000001 0.49888888906249995
1 0.99921875 0.5558333328125 0.99921875 0.49291666718749994 0.928671875 0.49291666718749994 0.928671875 0.5558333328125 0.99921875 0.5558333328125
1 0.9999218750000001 0.39638888906249997 0.9999218750000001 0.32819444375 0.92703125 0.32819444375 0.92703125 0.39638888906249997 0.9999218750000001 0.39638888906249997
1 0.9998437499999999 0.6120833328125 0.9998437499999999 0.546527778125 0.93203125 0.546527778125 0.93203125 0.6120833328125 0.9998437499999999 0.6120833328125
1 0.9998437499999999 0.66069444375 0.9998437499999999 0.5991666671875 0.9295312499999999 0.5991666671875 0.9295312499999999 0.66069444375 0.9998437499999999 0.66069444375
1 0.9991406250000001 0.725972221875 0.9991406250000001 0.6591666671875 0.9295312499999999 0.6591666671875 0.9295312499999999 0.725972221875 0.9991406250000001 0.725972221875
1 1 0.70625 0.9295312499999999 0.70625 0.9295312499999999 0.787222221875 1 0.787222221875 1 0.70625
1 0.67234375 0.32083333281250004 0.67234375 0.2208333328125 0.631484375 0.2208333328125 0.631484375 0.32083333281250004 0.67234375 0.32083333281250004
1 0.6671875 0.17444444374999998 0.6671875 0.10527777812500001 0.628828125 0.10527777812500001 0.628828125 0.17444444374999998 0.6671875 0.17444444374999998
1 0.66890625 0.22374999999999998 0.66890625 0.1329166671875 0.630078125 0.1329166671875 0.630078125 0.22374999999999998 0.66890625 0.22374999999999998
1 0.670625 0.26236111093750003 0.670625 0.17791666718750002 0.6303124999999999 0.17791666718750002 0.6303124999999999 0.26236111093750003 0.670625 0.26236111093750003
1 0.665546875 0.4248611109375 0.665546875 0.36930555625 0.6326562499999999 0.36930555625 0.6326562499999999 0.4248611109375 0.665546875 0.4248611109375
1 0.9999218750000001 0.34444444375 0.9999218750000001 0.27375 0.924765625 0.27375 0.924765625 0.34444444375 0.9999218750000001 0.34444444375
1 0.6713281249999999 0.35555555625 0.6713281249999999 0.2751388890625 0.63171875 0.2751388890625 0.63171875 0.35555555625 0.6713281249999999 0.35555555625
1 0.668828125 0.3886111109375 0.668828125 0.32375 0.631875 0.32375 0.631875 0.3886111109375 0.668828125 0.3886111109375
1 0.6646875 0.5636111109375 0.6646875 0.51055555625 0.632421875 0.51055555625 0.632421875 0.5636111109375 0.6646875 0.5636111109375
1 0.6646875 0.5208333328125 0.6646875 0.4620833328125 0.632421875 0.4620833328125 0.632421875 0.5208333328125 0.6646875 0.5208333328125
1 0.6646875 0.46944444374999994 0.6646875 0.41347222187500005 0.632421875 0.41347222187500005 0.632421875 0.46944444374999994 0.6646875 0.46944444374999994
0 0.09125 0.00625 0.09125 0.82819444375 0.3646875 0.82819444375 0.3646875 0.00625 0.09125 0.00625
1 0.6309375 0.051527778125 0.6309375 0.1373611109375 0.6696093750000001 0.1373611109375 0.6696093750000001 0.051527778125 0.6309375 0.051527778125
1 0.44070312500000003 0.72555555625 0.44070312500000003 0.799722221875 0.627421875 0.799722221875 0.627421875 0.72555555625 0.44070312500000003 0.72555555625