1 0.861640625 0.386 0.861640625 0.353875 0.771875 0.353875 0.771875 0.386 0.861640625 0.386
1 0.861953125 0.40862499999999996 0.861953125 0.3815 0.7728906249999999 0.3815 0.7728906249999999 0.40862499999999996 0.861953125 0.40862499999999996
1 0.858984375 0.43174999999999997 0.858984375 0.40912499999999996 0.7678906249999999 0.40912499999999996 0.7678906249999999 0.43174999999999997 0.858984375 0.43174999999999997
1 0.8625 0.457 0.8625 0.429 0.7692187500000001 0.429 0.7692187500000001 0.457 0.8625 0.457
1 0.8603125 0.485375 0.8603125 0.45462499999999995 0.77140625 0.45462499999999995 0.77140625 0.485375 0.8603125 0.485375
1 0.861640625 0.51375 0.861640625 0.481125 0.769609375 0.481125 0.769609375 0.51375 0.861640625 0.51375
1 0.8627343749999999 0.535875 0.8627343749999999 0.50075 0.7700781250000001 0.50075 0.7700781250000001 0.535875 0.8627343749999999 0.535875
1 0.86109375 0.55625 0.86109375 0.5275000000000001 0.7692187500000001 0.5275000000000001 0.7692187500000001 0.55625 0.86109375 0.55625
1 0.8595312500000001 0.582625 0.8595312500000001 0.55 0.7692187500000001 0.55 0.7692187500000001 0.582625 0.8595312500000001 0.582625
1 0.858984375 0.607375 0.858984375 0.5738749999999999 0.768359375 0.5738749999999999 0.768359375 0.607375 0.858984375 0.607375
1 0.86 0.63125 0.86 0.596375 0.768359375 0.596375 0.768359375 0.63125 0.86 0.63125
1 0.8568749999999999 0.655 0.8568749999999999 0.623125 0.775390625 0.623125 0.775390625 0.655 0.8568749999999999 0.655
1 0.8571875 0.676625 0.8571875 0.6471250000000001 0.775390625 0.6471250000000001 0.775390625 0.676625 0.8571875 0.676625
1 0.8573437500000001 0.708875 0.8573437500000001 0.678 0.794921875 0.678 0.794921875 0.708875 0.8573437500000001 0.708875
1 0.8568749999999999 0.72825 0.8568749999999999 0.69775 0.793828125 0.69775 0.793828125 0.72825 0.8568749999999999 0.72825
0 0.817578125 0.735875 0.817578125 0.504875 0.756796875 0.504875 0.756796875 0.735875 0.817578125 0.735875
1 0.76890625 0.45462499999999995 0.76890625 0.42737499999999995 0.701953125 0.42737499999999995 0.701953125 0.45462499999999995 0.76890625 0.45462499999999995
1 0.771875 0.47874999999999995 0.771875 0.45475000000000004 0.709375 0.45475000000000004 0.709375 0.47874999999999995 0.771875 0.47874999999999995
1 0.770234375 0.50075 0.770234375 0.476625 0.7169531250000001 0.476625 0.7169531250000001 0.50075 0.770234375 0.50075
1 0.8172656249999999 0.07325000000000001 0.8172656249999999 0.025124999999999998 0.781171875 0.025124999999999998 0.781171875 0.07325000000000001 0.8172656249999999 0.07325000000000001
1 0.86234375 0.121875 0.86234375 0.08199999999999999 0.8357812499999999 0.08199999999999999 0.8357812499999999 0.121875 0.86234375 0.121875
1 0.49710937499999996 0.85725 0.49710937499999996 0.759375 0.230546875 0.759375 0.230546875 0.85725 0.49710937499999996 0.85725
1 0.22015625 0.903125 0.22015625 0.7933749999999999 0.002109375 0.7933749999999999 0.002109375 0.903125 0.22015625 0.903125
1 0.50828125 0.48237500000000005 0.50828125 0.414 0.23781249999999998 0.414 0.23781249999999998 0.48237500000000005 0.50828125 0.48237500000000005
1 0.043203124999999995 0 0.043203124999999995 0.07475000000000001 0.13218749999999999 0.07475000000000001 0.13218749999999999 0 0.043203124999999995 0
0 0.760546875 0.76825 0.760546875 0.324125 0.569453125 0.324125 0.569453125 0.76825 0.760546875 0.76825
0 0.9996875 0.999375 0.9996875 0.9075 0.8573437500000001 0.9075 0.8573437500000001 0.999375 0.9996875 0.999375
1 0.8125781249999999 0.057374999999999995 0.8125781249999999 0.092125 0.834765625 0.092125 0.834765625 0.057374999999999995 0.8125781249999999 0.057374999999999995