1 0.23921874999999998 0.92225 0.23921874999999998 0.7631249999999999 0.092890625 0.7631249999999999 0.092890625 0.92225 0.23921874999999998 0.92225
1 0.10140625 0.9904999999999999 0.10140625 0.8403750000000001 0.001875 0.8403750000000001 0.001875 0.9904999999999999 0.10140625 0.9904999999999999
1 0.35148437499999996 0.715375 0.35148437499999996 0.6403749999999999 0.244921875 0.6403749999999999 0.244921875 0.715375 0.35148437499999996 0.715375
1 0.409765625 0.694875 0.409765625 0.629 0.3259375 0.629 0.3259375 0.694875 0.409765625 0.694875
1 0.493359375 0.61675 0.493359375 0.5835 0.46773437500000004 0.5835 0.46773437500000004 0.61675 0.493359375 0.61675
1 0.5239843750000001 0.61825 0.5239843750000001 0.593 0.49734375000000003 0.593 0.49734375000000003 0.61825 0.5239843750000001 0.61825
1 0.47265625 0.615125 0.47265625 0.58825 0.43218750000000006 0.58825 0.43218750000000006 0.615125 0.47265625 0.615125
1 0.79140625 0.809375 0.79140625 0.719375 0.64140625 0.719375 0.64140625 0.809375 0.79140625 0.809375
1 0.74796875 0.700375 0.74796875 0.5835 0.6315625 0.5835 0.6315625 0.700375 0.74796875 0.700375
1 0.002109375 0.35025 0.002109375 0.40425000000000005 0.158359375 0.40425000000000005 0.158359375 0.35025 0.002109375 0.35025
1 0.00296875 0.381875 0.00296875 0.42925 0.16 0.42925 0.16 0.381875 0.00296875 0.381875
1 0.00046875 0.413375 0.00046875 0.46075 0.16 0.46075 0.16 0.413375 0.00046875 0.413375
1 0.004609375000000001 0.441 0.004609375000000001 0.48187499999999994 0.15671875 0.48187499999999994 0.15671875 0.441 0.004609375000000001 0.441
1 0.20445312499999999 0.466 0.20445312499999999 0.43574999999999997 0.16 0.43574999999999997 0.16 0.466 0.20445312499999999 0.466
1 0.20031249999999998 0.495 0.20031249999999998 0.46075 0.155078125 0.46075 0.155078125 0.495 0.20031249999999998 0.495
1 0.161640625 0.41875 0.161640625 0.445 0.2028125 0.445 0.2028125 0.41875 0.161640625 0.41875
1 0.15757812499999999 0.38575 0.15757812499999999 0.41875 0.20445312499999999 0.41875 0.20445312499999999 0.38575 0.15757812499999999 0.38575
1 0.158359375 0.35950000000000004 0.158359375 0.39637500000000003 0.1978125 0.39637500000000003 0.1978125 0.35950000000000004 0.158359375 0.35950000000000004
1 0.161640625 0.33975 0.161640625 0.37525 0.201171875 0.37525 0.201171875 0.33975 0.161640625 0.33975
1 0.16328125 0.308125 0.16328125 0.35025 0.205234375 0.35025 0.205234375 0.308125 0.16328125 0.308125
1 0.164921875 0.2805 0.164921875 0.324 0.20445312499999999 0.324 0.20445312499999999 0.2805 0.164921875 0.2805
1 0.164921875 0.26475 0.164921875 0.29900000000000004 0.211015625 0.29900000000000004 0.211015625 0.26475 0.164921875 0.26475
1 0.17234375 0.23450000000000001 0.17234375 0.28450000000000003 0.2134375 0.28450000000000003 0.2134375 0.23450000000000001 0.17234375 0.23450000000000001
1 0.170703125 0.20950000000000002 0.170703125 0.25025 0.206875 0.25025 0.206875 0.20950000000000002 0.170703125 0.20950000000000002
1 0.17234375 0.17925 0.17234375 0.227875 0.20609375000000002 0.227875 0.20609375000000002 0.17925 0.17234375 0.17925
1 0.180546875 0.16599999999999998 0.180546875 0.20812499999999998 0.21265625 0.20812499999999998 0.21265625 0.16599999999999998 0.180546875 0.16599999999999998
1 0.180546875 0.13974999999999999 0.180546875 0.18975 0.22335937499999997 0.18975 0.22335937499999997 0.13974999999999999 0.180546875 0.13974999999999999
1 0.180546875 0.11474999999999999 0.180546875 0.16599999999999998 0.220859375 0.16599999999999998 0.220859375 0.11474999999999999 0.180546875 0.11474999999999999
1 0.178125 0.091 0.178125 0.137125 0.22414062499999998 0.137125 0.22414062499999998 0.091 0.178125 0.091
1 0.17515624999999999 0.062875 0.17515624999999999 0.111125 0.2190625 0.111125 0.2190625 0.062875 0.17515624999999999 0.062875
1 0.19296875 0.052000000000000005 0.19296875 0.08925 0.22796875 0.08925 0.22796875 0.052000000000000005 0.19296875 0.052000000000000005
1 0.2190625 0.07725 0.2190625 0.110125 0.24851562500000002 0.110125 0.24851562500000002 0.07725 0.2190625 0.07725
1 0.207421875 0.277875 0.207421875 0.3195 0.23757812500000003 0.3195 0.23757812500000003 0.277875 0.207421875 0.277875
1 0.229296875 0.346875 0.229296875 0.303125 0.20398437500000002 0.303125 0.20398437500000002 0.346875 0.229296875 0.346875
1 0.232734375 0.37 0.232734375 0.331625 0.19984375000000001 0.331625 0.19984375000000001 0.37 0.232734375 0.37
1 0.22726562499999997 0.388625 0.22726562499999997 0.352375 0.19296875 0.352375 0.19296875 0.388625 0.22726562499999997 0.388625
1 0.236875 0.40837500000000004 0.236875 0.37875000000000003 0.19234374999999998 0.37875000000000003 0.19234374999999998 0.40837500000000004 0.236875 0.40837500000000004
1 0.23140624999999998 0.43137499999999995 0.23140624999999998 0.40062499999999995 0.19640625 0.40062499999999995 0.19640625 0.43137499999999995 0.23140624999999998 0.43137499999999995
1 0.24304687500000002 0.462 0.24304687500000002 0.42699999999999994 0.20054687499999999 0.42699999999999994 0.20054687499999999 0.462 0.24304687500000002 0.462
1 0.000625 0.32425000000000004 0.000625 0.37575 0.15687500000000001 0.37575 0.15687500000000001 0.32425000000000004 0.000625 0.32425000000000004
1 0.0040625 0.28912499999999997 0.0040625 0.34725 0.15757812499999999 0.34725 0.15757812499999999 0.28912499999999997 0.0040625 0.28912499999999997
1 0.004765625 0.26175000000000004 0.004765625 0.320875 0.161015625 0.320875 0.161015625 0.26175000000000004 0.004765625 0.26175000000000004
1 0.000625 0.23424999999999999 0.000625 0.2935 0.1603125 0.2935 0.1603125 0.23424999999999999 0.000625 0.23424999999999999
1 0.16304687499999998 0.277125 0.16304687499999998 0.203625 0.000625 0.203625 0.000625 0.277125 0.16304687499999998 0.277125
1 0.004765625 0.17075 0.004765625 0.24962499999999999 0.161015625 0.24962499999999999 0.161015625 0.17075 0.004765625 0.17075
1 0.004765625 0.14225000000000002 0.004765625 0.21787499999999999 0.1671875 0.21787499999999999 0.1671875 0.14225000000000002 0.004765625 0.14225000000000002
1 0.0040625 0.119125 0.0040625 0.185 0.16578125 0.185 0.16578125 0.119125 0.0040625 0.119125
1 0.002734375 0.084125 0.002734375 0.167375 0.169921875 0.167375 0.169921875 0.084125 0.002734375 0.084125
1 0.17265625 0.14225000000000002 0.17265625 0.05775 0.006796874999999999 0.05775 0.006796874999999999 0.14225000000000002 0.17265625 0.14225000000000002
1 0.003359375 0.0315 0.003359375 0.12362500000000001 0.177421875 0.12362500000000001 0.177421875 0.0315 0.003359375 0.0315
1 0.00546875 0.005124999999999999 0.00546875 0.08299999999999999 0.175390625 0.08299999999999999 0.175390625 0.005124999999999999 0.00546875 0.005124999999999999
1 0.116484375 0.001875 0.116484375 0.056625 0.16921875 0.056625 0.16921875 0.001875 0.116484375 0.001875
1 0.19390625 0.008125 0.19390625 0.031875 0.22742187500000002 0.031875 0.22742187500000002 0.008125 0.19390625 0.008125
1 0.70109375 0.29874999999999996 0.70109375 0.246625 0.648828125 0.246625 0.648828125 0.29874999999999996 0.70109375 0.29874999999999996
1 0.998828125 0.181875 0.998828125 0.11750000000000001 0.91828125 0.11750000000000001 0.91828125 0.181875 0.998828125 0.181875
1 0.997109375 0.5783750000000001 0.997109375 0.52725 0.9496874999999999 0.52725 0.9496874999999999 0.5783750000000001 0.997109375 0.5783750000000001
1 0.9994531249999999 0.692125 0.9994531249999999 0.6315000000000001 0.9556250000000001 0.6315000000000001 0.9556250000000001 0.692125 0.9994531249999999 0.692125
1 0.8596875 0.9945 0.8596875 0.8398749999999999 0.774453125 0.8398749999999999 0.774453125 0.9945 0.8596875 0.9945
0 0.5608593749999999 0.28025 0.5608593749999999 0.74075 0.7096875 0.74075 0.7096875 0.28025 0.5608593749999999 0.28025