1 0.645 0.40680555625 0.645 0.35305555625 0.47781250000000003 0.35305555625 0.47781250000000003 0.40680555625 0.645 0.40680555625
1 0.640625 0.6605555562500001 0.640625 0.60944444375 0.48023437500000005 0.60944444375 0.48023437500000005 0.6605555562500001 0.640625 0.6605555562500001
1 0.9934375 0.6983333328125 0.9934375 0.6415277781250001 0.835 0.6415277781250001 0.835 0.6983333328125 0.9934375 0.6983333328125
1 0.47734375 0.669027778125 0.47734375 0.60944444375 0.274921875 0.60944444375 0.274921875 0.669027778125 0.47734375 0.669027778125
1 0.27859375000000003 0.6263888890625 0.27859375000000003 0.5770833328125 0.2440625 0.5770833328125 0.2440625 0.6263888890625 0.27859375000000003 0.6263888890625
1 0.154453125 0.7751388890625 0.154453125 0.7022222218749999 0.0025781249999999997 0.7022222218749999 0.0025781249999999997 0.7751388890625 0.154453125 0.7751388890625
1 0.45906250000000004 0.14416666718749999 0.45906250000000004 0.0848611109375 0.41078125 0.0848611109375 0.41078125 0.14416666718749999 0.45906250000000004 0.14416666718749999
1 0.40960937499999994 0.185 0.40960937499999994 0.1298611109375 0.36828125 0.1298611109375 0.36828125 0.185 0.40960937499999994 0.185
1 0.83625 0.3563888890625 0.83625 0.3429166671875 0.80296875 0.3429166671875 0.80296875 0.3563888890625 0.83625 0.3563888890625
1 0.8358593750000001 0.37472222187500004 0.8358593750000001 0.357777778125 0.8025781249999999 0.357777778125 0.8025781249999999 0.37472222187500004 0.8358593750000001 0.37472222187500004
1 0.836640625 0.38819444375 0.836640625 0.37305555625000003 0.803125 0.37305555625000003 0.803125 0.38819444375 0.836640625 0.38819444375
1 0.836953125 0.40374999999999994 0.836953125 0.3886111109375 0.802734375 0.3886111109375 0.802734375 0.40374999999999994 0.836953125 0.40374999999999994
1 0.8371875 0.42111111093750003 0.8371875 0.40444444375 0.8038281250000001 0.40444444375 0.8038281250000001 0.42111111093750003 0.8371875 0.42111111093750003
1 0.837578125 0.43958333281249995 0.837578125 0.42111111093750003 0.80546875 0.42111111093750003 0.80546875 0.43958333281249995 0.837578125 0.43958333281249995
1 0.8387499999999999 0.45305555625 0.8387499999999999 0.43958333281249995 0.80546875 0.43958333281249995 0.80546875 0.45305555625 0.8387499999999999 0.45305555625
1 0.836875 0.4683333328125 0.836875 0.45305555625 0.799765625 0.45305555625 0.799765625 0.4683333328125 0.836875 0.4683333328125
1 0.8373437499999999 0.48680555625000005 0.8373437499999999 0.4683333328125 0.8040625 0.4683333328125 0.8040625 0.48680555625000005 0.8373437499999999 0.48680555625000005
1 0.83890625 0.5045833328125 0.83890625 0.48694444375 0.808359375 0.48694444375 0.808359375 0.5045833328125 0.83890625 0.5045833328125
1 0.8384375000000001 0.519027778125 0.8384375000000001 0.5041666671875 0.807421875 0.5041666671875 0.807421875 0.519027778125 0.8384375000000001 0.519027778125
0 0.8055468749999999 0.615972221875 0.8055468749999999 0.30013888906249997 0.686015625 0.30013888906249997 0.686015625 0.615972221875 0.8055468749999999 0.615972221875
0 0.46171875 0.0070833328125 0.46171875 0.0970833328125 0.614609375 0.0970833328125 0.614609375 0.0070833328125 0.46171875 0.0070833328125
1 0.7175 0.020277778125 0.7175 0.05500000000000001 0.747421875 0.05500000000000001 0.747421875 0.020277778125 0.7175 0.020277778125
1 0.7439843749999999 0.0488888890625 0.7439843749999999 0.0775 0.762890625 0.0775 0.762890625 0.0488888890625 0.7439843749999999 0.0488888890625
1 0.761796875 0.0723611109375 0.761796875 0.10194444375 0.7830468749999999 0.10194444375 0.7830468749999999 0.0723611109375 0.761796875 0.0723611109375
1 0.79109375 0.112222221875 0.79109375 0.1366666671875 0.8146875 0.1366666671875 0.8146875 0.112222221875 0.79109375 0.112222221875