1 0.82109375 0.661125 0.82109375 0.6118750000000001 0.7578125 0.6118750000000001 0.7578125 0.661125 0.82109375 0.661125
1 0.828125 0.69775 0.828125 0.6527499999999999 0.765703125 0.6527499999999999 0.765703125 0.69775 0.828125 0.69775
1 0.763046875 0.678125 0.763046875 0.723125 0.824609375 0.723125 0.824609375 0.678125 0.763046875 0.678125
1 0.8272656250000001 0.761125 0.8272656250000001 0.6950000000000001 0.7560156250000001 0.6950000000000001 0.7560156250000001 0.761125 0.8272656250000001 0.761125
1 0.7234375 0.633 0.7234375 0.680875 0.775390625 0.680875 0.775390625 0.633 0.7234375 0.633
1 0.761328125 0.6950000000000001 0.761328125 0.6639999999999999 0.715546875 0.6639999999999999 0.715546875 0.6950000000000001 0.761328125 0.6950000000000001
1 0.7182031249999999 0.6837500000000001 0.7182031249999999 0.707625 0.7578125 0.707625 0.7578125 0.6837500000000001 0.7182031249999999 0.6837500000000001
1 0.739296875 0.734375 0.739296875 0.66825 0.6240625 0.66825 0.6240625 0.734375 0.739296875 0.734375
1 0.316796875 0.22974999999999998 0.316796875 0.172 0.19453125 0.172 0.19453125 0.22974999999999998 0.316796875 0.22974999999999998
1 0.19624999999999998 0.197375 0.19624999999999998 0.24512499999999998 0.31765625000000003 0.24512499999999998 0.31765625000000003 0.197375 0.19624999999999998 0.197375
1 0.31765625000000003 0.280375 0.31765625000000003 0.217 0.19359375 0.217 0.19359375 0.280375 0.31765625000000003 0.280375
1 0.18656250000000002 0.23675000000000002 0.18656250000000002 0.288875 0.315 0.288875 0.315 0.23675000000000002 0.18656250000000002 0.23675000000000002
1 0.31765625000000003 0.29725 0.31765625000000003 0.250875 0.19273437499999999 0.250875 0.19273437499999999 0.29725 0.31765625000000003 0.29725
1 0.197109375 0.28325 0.197109375 0.31837499999999996 0.315 0.31837499999999996 0.315 0.28325 0.197109375 0.28325
1 0.309765625 0.331 0.309765625 0.29300000000000004 0.191015625 0.29300000000000004 0.191015625 0.331 0.309765625 0.331
1 0.219140625 0.31837499999999996 0.219140625 0.355 0.30359375 0.355 0.30359375 0.31837499999999996 0.219140625 0.31837499999999996
1 0.333515625 0.288875 0.334375 0.288875 0.333515625 0.286 0.333515625 0.288875
1 0.419765625 0.331 0.419765625 0.3015 0.31242187499999996 0.3015 0.31242187499999996 0.331 0.419765625 0.331
1 0.314140625 0.33525 0.314140625 0.35775 0.424140625 0.35775 0.424140625 0.33525 0.314140625 0.33525
1 0.416171875 0.3705 0.416171875 0.3465 0.314140625 0.3465 0.314140625 0.3705 0.416171875 0.3705
1 0.31765625000000003 0.367625 0.31765625000000003 0.398625 0.416171875 0.398625 0.416171875 0.367625 0.31765625000000003 0.367625
1 0.416171875 0.409875 0.416171875 0.3845 0.314140625 0.3845 0.314140625 0.409875 0.416171875 0.409875
1 0.4146875 0.43600000000000005 0.4146875 0.40675 0.31078125 0.40675 0.31078125 0.43600000000000005 0.4146875 0.43600000000000005
1 0.415859375 0.4575 0.415859375 0.43499999999999994 0.309609375 0.43499999999999994 0.309609375 0.4575 0.415859375 0.4575
1 0.4146875 0.476125 0.4146875 0.44675000000000004 0.30648437500000003 0.44675000000000004 0.30648437500000003 0.476125 0.4146875 0.476125
1 0.415859375 0.49074999999999996 0.415859375 0.47024999999999995 0.308359375 0.47024999999999995 0.308359375 0.49074999999999996 0.415859375 0.49074999999999996
1 0.41281249999999997 0.51425 0.41281249999999997 0.48687500000000006 0.302265625 0.48687500000000006 0.302265625 0.51425 0.41281249999999997 0.51425
1 0.4140625 0.5347500000000001 0.4140625 0.51425 0.3309375 0.51425 0.3309375 0.5347500000000001 0.4140625 0.5347500000000001
1 0.40734375 0.68825 0.40734375 0.660875 0.301640625 0.660875 0.301640625 0.68825 0.40734375 0.68825
1 0.302265625 0.741 0.302265625 0.6637500000000001 0.138515625 0.6637500000000001 0.138515625 0.741 0.302265625 0.741
1 0.134765625 0.7675 0.134765625 0.67625 0.0017187500000000002 0.67625 0.0017187500000000002 0.7675 0.134765625 0.7675
1 0.12625 0.0715 0.12625 0.12050000000000001 0.1928125 0.12050000000000001 0.1928125 0.0715 0.12625 0.0715
1 0.206484375 0.029375000000000002 0.206484375 0.06987499999999999 0.238203125 0.06987499999999999 0.238203125 0.029375000000000002 0.206484375 0.029375000000000002
1 0.25296875 0.0935 0.25296875 0.057999999999999996 0.238203125 0.057999999999999996 0.238203125 0.0935 0.25296875 0.0935
1 0.26671875 0.130625 0.26671875 0.0935 0.245546875 0.0935 0.245546875 0.130625 0.26671875 0.130625
1 0.99578125 0.312125 0.99578125 0.27337500000000003 0.9440625 0.27337500000000003 0.9440625 0.312125 0.99578125 0.312125
1 0.994765625 0.291875 0.994765625 0.248 0.94828125 0.248 0.94828125 0.291875 0.994765625 0.291875
1 0.947265625 0.22599999999999998 0.947265625 0.264875 0.99578125 0.264875 0.99578125 0.22599999999999998 0.947265625 0.22599999999999998
1 0.996875 0.242875 0.996875 0.199 0.9493750000000001 0.199 0.9493750000000001 0.242875 0.996875 0.242875
1 0.9493750000000001 0.168625 0.9493750000000001 0.217625 0.998984375 0.217625 0.998984375 0.168625 0.9493750000000001 0.168625
1 0.9978906249999999 0.180375 0.9978906249999999 0.133125 0.9440625 0.133125 0.9440625 0.180375 0.9978906249999999 0.180375
0 0.512109375 0.63425 0.512109375 0.42362500000000003 0.40765624999999994 0.42362500000000003 0.40765624999999994 0.63425 0.512109375 0.63425
0 0.609375 0.6328750000000001 0.609375 0.46187500000000004 0.504140625 0.46187500000000004 0.504140625 0.6328750000000001 0.609375 0.6328750000000001