0 0.6878124999999999 0.7681250000000001 0.6878124999999999 0.5038750000000001 0.61328125 0.5038750000000001 0.61328125 0.7681250000000001 0.6878124999999999 0.7681250000000001
0 0.164296875 0.99925 0.164296875 0.37112500000000004 0.0005468749999999999 0.37112500000000004 0.0005468749999999999 0.99925 0.164296875 0.99925
1 0.031093749999999996 0 0.031093749999999996 0.161 0.15984375 0.161 0.15984375 0 0.031093749999999996 0
1 0.9327343750000001 0.34950000000000003 0.9327343750000001 0.311375 0.7579687500000001 0.311375 0.7579687500000001 0.34950000000000003 0.9327343750000001 0.34950000000000003
1 0.754609375 0.5347500000000001 0.754609375 0.5042500000000001 0.72546875 0.5042500000000001 0.72546875 0.5347500000000001 0.754609375 0.5347500000000001
1 0.751328125 0.69275 0.751328125 0.64525 0.722265625 0.64525 0.722265625 0.69275 0.751328125 0.69275
1 0.751328125 0.646125 0.751328125 0.6165 0.7251562500000001 0.6165 0.7251562500000001 0.646125 0.751328125 0.646125
1 0.748671875 0.6208750000000001 0.748671875 0.58475 0.723671875 0.58475 0.723671875 0.6208750000000001 0.748671875 0.6208750000000001
1 0.74875 0.580125 0.74875 0.559875 0.7221093749999999 0.559875 0.7221093749999999 0.580125 0.74875 0.580125
1 0.753984375 0.55975 0.753984375 0.529625 0.7275 0.529625 0.7275 0.55975 0.753984375 0.55975
1 0.748671875 0.70975 0.748671875 0.68425 0.725 0.68425 0.725 0.70975 0.748671875 0.70975
0 0.39953125 0.3375 0.39953125 0.7565000000000001 0.559296875 0.7565000000000001 0.559296875 0.3375 0.39953125 0.3375
0 1 0.002875 0.733125 0.002875 0.733125 1 1 1 1 0.002875
1 0.592421875 0.7224999999999999 0.592421875 0.764875 0.70234375 0.764875 0.70234375 0.7224999999999999 0.592421875 0.7224999999999999