1 0.854140625 0.46527777812500004 0.854140625 0.4438888890625 0.8197656249999999 0.4438888890625 0.8197656249999999 0.46527777812500004 0.854140625 0.46527777812500004
1 0.911875 0.28819444375000003 0.911875 0.252222221875 0.846875 0.252222221875 0.846875 0.28819444375000003 0.911875 0.28819444375000003
1 0.848828125 0.31180555625 0.848828125 0.27555555625 0.835625 0.27555555625 0.835625 0.31180555625 0.848828125 0.31180555625
1 0.838828125 0.3311111109375 0.838828125 0.3038888890625 0.8231249999999999 0.3038888890625 0.8231249999999999 0.3311111109375 0.838828125 0.3311111109375
1 0.6051562500000001 0.52194444375 0.6051562500000001 0.5016666671875 0.576171875 0.5016666671875 0.576171875 0.52194444375 0.6051562500000001 0.52194444375
1 0.6071093750000001 0.5741666671875 0.6071093750000001 0.5533333328125 0.57578125 0.5533333328125 0.57578125 0.5741666671875 0.6071093750000001 0.5741666671875
1 0.569296875 0.5237499999999999 0.569296875 0.4923611109375 0.52828125 0.4923611109375 0.52828125 0.5237499999999999 0.569296875 0.5237499999999999
1 0.498046875 0.48347222187499994 0.498046875 0.5170833328125 0.52828125 0.5170833328125 0.52828125 0.48347222187499994 0.498046875 0.48347222187499994
1 0.380546875 0.46375 0.380546875 0.5148611109375001 0.478203125 0.5148611109375001 0.478203125 0.46375 0.380546875 0.46375
1 0.483046875 0.42680555625 0.483046875 0.36375 0.380234375 0.36375 0.380234375 0.42680555625 0.483046875 0.42680555625
1 0.530390625 0.44444444375 0.530390625 0.3991666671875 0.49796874999999996 0.3991666671875 0.49796874999999996 0.44444444375 0.530390625 0.44444444375
1 0.5284375 0.596527778125 0.5284375 0.5588888890625 0.498203125 0.5588888890625 0.498203125 0.596527778125 0.5284375 0.596527778125
1 0.475 0.6079166671875 0.475 0.5679166671875 0.40453124999999995 0.5679166671875 0.40453124999999995 0.6079166671875 0.475 0.6079166671875
1 0.41414062500000004 0.7198611109375 0.41414062500000004 0.500277778125 0.379453125 0.500277778125 0.379453125 0.7198611109375 0.41414062500000004 0.7198611109375
1 0.38046875 0.63430555625 0.38046875 0.5683333328125 0.2575 0.5683333328125 0.2575 0.63430555625 0.38046875 0.63430555625
1 0.25578124999999996 0.40277777812500004 0.25578124999999996 0.49083333281249997 0.381875 0.49083333281249997 0.381875 0.40277777812500004 0.25578124999999996 0.40277777812500004
1 0.001171875 0.3545833328125 0.001171875 0.4620833328125 0.219921875 0.4620833328125 0.219921875 0.3545833328125 0.001171875 0.3545833328125
1 0.000078125 0.567222221875 0.000078125 0.6551388890625 0.214765625 0.6551388890625 0.214765625 0.567222221875 0.000078125 0.567222221875
1 0.22453125 0.8691666671875 0.22453125 0.7501388890625 0.00375 0.7501388890625 0.00375 0.8691666671875 0.22453125 0.8691666671875
1 0.37906249999999997 0.80305555625 0.37906249999999997 0.6948611109375 0.25953125 0.6948611109375 0.25953125 0.80305555625 0.37906249999999997 0.80305555625
1 0.4809375 0.7118055562500001 0.4809375 0.6511111109375001 0.41375 0.6511111109375001 0.41375 0.7118055562500001 0.4809375 0.7118055562500001
1 0.5270312500000001 0.6758333328125 0.5270312500000001 0.6293055562500001 0.496953125 0.6293055562500001 0.496953125 0.6758333328125 0.5270312500000001 0.6758333328125
1 0.5653125 0.647222221875 0.5653125 0.6147222218749999 0.526953125 0.6147222218749999 0.526953125 0.647222221875 0.5653125 0.647222221875
1 0.6059375 0.6293055562500001 0.6059375 0.6044444437500001 0.563828125 0.6044444437500001 0.563828125 0.6293055562500001 0.6059375 0.6293055562500001
1 0.570546875 0.58444444375 0.570546875 0.5554166671874999 0.528671875 0.5554166671874999 0.528671875 0.58444444375 0.570546875 0.58444444375
1 0.605703125 0.47069444374999997 0.605703125 0.44875 0.575546875 0.44875 0.575546875 0.47069444374999997 0.605703125 0.47069444374999997
1 0.546953125 0.304027778125 0.546953125 0.35180555625 0.577890625 0.35180555625 0.577890625 0.304027778125 0.546953125 0.304027778125
1 0.403671875 0.24236111093749999 0.403671875 0.3086111109375 0.5489843750000001 0.3086111109375 0.5489843750000001 0.24236111093749999 0.403671875 0.24236111093749999
1 0.446875 0.171527778125 0.446875 0.23944444374999999 0.5482812499999999 0.23944444374999999 0.5482812499999999 0.171527778125 0.446875 0.171527778125
1 0.54765625 0.1720833328125 0.54765625 0.10055555625000001 0.43304687499999994 0.10055555625000001 0.43304687499999994 0.1720833328125 0.54765625 0.1720833328125
1 0.577265625 0.2370833328125 0.577265625 0.18402777812499999 0.548359375 0.18402777812499999 0.548359375 0.2370833328125 0.577265625 0.2370833328125
1 0.548125 0.1245833328125 0.548125 0.18444444375 0.577890625 0.18444444375 0.577890625 0.1245833328125 0.548125 0.1245833328125
1 0.60453125 0.236527778125 0.60453125 0.1898611109375 0.5775 0.1898611109375 0.5775 0.236527778125 0.60453125 0.236527778125
1 0.551875 0.2479166671875 0.551875 0.2938888890625 0.576875 0.2938888890625 0.576875 0.2479166671875 0.551875 0.2479166671875
1 0.6017187500000001 0.3788888890625 0.6017187500000001 0.341527778125 0.5778125000000001 0.341527778125 0.5778125000000001 0.3788888890625 0.6017187500000001 0.3788888890625
1 0.6446875000000001 0.2683333328125 0.6446875000000001 0.25680555625 0.620625 0.25680555625 0.620625 0.2683333328125 0.6446875000000001 0.2683333328125
1 0.6754687500000001 0.2663888890625 0.6754687500000001 0.25430555625 0.644609375 0.25430555625 0.644609375 0.2663888890625 0.6754687500000001 0.2663888890625
1 0.706953125 0.2648611109375 0.706953125 0.25180555625 0.67640625 0.25180555625 0.67640625 0.2648611109375 0.706953125 0.2648611109375
1 0.742421875 0.26430555624999996 0.742421875 0.25305555625 0.7132031249999999 0.25305555625 0.7132031249999999 0.26430555624999996 0.742421875 0.26430555624999996
1 0.77734375 0.26597222187499997 0.77734375 0.2526388890625 0.749765625 0.2526388890625 0.749765625 0.26597222187499997 0.77734375 0.26597222187499997
1 0.8053125 0.26597222187499997 0.8053125 0.25375000000000003 0.7784375 0.25375000000000003 0.7784375 0.26597222187499997 0.8053125 0.26597222187499997
1 0.83671875 0.18430555625 0.83671875 0.14069444375 0.8123437499999999 0.14069444375 0.8123437499999999 0.18430555625 0.83671875 0.18430555625
1 0.8377343749999999 0.1436111109375 0.8377343749999999 0.107222221875 0.82390625 0.107222221875 0.82390625 0.1436111109375 0.8377343749999999 0.1436111109375
1 0.8341406250000001 0.0629166671875 0.8341406250000001 0.11194444374999998 0.8496874999999999 0.11194444374999998 0.8496874999999999 0.0629166671875 0.8341406250000001 0.0629166671875
1 0.9311718750000001 0.1751388890625 0.9311718750000001 0.10486111093749999 0.9003125000000001 0.10486111093749999 0.9003125000000001 0.1751388890625 0.9311718750000001 0.1751388890625
1 0.8428906250000001 0.000277778125 0.8428906250000001 0.05791666718750001 0.86265625 0.05791666718750001 0.86265625 0.000277778125 0.8428906250000001 0.000277778125
1 0.286796875 0.0001388890625 0.286796875 0.12597222187499998 0.40695312499999997 0.12597222187499998 0.40695312499999997 0.0001388890625 0.286796875 0.0001388890625
1 0.548203125 0.11347222187499999 0.548203125 0.026527778125000002 0.447421875 0.026527778125000002 0.447421875 0.11347222187499999 0.548203125 0.11347222187499999
1 0.80234375 0.0073611109375 0.80234375 0.050277778125000006 0.81078125 0.050277778125000006 0.81078125 0.0073611109375 0.80234375 0.0073611109375
1 0.96578125 0.1145833328125 0.96578125 0.029166667187500002 0.9239062499999999 0.029166667187500002 0.9239062499999999 0.1145833328125 0.96578125 0.1145833328125
0 0.631796875 0.6086111109375001 0.631796875 0.4808333328125 0.61546875 0.4808333328125 0.61546875 0.6086111109375001 0.631796875 0.6086111109375001
0 0.742421875 0.5901388890625 0.742421875 0.4986111109375 0.72203125 0.4986111109375 0.72203125 0.5901388890625 0.742421875 0.5901388890625
0 0.70046875 0.593472221875 0.70046875 0.44611111093750005 0.655546875 0.44611111093750005 0.655546875 0.593472221875 0.70046875 0.593472221875
0 0.74296875 0.3 0.74296875 0.62180555625 0.816640625 0.62180555625 0.816640625 0.3 0.74296875 0.3
1 0.576875 0.288472221875 0.576875 0.324027778125 0.603515625 0.324027778125 0.603515625 0.288472221875 0.576875 0.288472221875
1 0.5756249999999999 0.24041666718750002 0.5756249999999999 0.2773611109375 0.6021875 0.2773611109375 0.6021875 0.24041666718750002 0.5756249999999999 0.24041666718750002
1 0.5484375 0.0538888890625 0.5484375 0.12180555625 0.575234375 0.12180555625 0.575234375 0.0538888890625 0.5484375 0.0538888890625
1 0.575234375 0.06944444375 0.575234375 0.11944444375 0.59984375 0.11944444375 0.59984375 0.06944444375 0.575234375 0.06944444375
1 0.57203125 0.1126388890625 0.57203125 0.169722221875 0.598515625 0.169722221875 0.598515625 0.1126388890625 0.57203125 0.1126388890625
1 0.5413281249999999 0.005277778125 0.5413281249999999 0.0691666671875 0.573203125 0.0691666671875 0.573203125 0.005277778125 0.5413281249999999 0.005277778125
1 0.57328125 0.023194443749999998 0.57328125 0.082222221875 0.59984375 0.082222221875 0.59984375 0.023194443749999998 0.57328125 0.023194443749999998
1 0.8059687500000001 0.178277778125 0.808753125 0.255827778125 0.809765625 0.25569444375 0.809765625 0.26277777812499997 0.80900625 0.262877778125 0.8092593750000001 0.269927778125 0.809765625 0.2698611109375 0.809765625 0.284027778125 0.8207812499999999 0.284027778125 0.8207812499999999 0.25569444375 0.8152734374999999 0.25569444375 0.805715625 0.171227778125 0.8034375 0.107777778125 0.8034375 0.07180555625 0.79453125 0.07180555625 0.79453125 0.107777778125 0.7989843750000001 0.107777778125 0.8059687500000001 0.178277778125
1 0.60390625 0.5970833328125 0.60390625 0.6158333328125 0.6153906250000001 0.6158333328125 0.6153906250000001 0.5970833328125 0.60390625 0.5970833328125
1 0.61171875 0.22694444374999997 0.61171875 0.19263888906249999 0.6014062499999999 0.19263888906249999 0.6014062499999999 0.22694444374999997 0.61171875 0.22694444374999997
1 0.609375 0.179722221875 0.609375 0.145972221875 0.59875 0.145972221875 0.59875 0.179722221875 0.609375 0.179722221875
1 0.610078125 0.1454166671875 0.610078125 0.10638888906249999 0.600078125 0.10638888906249999 0.600078125 0.1454166671875 0.610078125 0.1454166671875
1 0.620390625 0.267222221875 0.620390625 0.2429166671875 0.6127343749999999 0.2429166671875 0.6127343749999999 0.267222221875 0.620390625 0.267222221875
1 0.759140625 0.42694444374999996 0.759140625 0.4426388890625 0.78515625 0.4426388890625 0.78515625 0.42694444374999996 0.759140625 0.42694444374999996
1 0.75515625 0.439027778125 0.75515625 0.454722221875 0.7846875 0.454722221875 0.7846875 0.439027778125 0.75515625 0.439027778125
1 0.751953125 0.449722221875 0.751953125 0.46319444374999996 0.7846875 0.46319444374999996 0.7846875 0.449722221875 0.751953125 0.449722221875
1 0.8653124999999999 0.4723611109375 0.8653124999999999 0.48444444375 0.897265625 0.48444444375 0.897265625 0.4723611109375 0.8653124999999999 0.4723611109375
1 0.866171875 0.48375 0.866171875 0.497222221875 0.9004687499999999 0.497222221875 0.9004687499999999 0.48375 0.866171875 0.48375