1 0.6446875000000001 0.3083333328125 0.6446875000000001 0.2295833328125 0.508203125 0.2295833328125 0.508203125 0.3083333328125 0.6446875000000001 0.3083333328125
1 0.8526562500000001 0.162222221875 0.8526562500000001 0.10430555625 0.804453125 0.10430555625 0.804453125 0.162222221875 0.8526562500000001 0.162222221875
1 0.970078125 0.30444444375 0.970078125 0.239027778125 0.873359375 0.239027778125 0.873359375 0.30444444375 0.970078125 0.30444444375
1 1 0.2126388890625 0.9598437499999999 0.2126388890625 0.9598437499999999 0.2501388890625 1 0.2501388890625 1 0.2126388890625
1 0.8673437500000001 0.00125 0.8673437500000001 0.049722221875 0.903359375 0.049722221875 0.903359375 0.00125 0.8673437500000001 0.00125
1 0.9297656249999999 0.1020833328125 0.9297656249999999 0.048472221875 0.89671875 0.048472221875 0.89671875 0.1020833328125 0.9297656249999999 0.1020833328125
1 0.95609375 0.1458333328125 0.95609375 0.097222221875 0.929375 0.097222221875 0.929375 0.1458333328125 0.95609375 0.1458333328125
1 0.981640625 0.192222221875 0.981640625 0.13194444375 0.952890625 0.13194444375 0.952890625 0.192222221875 0.981640625 0.192222221875
1 0.37140625 0.2001388890625 0.37140625 0.17791666718750002 0.33625 0.17791666718750002 0.33625 0.2001388890625 0.37140625 0.2001388890625
1 0.39835937499999996 0.07986111093750001 0.39835937499999996 0.052777778124999994 0.344296875 0.052777778124999994 0.344296875 0.07986111093750001 0.39835937499999996 0.07986111093750001
1 0.33765625 0.043888889062500006 0.33765625 0.029166667187500002 0.30765625 0.029166667187500002 0.30765625 0.043888889062500006 0.33765625 0.043888889062500006
1 0.33125 0.1276388890625 0.33125 0.109027778125 0.300234375 0.109027778125 0.300234375 0.1276388890625 0.33125 0.1276388890625
1 0.31656249999999997 0.21444444375 0.31656249999999997 0.19958333281250001 0.293828125 0.19958333281250001 0.293828125 0.21444444375 0.31656249999999997 0.21444444375
1 0.00015625 0.337777778125 0.00015625 0.416527778125 0.041484375000000004 0.416527778125 0.041484375000000004 0.337777778125 0.00015625 0.337777778125
1 0.0003125 0.29694444375 0.0003125 0.37680555625 0.04015625 0.37680555625 0.04015625 0.29694444375 0.0003125 0.29694444375
1 0 0.46027777812500004 0.038125 0.46027777812500004 0.038125 0.39 0 0.39 0 0.46027777812500004
1 0.0003125 0.43722222187500004 0.0003125 0.49444444374999996 0.037421875 0.49444444374999996 0.037421875 0.43722222187500004 0.0003125 0.43722222187500004
1 0 0.5348611109375 0.03265625 0.5348611109375 0.03265625 0.48805555624999997 0 0.48805555624999997 0 0.5348611109375
1 0 0.5791666671875 0.035078125 0.5791666671875 0.035078125 0.5251388890625 0 0.5251388890625 0 0.5791666671875
1 0 0.6659722218749999 0.033828125 0.6659722218749999 0.033828125 0.59875 0 0.59875 0 0.6659722218749999
1 0 0.7052777781249999 0.033984375 0.7052777781249999 0.033984375 0.639027778125 0 0.639027778125 0 0.7052777781249999
1 0.364609375 0.3373611109375 0.364609375 0.3116666671875 0.324765625 0.3116666671875 0.324765625 0.3373611109375 0.364609375 0.3373611109375
1 0.28078125 0.14694444375 0.28078125 0.1295833328125 0.24367187499999998 0.1295833328125 0.24367187499999998 0.14694444375 0.28078125 0.14694444375
1 0 0.61319444375 0.030625000000000003 0.61319444375 0.030625000000000003 0.5619444437500001 0 0.5619444437500001 0 0.61319444375
1 0.27828125 0.1686111109375 0.27828125 0.154027778125 0.24421875 0.154027778125 0.24421875 0.1686111109375 0.27828125 0.1686111109375
0 0.4984375 0.004444443750000001 0.4984375 0.9261111109375 0.9042187500000001 0.9261111109375 0.9042187500000001 0.004444443750000001 0.4984375 0.004444443750000001
1 0.173828125 0.1286111109375 0.173828125 0.1463888890625 0.21203124999999998 0.1463888890625 0.21203124999999998 0.1286111109375 0.173828125 0.1286111109375