1 0.99875 0.81444444375 0.99875 0.6588888890625 0.8578125 0.6588888890625 0.8578125 0.81444444375 0.99875 0.81444444375
1 0.47750000000000004 0.82180555625 0.47750000000000004 0.6880555562499999 0.21890625 0.6880555562499999 0.21890625 0.82180555625 0.47750000000000004 0.82180555625
1 0.236640625 0.795 0.236640625 0.714722221875 0.13265625 0.714722221875 0.13265625 0.795 0.236640625 0.795
1 0.140859375 0.8583333328125 0.140859375 0.7366666671875 0.006796874999999999 0.7366666671875 0.006796874999999999 0.8583333328125 0.140859375 0.8583333328125
1 0.5354687499999999 0.1913888890625 0.5354687499999999 0.11819444374999999 0.37234375000000003 0.11819444374999999 0.37234375000000003 0.1913888890625 0.5354687499999999 0.1913888890625
1 0.38109375 0.16194444375 0.38109375 0.2238888890625 0.538671875 0.2238888890625 0.538671875 0.16194444375 0.38109375 0.16194444375
1 0.538671875 0.259027778125 0.538671875 0.19569444375 0.3715625 0.19569444375 0.3715625 0.259027778125 0.538671875 0.259027778125
1 0.37710937499999997 0.24638888906249998 0.37710937499999997 0.28152777812499996 0.545 0.28152777812499996 0.545 0.24638888906249998 0.37710937499999997 0.24638888906249998
1 0.545 0.3138888890625 0.545 0.254722221875 0.378671875 0.254722221875 0.378671875 0.3138888890625 0.545 0.3138888890625
1 0.377890625 0.28569444375 0.377890625 0.34625 0.541796875 0.34625 0.541796875 0.28569444375 0.377890625 0.28569444375
1 0.541796875 0.37444444374999997 0.541796875 0.315277778125 0.376328125 0.315277778125 0.376328125 0.37444444374999997 0.541796875 0.37444444374999997
1 0.3803125 0.3476388890625 0.3803125 0.3983333328125 0.541796875 0.3983333328125 0.541796875 0.3476388890625 0.3803125 0.3476388890625
1 0.5465625000000001 0.43777777812499996 0.5465625000000001 0.377222221875 0.373984375 0.377222221875 0.373984375 0.43777777812499996 0.5465625000000001 0.43777777812499996
1 0.423046875 0.4166666671875 0.423046875 0.465972221875 0.541796875 0.465972221875 0.541796875 0.4166666671875 0.423046875 0.4166666671875
1 0.541796875 0.49972222187500004 0.541796875 0.45180555624999996 0.44523437499999996 0.45180555624999996 0.44523437499999996 0.49972222187500004 0.541796875 0.49972222187500004
1 0.465 0.48569444375000004 0.465 0.5279166671875 0.541796875 0.5279166671875 0.541796875 0.48569444375000004 0.465 0.48569444375000004
1 0.541796875 0.5616666671874999 0.541796875 0.51805555625 0.46023437500000003 0.51805555625 0.46023437500000003 0.5616666671874999 0.541796875 0.5616666671874999
1 0.540234375 0.5912499999999999 0.540234375 0.5616666671874999 0.46187500000000004 0.5616666671874999 0.46187500000000004 0.5912499999999999 0.540234375 0.5912499999999999
1 0.539453125 0.6291666671875 0.539453125 0.5841666671875 0.459453125 0.5841666671875 0.459453125 0.6291666671875 0.539453125 0.6291666671875
1 0.5465625000000001 0.6587500000000001 0.5465625000000001 0.61375 0.465 0.61375 0.465 0.6587500000000001 0.5465625000000001 0.6587500000000001
1 0.5434375 0.6883333328125001 0.5434375 0.6616666671875 0.47210937499999994 0.6616666671875 0.47210937499999994 0.6883333328125001 0.5434375 0.6883333328125001
1 0.5528906250000001 0.616527778125 0.5528906250000001 0.5912499999999999 0.5346875 0.5912499999999999 0.5346875 0.616527778125 0.5528906250000001 0.616527778125
1 0.537890625 0.5588888890625 0.537890625 0.5898611109375 0.549765625 0.5898611109375 0.549765625 0.5588888890625 0.537890625 0.5588888890625
1 0.541015625 0.5377777781249999 0.541015625 0.5588888890625 0.549765625 0.5588888890625 0.549765625 0.5377777781249999 0.541015625 0.5377777781249999
1 0.53625 0.50680555625 0.53625 0.5377777781249999 0.5513281250000001 0.5377777781249999 0.5513281250000001 0.50680555625 0.53625 0.50680555625
1 0.539453125 0.47583333281250006 0.539453125 0.510972221875 0.550546875 0.510972221875 0.550546875 0.47583333281250006 0.539453125 0.47583333281250006
1 0.53703125 0.45180555624999996 0.53703125 0.482777778125 0.5553125 0.482777778125 0.5553125 0.45180555624999996 0.53703125 0.45180555624999996
1 0.53625 0.42374999999999996 0.53625 0.454722221875 0.548125 0.454722221875 0.548125 0.42374999999999996 0.53625 0.42374999999999996
1 0.54421875 0.410972221875 0.54421875 0.43222222187500003 0.5513281250000001 0.43222222187500003 0.5513281250000001 0.410972221875 0.54421875 0.410972221875
1 0.539453125 0.381527778125 0.539453125 0.4095833328125 0.550546875 0.4095833328125 0.550546875 0.381527778125 0.539453125 0.381527778125
1 0.5354687499999999 0.35194444375 0.5354687499999999 0.381527778125 0.5513281250000001 0.381527778125 0.5513281250000001 0.35194444375 0.5354687499999999 0.35194444375
1 0.538671875 0.3251388890625 0.538671875 0.35611111093750003 0.5553125 0.35611111093750003 0.5553125 0.3251388890625 0.538671875 0.3251388890625
1 0.541015625 0.30125 0.541015625 0.3308333328125 0.54890625 0.3308333328125 0.54890625 0.30125 0.541015625 0.30125
1 0.57109375 0.6193055562499999 0.57109375 0.59819444375 0.5560937499999999 0.59819444375 0.5560937499999999 0.6193055562499999 0.57109375 0.6193055562499999
1 0.552109375 0.46305555624999994 0.552109375 0.48430555625 0.573515625 0.48430555625 0.573515625 0.46305555624999994 0.552109375 0.46305555624999994
1 0.6704687500000001 0.5511111109375 0.6704687500000001 0.5354166671875 0.630859375 0.5354166671875 0.630859375 0.5511111109375 0.6704687500000001 0.5511111109375
1 0.674921875 0.5588888890625 0.674921875 0.5470833328125 0.630859375 0.5470833328125 0.630859375 0.5588888890625 0.674921875 0.5588888890625
1 0.67265625 0.5676388890624999 0.67265625 0.5579166671875 0.628671875 0.5579166671875 0.628671875 0.5676388890624999 0.67265625 0.5676388890624999
1 0.67265625 0.5745833328125001 0.67265625 0.5676388890624999 0.6331249999999999 0.5676388890624999 0.6331249999999999 0.5745833328125001 0.67265625 0.5745833328125001
1 0.674296875 0.5901388890625 0.674296875 0.5745833328125001 0.6331249999999999 0.5745833328125001 0.6331249999999999 0.5901388890625 0.674296875 0.5901388890625
1 0.38101562499999997 0.43361111093750004 0.38101562499999997 0.4033333328125 0.278203125 0.4033333328125 0.278203125 0.43361111093750004 0.38101562499999997 0.43361111093750004
1 0.24515625000000002 0.3738888890625 0.24515625000000002 0.40819444374999997 0.38375 0.40819444374999997 0.38375 0.3738888890625 0.24515625000000002 0.3738888890625
1 0.37492187499999996 0.38375 0.37492187499999996 0.339722221875 0.24296875 0.339722221875 0.24296875 0.38375 0.37492187499999996 0.38375
1 0.377734375 0.351527778125 0.377734375 0.3104166671875 0.25070312499999997 0.3104166671875 0.25070312499999997 0.351527778125 0.377734375 0.351527778125
1 0.249609375 0.2811111109375 0.249609375 0.325 0.376640625 0.325 0.376640625 0.2811111109375 0.249609375 0.2811111109375
1 0.38265625000000003 0.30069444375 0.38265625000000003 0.24583333281250003 0.24296875 0.24583333281250003 0.24296875 0.30069444375 0.38265625000000003 0.30069444375
1 0.24625 0.2273611109375 0.24625 0.275277778125 0.37828125 0.275277778125 0.37828125 0.2273611109375 0.24625 0.2273611109375
1 0.38210937500000003 0.252777778125 0.38210937500000003 0.1901388890625 0.25179687500000003 0.1901388890625 0.25179687500000003 0.252777778125 0.38210937500000003 0.252777778125
1 0.25234375 0.1686111109375 0.25234375 0.22236111093750002 0.38484375000000004 0.22236111093750002 0.38484375000000004 0.1686111109375 0.25234375 0.1686111109375
1 0.252890625 0.13930555625000002 0.252890625 0.200972221875 0.388125 0.200972221875 0.388125 0.13930555625000002 0.252890625 0.13930555625000002
1 0.25671875 0.114722221875 0.25671875 0.170972221875 0.40015625000000005 0.170972221875 0.40015625000000005 0.114722221875 0.25671875 0.114722221875
1 0.2553125 0.09444444375 0.2553125 0.15305555625 0.40335937499999996 0.15305555625 0.40335937499999996 0.09444444375 0.2553125 0.09444444375
1 0.260859375 0.06513888906250001 0.260859375 0.11805555625 0.4046875 0.11805555625 0.4046875 0.06513888906250001 0.260859375 0.06513888906250001
1 0.259453125 0.041527778125 0.259453125 0.10333333281249998 0.40242187500000004 0.10333333281249998 0.40242187500000004 0.041527778125 0.259453125 0.041527778125
1 0.2640625 0.0126388890625 0.2640625 0.076527778125 0.40171875 0.076527778125 0.40171875 0.0126388890625 0.2640625 0.0126388890625
1 0.41015625 0.07416666718750001 0.41015625 0.1201388890625 0.43984375 0.1201388890625 0.43984375 0.07416666718750001 0.41015625 0.07416666718750001
1 0.36507812500000003 0.004722221875 0.36507812500000003 0.039027778125 0.396953125 0.039027778125 0.396953125 0.004722221875 0.36507812500000003 0.004722221875
0 0.9982031250000001 0.63055555625 0.9982031250000001 0.319027778125 0.91890625 0.319027778125 0.91890625 0.63055555625 0.9982031250000001 0.63055555625