1 0.11374999999999999 0.6223611109375 0.11374999999999999 0.5688888890625 0.0013281249999999999 0.5688888890625 0.0013281249999999999 0.6223611109375 0.11374999999999999 0.6223611109375
1 0.1153125 0.670277778125 0.1153125 0.620972221875 0.00046875 0.620972221875 0.00046875 0.670277778125 0.1153125 0.670277778125
1 0.1153125 0.7279166671875 0.1153125 0.6645833328124999 0.0036718750000000002 0.6645833328124999 0.0036718750000000002 0.7279166671875 0.1153125 0.7279166671875
1 0.20070312499999998 0.2501388890625 0.20070312499999998 0.215 0.136875 0.215 0.136875 0.2501388890625 0.20070312499999998 0.2501388890625
1 0.20234375 0.276527778125 0.20234375 0.2345833328125 0.1375 0.2345833328125 0.1375 0.276527778125 0.20234375 0.276527778125
1 0.19523437500000002 0.27944444375 0.19523437500000002 0.2511111109375 0.140234375 0.2511111109375 0.140234375 0.27944444375 0.19523437500000002 0.27944444375
1 0.19468749999999999 0.3029166671875 0.19468749999999999 0.27069444374999996 0.136875 0.27069444374999996 0.136875 0.3029166671875 0.19468749999999999 0.3029166671875
1 0.159453125 0.32930555625 0.159453125 0.28638888906250004 0.13359375 0.28638888906250004 0.13359375 0.32930555625 0.159453125 0.32930555625
1 0.15562499999999999 0.34305555625 0.15562499999999999 0.31180555625 0.136875 0.31180555625 0.136875 0.34305555625 0.15562499999999999 0.34305555625
1 0.15234375 0.36555555625 0.15234375 0.33625 0.13578125000000002 0.33625 0.13578125000000002 0.36555555625 0.15234375 0.36555555625
1 0.1484375 0.3791666671875 0.1484375 0.3566666671875 0.136328125 0.3566666671875 0.136328125 0.3791666671875 0.1484375 0.3791666671875
1 0.150078125 0.3958333328125 0.150078125 0.368472221875 0.12703124999999998 0.368472221875 0.12703124999999998 0.3958333328125 0.150078125 0.3958333328125
1 0.1484375 0.408472221875 0.1484375 0.38805555625 0.13140625 0.38805555625 0.13140625 0.408472221875 0.1484375 0.408472221875
1 0.14734375 0.42513888906249997 0.14734375 0.40069444374999996 0.135234375 0.40069444374999996 0.135234375 0.42513888906249997 0.14734375 0.42513888906249997
1 0.1484375 0.44472222187500005 0.1484375 0.4173611109375 0.12921875 0.4173611109375 0.12921875 0.44472222187500005 0.1484375 0.44472222187500005
1 0.14734375 0.46819444375 0.14734375 0.43486111093749996 0.12484375 0.43486111093749996 0.12484375 0.46819444375 0.14734375 0.46819444375
1 0.142421875 0.47694444375 0.142421875 0.45444444375000004 0.12921875 0.45444444375000004 0.12921875 0.47694444375 0.142421875 0.47694444375
1 0.145703125 0.48680555625000005 0.145703125 0.4711111109375 0.12593749999999998 0.4711111109375 0.12593749999999998 0.48680555625000005 0.145703125 0.48680555625000005
1 0.14515625000000001 0.505277778125 0.14515625000000001 0.48875 0.12593749999999998 0.48875 0.12593749999999998 0.505277778125 0.14515625000000001 0.505277778125
1 0.145703125 0.5238888890625 0.145703125 0.505277778125 0.126484375 0.505277778125 0.126484375 0.5238888890625 0.145703125 0.5238888890625
1 0.14515625000000001 0.5355555562500001 0.14515625000000001 0.5229166671875001 0.124296875 0.5229166671875001 0.124296875 0.5355555562500001 0.14515625000000001 0.5355555562500001
1 0.14078125 0.5561111109375 0.14078125 0.5355555562500001 0.124296875 0.5355555562500001 0.124296875 0.5561111109375 0.14078125 0.5561111109375
1 0.14078125 0.57180555625 0.14078125 0.5551388890625 0.128125 0.5551388890625 0.128125 0.57180555625 0.14078125 0.57180555625
1 0.13804687499999999 0.5904166671875 0.13804687499999999 0.57180555625 0.126484375 0.57180555625 0.126484375 0.5904166671875 0.13804687499999999 0.5904166671875
1 0.13804687499999999 0.6108333328125 0.13804687499999999 0.595277778125 0.12703124999999998 0.595277778125 0.12703124999999998 0.6108333328125 0.13804687499999999 0.6108333328125
1 0.20953125 0.6255555562499999 0.20953125 0.59819444375 0.139140625 0.59819444375 0.139140625 0.6255555562499999 0.20953125 0.6255555562499999
1 0.140234375 0.5786111109375 0.140234375 0.6079166671875 0.211171875 0.6079166671875 0.211171875 0.5786111109375 0.140234375 0.5786111109375
1 0.20453125 0.58055555625 0.20453125 0.55805555625 0.14078125 0.55805555625 0.14078125 0.58055555625 0.20453125 0.58055555625
1 0.141328125 0.5425 0.141328125 0.56694444375 0.20617187499999998 0.56694444375 0.20617187499999998 0.5425 0.141328125 0.5425
1 0.210625 0.5454166671875 0.210625 0.5209722218749999 0.146796875 0.5209722218749999 0.146796875 0.5454166671875 0.210625 0.5454166671875
1 0.142421875 0.5033333328125 0.142421875 0.52680555625 0.21226562499999999 0.52680555625 0.21226562499999999 0.5033333328125 0.142421875 0.5033333328125
1 0.21226562499999999 0.5043055562500001 0.21226562499999999 0.4798611109375 0.142421875 0.4798611109375 0.142421875 0.5043055562500001 0.21226562499999999 0.5043055562500001
1 0.145703125 0.4613888890625 0.145703125 0.482777778125 0.211171875 0.482777778125 0.211171875 0.4613888890625 0.145703125 0.4613888890625
1 0.215 0.4623611109375 0.215 0.44569444375 0.14734375 0.44569444375 0.14734375 0.4623611109375 0.215 0.4623611109375
1 0.150078125 0.42416666718749996 0.150078125 0.4486111109375 0.21171875 0.4486111109375 0.21171875 0.42416666718749996 0.150078125 0.42416666718749996
1 0.210625 0.42222222187499997 0.210625 0.3948611109375 0.145703125 0.3948611109375 0.145703125 0.42222222187499997 0.210625 0.42222222187499997
1 0.151796875 0.3791666671875 0.151796875 0.41055555625 0.21335937500000002 0.41055555625 0.21335937500000002 0.3791666671875 0.151796875 0.3791666671875
1 0.218828125 0.38805555625 0.218828125 0.36069444375000004 0.1484375 0.36069444375000004 0.1484375 0.38805555625 0.218828125 0.38805555625
1 0.1534375 0.345972221875 0.1534375 0.368472221875 0.21937500000000001 0.368472221875 0.21937500000000001 0.345972221875 0.1534375 0.345972221875
1 0.215 0.34888888906250004 0.215 0.321527778125 0.152890625 0.321527778125 0.152890625 0.34888888906250004 0.215 0.34888888906250004
1 0.15671875 0.300972221875 0.15671875 0.32930555625 0.215 0.32930555625 0.215 0.300972221875 0.15671875 0.300972221875
1 0.21609375000000003 0.3088888890625 0.21609375000000003 0.28444444375 0.15890625 0.28444444375 0.15890625 0.3088888890625 0.21609375000000003 0.3088888890625
1 0.2584375 0.31763888906250004 0.2584375 0.29319444375 0.21554687499999997 0.29319444375 0.21554687499999997 0.31763888906250004 0.2584375 0.31763888906250004
1 0.24851562500000002 0.3273611109375 0.24851562500000002 0.3098611109375 0.20835937499999999 0.3098611109375 0.20835937499999999 0.3273611109375 0.24851562500000002 0.3273611109375
1 0.24906250000000002 0.34208333281250003 0.24906250000000002 0.3273611109375 0.216640625 0.3273611109375 0.216640625 0.34208333281250003 0.24906250000000002 0.34208333281250003
1 0.25734375 0.3616666671875 0.25734375 0.34500000000000003 0.215 0.34500000000000003 0.215 0.3616666671875 0.25734375 0.3616666671875
1 0.278203125 0.37819444375 0.278203125 0.352777778125 0.21937500000000001 0.352777778125 0.21937500000000001 0.37819444375 0.278203125 0.37819444375
1 0.281015625 0.39388888906249997 0.281015625 0.37625000000000003 0.2128125 0.37625000000000003 0.2128125 0.39388888906249997 0.281015625 0.39388888906249997
1 0.27875 0.41152777812499997 0.27875 0.39194444375000004 0.2128125 0.39194444375000004 0.2128125 0.41152777812499997 0.27875 0.41152777812499997
1 0.27875 0.4270833328125 0.27875 0.4125 0.2128125 0.4125 0.2128125 0.4270833328125 0.27875 0.4270833328125
1 0.278203125 0.45736111093750004 0.278203125 0.4329166671875 0.2171875 0.4329166671875 0.2171875 0.45736111093750004 0.278203125 0.45736111093750004
1 0.278203125 0.47402777812499997 0.278203125 0.45736111093750004 0.211171875 0.45736111093750004 0.211171875 0.47402777812499997 0.278203125 0.47402777812499997
1 0.27875 0.49069444375 0.27875 0.4720833328125 0.21226562499999999 0.4720833328125 0.21226562499999999 0.49069444375 0.27875 0.49069444375
1 0.2765625 0.507222221875 0.2765625 0.4916666671875 0.21007812499999998 0.4916666671875 0.21007812499999998 0.507222221875 0.2765625 0.507222221875
1 0.27875 0.527777778125 0.27875 0.507222221875 0.210625 0.507222221875 0.210625 0.527777778125 0.27875 0.527777778125
1 0.277109375 0.54444444375 0.277109375 0.527777778125 0.208984375 0.527777778125 0.208984375 0.54444444375 0.277109375 0.54444444375
1 0.27218749999999997 0.5688888890625 0.27218749999999997 0.54444444375 0.208984375 0.54444444375 0.208984375 0.5688888890625 0.27218749999999997 0.5688888890625
1 0.27218749999999997 0.5873611109375 0.27218749999999997 0.5688888890625 0.2128125 0.5688888890625 0.2128125 0.5873611109375 0.27218749999999997 0.5873611109375
1 0.27328125000000003 0.6088888890625 0.27328125000000003 0.5873611109375 0.21226562499999999 0.5873611109375 0.21226562499999999 0.6088888890625 0.27328125000000003 0.6088888890625
1 0.273828125 0.6255555562499999 0.273828125 0.6088888890625 0.21828124999999998 0.6088888890625 0.21828124999999998 0.6255555562499999 0.273828125 0.6255555562499999
1 0.309609375 0.5483333328125 0.309609375 0.5326388890625 0.274375 0.5326388890625 0.274375 0.5483333328125 0.309609375 0.5483333328125
1 0.31015625 0.5630555562499999 0.31015625 0.55125 0.270546875 0.55125 0.270546875 0.5630555562499999 0.31015625 0.5630555562499999
1 0.31070312499999997 0.5795833328125 0.31070312499999997 0.564027778125 0.270546875 0.564027778125 0.270546875 0.5795833328125 0.31070312499999997 0.5795833328125
1 0.31179687500000003 0.59819444375 0.31179687500000003 0.58055555625 0.270546875 0.58055555625 0.270546875 0.59819444375 0.31179687500000003 0.59819444375
1 0.30679687499999997 0.617777778125 0.30679687499999997 0.59819444375 0.27218749999999997 0.59819444375 0.27218749999999997 0.617777778125 0.30679687499999997 0.617777778125
1 0.9932812500000001 0.6587500000000001 0.9932812500000001 0.59069444375 0.9141406249999999 0.59069444375 0.9141406249999999 0.6587500000000001 0.9932812500000001 0.6587500000000001
1 0.74296875 0.55694444375 0.74296875 0.54305555625 0.7145312500000001 0.54305555625 0.7145312500000001 0.55694444375 0.74296875 0.55694444375
1 0.74484375 0.5690277781249999 0.74484375 0.55694444375 0.71546875 0.55694444375 0.71546875 0.5690277781249999 0.74484375 0.5690277781249999
1 0.745234375 0.58375 0.745234375 0.5683333328125 0.7210156249999999 0.5683333328125 0.7210156249999999 0.58375 0.745234375 0.58375
1 0.758984375 0.6073611109375 0.758984375 0.5845833328125 0.72375 0.5845833328125 0.72375 0.6073611109375 0.758984375 0.6073611109375
1 0.55234375 0.6195833328125 0.55234375 0.59194444375 0.502890625 0.59194444375 0.502890625 0.6195833328125 0.55234375 0.6195833328125
1 0.482734375 0.48027777812499994 0.482734375 0.4998611109375 0.54734375 0.4998611109375 0.54734375 0.48027777812499994 0.482734375 0.48027777812499994
1 0.2925 0.169722221875 0.2925 0.1258333328125 0.24796875 0.1258333328125 0.24796875 0.169722221875 0.2925 0.169722221875
1 0.336484375 0.17861111093749998 0.336484375 0.1375 0.28921874999999997 0.1375 0.28921874999999997 0.17861111093749998 0.336484375 0.17861111093749998
1 0.387109375 0.2001388890625 0.387109375 0.1648611109375 0.343125 0.1648611109375 0.343125 0.2001388890625 0.387109375 0.2001388890625
1 0.20015624999999998 0.11305555625000001 0.20015624999999998 0.1433333328125 0.24851562500000002 0.1433333328125 0.24851562500000002 0.11305555625000001 0.20015624999999998 0.11305555625000001
1 0.151171875 0.10430555625 0.151171875 0.1375 0.20234375 0.1375 0.20234375 0.10430555625 0.151171875 0.10430555625
0 0.344609375 0.27625 0.344609375 0.6868055562500001 0.5540625 0.6868055562500001 0.5540625 0.27625 0.344609375 0.27625