1 0.9598437499999999 0.1451388890625 0.9598437499999999 0.0838888890625 0.8667187500000001 0.0838888890625 0.8667187500000001 0.1451388890625 0.9598437499999999 0.1451388890625
1 0.8638281250000001 0.16555555625 0.8638281250000001 0.11555555625 0.78796875 0.11555555625 0.78796875 0.16555555625 0.8638281250000001 0.16555555625
1 0.852890625 0.0745833328125 0.852890625 0.027638889062499998 0.7828125 0.027638889062499998 0.7828125 0.0745833328125 0.852890625 0.0745833328125
1 0.9525781249999999 0.0029166671875000003 0.9525781249999999 0.040694443749999996 0.9998437499999999 0.040694443749999996 0.9998437499999999 0.0029166671875000003 0.9525781249999999 0.0029166671875000003
1 0.999765625 0.111527778125 0.999765625 0.070277778125 0.9620312500000001 0.070277778125 0.9620312500000001 0.111527778125 0.999765625 0.111527778125
1 0.773046875 0.0979166671875 0.773046875 0.027638889062499998 0.6910937500000001 0.027638889062499998 0.6910937500000001 0.0979166671875 0.773046875 0.0979166671875
1 0.69203125 0.12055555625 0.69203125 0.0726388890625 0.63796875 0.0726388890625 0.63796875 0.12055555625 0.69203125 0.12055555625
1 0.636796875 0 0.636796875 0.0470833328125 0.7115625 0.0470833328125 0.7115625 0 0.636796875 0
1 0.629921875 0.0623611109375 0.629921875 0.004722221875 0.5747656250000001 0.004722221875 0.5747656250000001 0.0623611109375 0.629921875 0.0623611109375
1 0.6333593750000001 0.1113888890625 0.6333593750000001 0.05319444375 0.5758593750000001 0.05319444375 0.5758593750000001 0.1113888890625 0.6333593750000001 0.1113888890625
1 0.63796875 0.152222221875 0.63796875 0.10805555625 0.579375 0.10805555625 0.579375 0.152222221875 0.63796875 0.152222221875
1 0.6235937500000001 0.27236111093750004 0.6235937500000001 0.2345833328125 0.536015625 0.2345833328125 0.536015625 0.27236111093750004 0.6235937500000001 0.27236111093750004
1 0.535078125 0.29180555625000004 0.535078125 0.2613888890625 0.500390625 0.2613888890625 0.500390625 0.29180555625000004 0.535078125 0.29180555625000004
1 0.5 0.3101388890625 0.5 0.274027778125 0.46554687499999997 0.274027778125 0.46554687499999997 0.3101388890625 0.5 0.3101388890625
1 0.5333593750000001 0.22749999999999998 0.5333593750000001 0.2008333328125 0.49945312499999994 0.2008333328125 0.49945312499999994 0.22749999999999998 0.5333593750000001 0.22749999999999998
1 0.5563281250000001 0.17333333281250002 0.5563281250000001 0.1395833328125 0.4965625 0.1395833328125 0.4965625 0.17333333281250002 0.5563281250000001 0.17333333281250002
1 0.5333593750000001 0.08069444375 0.5333593750000001 0.0404166671875 0.49945312499999994 0.0404166671875 0.49945312499999994 0.08069444375 0.5333593750000001 0.08069444375
1 0.49828124999999995 0.0011111109375000002 0.49828124999999995 0.0266666671875 0.5333593750000001 0.0266666671875 0.5333593750000001 0.0011111109375000002 0.49828124999999995 0.0011111109375000002
1 0.637578125 0.45680555624999997 0.637578125 0.4345833328125 0.542890625 0.4345833328125 0.542890625 0.45680555624999997 0.637578125 0.45680555624999997
1 0.6359375 0.6008333328125001 0.6359375 0.57625 0.54796875 0.57625 0.54796875 0.6008333328125001 0.6359375 0.6008333328125001
1 0.54921875 0.6016666671875 0.54921875 0.5754166671875 0.429375 0.5754166671875 0.429375 0.6016666671875 0.54921875 0.6016666671875
1 0.42984375 0.5920833328125 0.42984375 0.5683333328125 0.40859375 0.5683333328125 0.40859375 0.5920833328125 0.42984375 0.5920833328125
1 0.41546874999999994 0.635 0.41546874999999994 0.604722221875 0.33296875 0.604722221875 0.33296875 0.635 0.41546874999999994 0.635
1 0.299375 0.6102777781250001 0.299375 0.585972221875 0.270625 0.585972221875 0.270625 0.6102777781250001 0.299375 0.6102777781250001
1 0.331015625 0.8154166671875 0.331015625 0.7001388890625 0.2034375 0.7001388890625 0.2034375 0.8154166671875 0.331015625 0.8154166671875
1 0.27726562499999996 0.9993055562500001 0.27726562499999996 0.8501388890625 0.19796875 0.8501388890625 0.19796875 0.9993055562500001 0.27726562499999996 0.9993055562500001
1 0.791484375 0.6191666671875 0.791484375 0.5904166671875 0.737578125 0.5904166671875 0.737578125 0.6191666671875 0.791484375 0.6191666671875
0 0.739140625 0.5916666671875 0.739140625 0.3729166671875 0.664453125 0.3729166671875 0.664453125 0.5916666671875 0.739140625 0.5916666671875
1 0.9982031250000001 0.9554166671875001 0.9982031250000001 0.8229166671874999 0.7965625000000001 0.8229166671874999 0.7965625000000001 0.9554166671875001 0.9982031250000001 0.9554166671875001