1 0.93296875 0.7288888890624999 0.93296875 0.630277778125 0.8145312499999999 0.630277778125 0.8145312499999999 0.7288888890624999 0.93296875 0.7288888890624999
1 0.551796875 0.6447222218750001 0.551796875 0.6184722218750001 0.41414062500000004 0.6184722218750001 0.41414062500000004 0.6447222218750001 0.551796875 0.6447222218750001
1 0.61765625 0.66444444375 0.61765625 0.5973611109375 0.542890625 0.5973611109375 0.542890625 0.66444444375 0.61765625 0.66444444375
1 0.45562500000000006 0.73944444375 0.45562500000000006 0.6658333328125 0.3675 0.6658333328125 0.3675 0.73944444375 0.45562500000000006 0.73944444375
1 0.383828125 0.8591666671875 0.383828125 0.7170833328125 0.1625 0.7170833328125 0.1625 0.8591666671875 0.383828125 0.8591666671875
1 0.20398437500000002 0.9231944437499999 0.20398437500000002 0.795 0.01453125 0.795 0.01453125 0.9231944437499999 0.20398437500000002 0.9231944437499999
1 0.02640625 0.160972221875 0.02640625 0.2158333328125 0.10320312499999999 0.2158333328125 0.10320312499999999 0.160972221875 0.02640625 0.160972221875
1 0.24796875 0.28125 0.24796875 0.32180555625 0.383671875 0.32180555625 0.383671875 0.28125 0.24796875 0.28125
1 0.380546875 0.34805555625 0.380546875 0.3063888890625 0.24914062499999998 0.3063888890625 0.24914062499999998 0.34805555625 0.380546875 0.34805555625
1 0.383046875 0.37 0.383046875 0.3283333328125 0.250390625 0.3283333328125 0.250390625 0.37 0.383046875 0.37
1 0.383046875 0.39958333281249997 0.383046875 0.3601388890625 0.35343749999999996 0.3601388890625 0.35343749999999996 0.39958333281249997 0.383046875 0.39958333281249997
1 0.2578125 0.38319444375 0.2578125 0.354722221875 0.19242187500000002 0.354722221875 0.19242187500000002 0.38319444375 0.2578125 0.38319444375
1 0.254765625 0.36124999999999996 0.254765625 0.3283333328125 0.191171875 0.3283333328125 0.191171875 0.36124999999999996 0.254765625 0.36124999999999996
1 0.2603125 0.33930555625 0.2603125 0.2998611109375 0.19429687499999998 0.2998611109375 0.19429687499999998 0.33930555625 0.2603125 0.33930555625
1 0.2603125 0.31736111093749997 0.2603125 0.28555555625 0.183828125 0.28555555625 0.183828125 0.31736111093749997 0.2603125 0.31736111093749997
1 0.2571875 0.30319444375 0.2571875 0.26805555625 0.19859374999999999 0.26805555625 0.19859374999999999 0.30319444375 0.2571875 0.30319444375
1 0.260859375 0.287777778125 0.260859375 0.24069444375 0.196171875 0.24069444375 0.196171875 0.287777778125 0.260859375 0.287777778125
1 0.25906250000000003 0.26375000000000004 0.25906250000000003 0.22208333281249998 0.191796875 0.22208333281249998 0.191796875 0.26375000000000004 0.25906250000000003 0.26375000000000004
1 0.2584375 0.2483333328125 0.2584375 0.1979166671875 0.194921875 0.1979166671875 0.194921875 0.2483333328125 0.2584375 0.2483333328125
1 0.262734375 0.2241666671875 0.262734375 0.184722221875 0.20046875000000003 0.184722221875 0.20046875000000003 0.2241666671875 0.262734375 0.2241666671875
1 0.262734375 0.207777778125 0.262734375 0.15958333281249998 0.19734374999999998 0.15958333281249998 0.19734374999999998 0.207777778125 0.262734375 0.207777778125
1 0.266484375 0.184722221875 0.266484375 0.13874999999999998 0.20601562499999998 0.13874999999999998 0.20601562499999998 0.184722221875 0.266484375 0.184722221875
1 0.265859375 0.16944444375 0.265859375 0.12 0.19242187500000002 0.12 0.19242187500000002 0.16944444375 0.265859375 0.16944444375
1 0.26765625000000004 0.1463888890625 0.26765625000000004 0.1025 0.20171875 0.1025 0.20171875 0.1463888890625 0.26765625000000004 0.1463888890625
1 0.27203125 0.13430555625 0.27203125 0.0838888890625 0.19859374999999999 0.0838888890625 0.19859374999999999 0.13430555625 0.27203125 0.13430555625
1 0.27140624999999996 0.1036111109375 0.27140624999999996 0.06194444375 0.202890625 0.06194444375 0.202890625 0.1036111109375 0.27140624999999996 0.1036111109375
1 0.275078125 0.0838888890625 0.275078125 0.046527778125 0.20601562499999998 0.046527778125 0.20601562499999998 0.0838888890625 0.275078125 0.0838888890625
1 0.27937500000000004 0.0695833328125 0.27937500000000004 0.0245833328125 0.20171875 0.0245833328125 0.20171875 0.0695833328125 0.27937500000000004 0.0695833328125
1 0.28250000000000003 0.05430555625 0.28250000000000003 0.00930555625 0.22265625 0.00930555625 0.22265625 0.05430555625 0.28250000000000003 0.05430555625
1 0.274453125 0.0323611109375 0.274453125 0.0016666671875 0.21031249999999999 0.0016666671875 0.21031249999999999 0.0323611109375 0.274453125 0.0323611109375
1 0.27015625 0.010416667187500001 0.27015625 0.0563888890625 0.394140625 0.0563888890625 0.394140625 0.010416667187500001 0.27015625 0.010416667187500001
1 0.389765625 0.0870833328125 0.389765625 0.0236111109375 0.275703125 0.0236111109375 0.275703125 0.0870833328125 0.389765625 0.0870833328125
1 0.272578125 0.049861110937499994 0.272578125 0.10138888906250001 0.3959375 0.10138888906250001 0.3959375 0.049861110937499994 0.272578125 0.049861110937499994
1 0.394765625 0.12444444375 0.394765625 0.06527777812499999 0.27015625 0.06527777812499999 0.27015625 0.12444444375 0.394765625 0.12444444375
1 0.277578125 0.0904166671875 0.277578125 0.139722221875 0.390390625 0.139722221875 0.390390625 0.0904166671875 0.277578125 0.0904166671875
1 0.390390625 0.158472221875 0.390390625 0.1058333328125 0.27015625 0.1058333328125 0.27015625 0.158472221875 0.390390625 0.158472221875
1 0.26765625000000004 0.13319444375 0.26765625000000004 0.17375000000000002 0.38671875 0.17375000000000002 0.38671875 0.13319444375 0.26765625000000004 0.13319444375
1 0.393515625 0.207777778125 0.393515625 0.1573611109375 0.26890625 0.1573611109375 0.26890625 0.207777778125 0.393515625 0.207777778125
1 0.2553125 0.1813888890625 0.2553125 0.22749999999999998 0.38609375 0.22749999999999998 0.38609375 0.1813888890625 0.2553125 0.1813888890625
1 0.383671875 0.25166666718749997 0.383671875 0.207777778125 0.265859375 0.207777778125 0.265859375 0.25166666718749997 0.383671875 0.25166666718749997
1 0.26765625000000004 0.22749999999999998 0.26765625000000004 0.2725 0.378671875 0.2725 0.378671875 0.22749999999999998 0.26765625000000004 0.22749999999999998
1 0.383671875 0.30430555625 0.383671875 0.25166666718749997 0.2578125 0.25166666718749997 0.2578125 0.30430555625 0.383671875 0.30430555625
1 0.42437500000000006 0.3283333328125 0.42437500000000006 0.29111111093750003 0.38609375 0.29111111093750003 0.38609375 0.3283333328125 0.42437500000000006 0.3283333328125
1 0.378671875 0.315277778125 0.378671875 0.3470833328125 0.42125 0.3470833328125 0.42125 0.315277778125 0.378671875 0.315277778125
1 0.42437500000000006 0.37444444374999997 0.42437500000000006 0.33819444375 0.38734375 0.33819444375 0.38734375 0.37444444374999997 0.42437500000000006 0.37444444374999997
1 0.383671875 0.36124999999999996 0.383671875 0.386527778125 0.418828125 0.386527778125 0.418828125 0.36124999999999996 0.383671875 0.36124999999999996
1 0.42374999999999996 0.4183333328125 0.42374999999999996 0.37986111093749997 0.390390625 0.37986111093749997 0.390390625 0.4183333328125 0.42374999999999996 0.4183333328125
1 0.45765625 0.40736111093750005 0.45765625 0.37986111093749997 0.42437500000000006 0.37986111093749997 0.42437500000000006 0.40736111093750005 0.45765625 0.40736111093750005
1 0.42312500000000003 0.363472221875 0.42312500000000003 0.38430555625 0.45210937500000004 0.38430555625 0.45210937500000004 0.363472221875 0.42312500000000003 0.363472221875
1 0.4225 0.33930555625 0.4225 0.3688888890625 0.449609375 0.3688888890625 0.449609375 0.33930555625 0.4225 0.33930555625
1 0.42062499999999997 0.32069444375 0.42062499999999997 0.3470833328125 0.45335937499999995 0.3470833328125 0.45335937499999995 0.32069444375 0.42062499999999997 0.32069444375
1 0.42312500000000003 0.2866666671875 0.42312500000000003 0.33055555625 0.452734375 0.33055555625 0.452734375 0.2866666671875 0.42312500000000003 0.2866666671875
1 0.43296875 0.264722221875 0.43296875 0.300972221875 0.45703125 0.300972221875 0.45703125 0.264722221875 0.43296875 0.264722221875
1 0.436640625 0.25375000000000003 0.436640625 0.2725 0.45890624999999996 0.2725 0.45890624999999996 0.25375000000000003 0.436640625 0.25375000000000003
1 0.439765625 0.18805555625 0.439765625 0.21875 0.46382812500000004 0.21875 0.46382812500000004 0.18805555625 0.439765625 0.18805555625
1 0.439765625 0.15069444375000002 0.439765625 0.1813888890625 0.47984375 0.1813888890625 0.47984375 0.15069444375000002 0.439765625 0.15069444375000002
1 0.46507812499999995 0.2845833328125 0.46507812499999995 0.29652777812500003 0.477421875 0.29652777812500003 0.477421875 0.2845833328125 0.46507812499999995 0.2845833328125
1 0.38671875 0.26916666718750004 0.38671875 0.3086111109375 0.428046875 0.3086111109375 0.428046875 0.26916666718750004 0.38671875 0.26916666718750004
1 0.427421875 0.2866666671875 0.427421875 0.2429166671875 0.389765625 0.2429166671875 0.389765625 0.2866666671875 0.427421875 0.2866666671875
1 0.393515625 0.220972221875 0.393515625 0.2658333328125 0.42992187499999995 0.2658333328125 0.42992187499999995 0.220972221875 0.393515625 0.220972221875
1 0.430546875 0.24500000000000002 0.430546875 0.20125 0.392265625 0.20125 0.392265625 0.24500000000000002 0.430546875 0.24500000000000002
1 0.393515625 0.1726388890625 0.393515625 0.225277778125 0.43234374999999997 0.225277778125 0.43234374999999997 0.1726388890625 0.393515625 0.1726388890625
1 0.43234374999999997 0.2066666671875 0.43234374999999997 0.1573611109375 0.394140625 0.1573611109375 0.394140625 0.2066666671875 0.43234374999999997 0.2066666671875
1 0.3959375 0.1376388890625 0.3959375 0.1891666671875 0.43546874999999996 0.1891666671875 0.43546874999999996 0.1376388890625 0.3959375 0.1376388890625
1 0.437890625 0.171527778125 0.437890625 0.1211111109375 0.3959375 0.1211111109375 0.3959375 0.171527778125 0.437890625 0.171527778125
1 0.390390625 0.0948611109375 0.390390625 0.154027778125 0.43851562499999996 0.154027778125 0.43851562499999996 0.0948611109375 0.390390625 0.0948611109375
1 0.43296875 0.1266666671875 0.43296875 0.0783333328125 0.392265625 0.0783333328125 0.392265625 0.1266666671875 0.43296875 0.1266666671875
0 0.731640625 0.19875 0.731640625 0.6658333328125 0.875234375 0.6658333328125 0.875234375 0.19875 0.731640625 0.19875