1 0.48890625 0.6174999999999999 0.48890625 0.5963888890625 0.4065625 0.5963888890625 0.4065625 0.6174999999999999 0.48890625 0.6174999999999999
1 0.551484375 0.6174999999999999 0.551484375 0.5936111109375 0.479375 0.5936111109375 0.479375 0.6174999999999999 0.551484375 0.6174999999999999
1 0.491328125 0.4754166671875 0.491328125 0.503472221875 0.552265625 0.503472221875 0.552265625 0.4754166671875 0.491328125 0.4754166671875
1 0.40734375 0.469722221875 0.40734375 0.5091666671875 0.49601562499999996 0.5091666671875 0.49601562499999996 0.469722221875 0.40734375 0.469722221875
1 0.745234375 0.55625 0.745234375 0.5433333328125001 0.72140625 0.5433333328125001 0.72140625 0.55625 0.745234375 0.55625
1 0.746484375 0.5668055562500001 0.746484375 0.5527777781250001 0.719453125 0.5527777781250001 0.719453125 0.5668055562500001 0.746484375 0.5668055562500001
1 0.746484375 0.58444444375 0.746484375 0.5668055562500001 0.718828125 0.5668055562500001 0.718828125 0.58444444375 0.746484375 0.58444444375
1 0.746484375 0.5973611109375 0.746484375 0.580972221875 0.718828125 0.580972221875 0.718828125 0.5973611109375 0.746484375 0.5973611109375
1 0.002265625 0.6720833328125 0.002265625 0.7288888890624999 0.125390625 0.7288888890624999 0.125390625 0.6720833328125 0.002265625 0.6720833328125
1 0.002265625 0.61944444375 0.002265625 0.66805555625 0.124296875 0.66805555625 0.124296875 0.61944444375 0.002265625 0.61944444375
1 0.002265625 0.564722221875 0.002265625 0.6152777781250001 0.116328125 0.6152777781250001 0.116328125 0.564722221875 0.002265625 0.564722221875
1 0.29078125 0.163472221875 0.29078125 0.12833333281249998 0.248046875 0.12833333281249998 0.248046875 0.163472221875 0.29078125 0.163472221875
1 0.3328125 0.18180555625 0.3328125 0.1451388890625 0.29078125 0.1451388890625 0.29078125 0.18180555625 0.3328125 0.18180555625
1 0.3834375 0.21000000000000002 0.3834375 0.163472221875 0.33359375 0.163472221875 0.33359375 0.21000000000000002 0.3834375 0.21000000000000002
1 0.248046875 0.152222221875 0.248046875 0.11569444375 0.2053125 0.11569444375 0.2053125 0.152222221875 0.248046875 0.152222221875
1 0.19578125 0.13680555625 0.19578125 0.1086111109375 0.155390625 0.1086111109375 0.155390625 0.13680555625 0.19578125 0.13680555625
1 0.20382812499999997 0.2666666671875 0.20382812499999997 0.21513888906249998 0.1371875 0.21513888906249998 0.1371875 0.2666666671875 0.20382812499999997 0.2666666671875
1 0.205859375 0.27958333281250003 0.205859375 0.24097222187499998 0.130625 0.24097222187499998 0.130625 0.27958333281250003 0.205859375 0.27958333281250003
1 0.20453125 0.2983333328125 0.20453125 0.2561111109375 0.132578125 0.2561111109375 0.132578125 0.2983333328125 0.20453125 0.2983333328125
1 0.17484375000000002 0.307777778125 0.17484375000000002 0.270277778125 0.13125 0.270277778125 0.13125 0.307777778125 0.17484375000000002 0.307777778125
1 0.15367187499999999 0.32305555625000004 0.15367187499999999 0.29375 0.132578125 0.29375 0.132578125 0.32305555625000004 0.15367187499999999 0.32305555625000004
1 0.21703125 0.335972221875 0.21703125 0.28319444374999997 0.14640625000000002 0.28319444374999997 0.14640625000000002 0.335972221875 0.21703125 0.335972221875
1 0.209140625 0.334722221875 0.209140625 0.30305555625 0.1484375 0.30305555625 0.1484375 0.334722221875 0.209140625 0.334722221875
1 0.209765625 0.35111111093749997 0.209765625 0.32305555625000004 0.15632812499999998 0.32305555625000004 0.15632812499999998 0.35111111093749997 0.209765625 0.35111111093749997
1 0.209140625 0.373472221875 0.209140625 0.34055555625 0.143125 0.34055555625 0.143125 0.373472221875 0.209140625 0.373472221875
1 0.21179687500000002 0.392222221875 0.21179687500000002 0.365277778125 0.143125 0.365277778125 0.143125 0.392222221875 0.21179687500000002 0.392222221875
1 0.21179687500000002 0.4098611109375 0.21179687500000002 0.382777778125 0.14578125 0.382777778125 0.14578125 0.4098611109375 0.21179687500000002 0.4098611109375
1 0.209140625 0.429722221875 0.209140625 0.39694444375 0.147734375 0.39694444375 0.147734375 0.429722221875 0.209140625 0.429722221875
1 0.21179687500000002 0.45444444375000004 0.21179687500000002 0.42152777812500003 0.141796875 0.42152777812500003 0.141796875 0.45444444375000004 0.21179687500000002 0.45444444375000004
1 0.21046874999999998 0.4673611109375 0.21046874999999998 0.44152777812500005 0.14578125 0.44152777812500005 0.14578125 0.4673611109375 0.21046874999999998 0.4673611109375
1 0.21437499999999998 0.4861111109375 0.21437499999999998 0.45680555624999997 0.14250000000000002 0.45680555624999997 0.14250000000000002 0.4861111109375 0.21437499999999998 0.4861111109375
1 0.21179687500000002 0.5001388890625 0.21179687500000002 0.48027777812499994 0.13921875 0.48027777812499994 0.13921875 0.5001388890625 0.21179687500000002 0.5001388890625
1 0.206484375 0.5247222218750001 0.206484375 0.5001388890625 0.13921875 0.5001388890625 0.13921875 0.5247222218750001 0.206484375 0.5247222218750001
1 0.209140625 0.5436111109375 0.209140625 0.5188888890625 0.137890625 0.5188888890625 0.137890625 0.5436111109375 0.209140625 0.5436111109375
1 0.21179687500000002 0.56930555625 0.21179687500000002 0.54125 0.137890625 0.54125 0.137890625 0.56930555625 0.21179687500000002 0.56930555625
1 0.21109375 0.5845833328125 0.21109375 0.5599999999999999 0.14046875 0.5599999999999999 0.14046875 0.5845833328125 0.21109375 0.5845833328125
1 0.21179687500000002 0.60805555625 0.21179687500000002 0.5845833328125 0.14250000000000002 0.5845833328125 0.14250000000000002 0.60805555625 0.21179687500000002 0.60805555625
1 0.21242187499999998 0.6220833328125 0.21242187499999998 0.6033333328125 0.14250000000000002 0.6033333328125 0.14250000000000002 0.6220833328125 0.21242187499999998 0.6220833328125
1 0.2784375 0.37819444375 0.2784375 0.35819444375 0.21570312500000002 0.35819444375 0.21570312500000002 0.37819444375 0.2784375 0.37819444375
1 0.277109375 0.4016666671875 0.277109375 0.373472221875 0.21570312500000002 0.373472221875 0.21570312500000002 0.4016666671875 0.277109375 0.4016666671875
1 0.277109375 0.4086111109375 0.277109375 0.392222221875 0.21242187499999998 0.392222221875 0.21242187499999998 0.4086111109375 0.277109375 0.4086111109375
1 0.277109375 0.43916666718749997 0.277109375 0.4086111109375 0.21179687500000002 0.4086111109375 0.21179687500000002 0.43916666718749997 0.277109375 0.43916666718749997
1 0.2790625 0.449722221875 0.2790625 0.42736111093750007 0.21375000000000002 0.42736111093750007 0.21375000000000002 0.449722221875 0.2790625 0.449722221875
1 0.277109375 0.47194444375 0.277109375 0.449722221875 0.209140625 0.449722221875 0.209140625 0.47194444375 0.277109375 0.47194444375
1 0.277734375 0.4895833328125 0.277734375 0.4673611109375 0.21242187499999998 0.4673611109375 0.21242187499999998 0.4895833328125 0.277734375 0.4895833328125
1 0.2784375 0.5095833328125 0.2784375 0.48486111093749995 0.2084375 0.48486111093749995 0.2084375 0.5095833328125 0.2784375 0.5095833328125
1 0.277734375 0.525972221875 0.277734375 0.507222221875 0.209140625 0.507222221875 0.209140625 0.525972221875 0.277734375 0.525972221875
1 0.27640625 0.5518055562499999 0.27640625 0.5270833328125 0.2084375 0.5270833328125 0.2084375 0.5518055562499999 0.27640625 0.5518055562499999
1 0.275078125 0.5658333328125 0.275078125 0.5458333328125 0.21375000000000002 0.5458333328125 0.21375000000000002 0.5658333328125 0.275078125 0.5658333328125
1 0.277109375 0.5834722218749999 0.277109375 0.5658333328125 0.21375000000000002 0.5658333328125 0.21375000000000002 0.5834722218749999 0.277109375 0.5834722218749999
1 0.2725 0.60805555625 0.2725 0.5845833328125 0.21640625 0.5845833328125 0.21640625 0.60805555625 0.2725 0.60805555625
1 0.271171875 0.6233333328125 0.271171875 0.60805555625 0.21570312500000002 0.60805555625 0.21570312500000002 0.6233333328125 0.271171875 0.6233333328125
1 0.30679687499999997 0.5518055562499999 0.30679687499999997 0.52944444375 0.2671875 0.52944444375 0.2671875 0.5518055562499999 0.30679687499999997 0.5518055562499999
1 0.312734375 0.5681944437500001 0.312734375 0.5529166671875 0.2725 0.5529166671875 0.2725 0.5681944437500001 0.312734375 0.5681944437500001
1 0.31203125 0.5845833328125 0.31203125 0.5681944437500001 0.271796875 0.5681944437500001 0.271796875 0.5845833328125 0.31203125 0.5845833328125
1 0.31140625 0.5974999999999999 0.31140625 0.5845833328125 0.26984375 0.5845833328125 0.26984375 0.5974999999999999 0.31140625 0.5974999999999999
1 0.31203125 0.6220833328125 0.31203125 0.5974999999999999 0.27046875 0.5974999999999999 0.27046875 0.6220833328125 0.31203125 0.6220833328125
1 0.253359375 0.317222221875 0.253359375 0.28430555625 0.21179687500000002 0.28430555625 0.21179687500000002 0.317222221875 0.253359375 0.317222221875
1 0.21179687500000002 0.3066666671875 0.21179687500000002 0.33944444375 0.25265624999999997 0.33944444375 0.25265624999999997 0.3066666671875 0.21179687500000002 0.3066666671875
1 0.24874999999999997 0.3523611109375 0.24874999999999997 0.33125 0.213125 0.33125 0.213125 0.3523611109375 0.24874999999999997 0.3523611109375
1 0.25398437500000004 0.373472221875 0.25398437500000004 0.353472221875 0.21046874999999998 0.353472221875 0.21046874999999998 0.373472221875 0.25398437500000004 0.373472221875
1 0.148046875 0.3975 0.148046875 0.37305555625000003 0.130625 0.37305555625000003 0.130625 0.3975 0.148046875 0.3975
1 0.152109375 0.41041666718750003 0.152109375 0.38444444375 0.13109375 0.38444444375 0.13109375 0.41041666718750003 0.152109375 0.41041666718750003
1 0.14984375 0.42513888906249997 0.14984375 0.4063888890625 0.12789062499999998 0.4063888890625 0.12789062499999998 0.42513888906249997 0.14984375 0.42513888906249997
1 0.144375 0.44138888906249996 0.144375 0.42513888906249997 0.132421875 0.42513888906249997 0.132421875 0.44138888906249996 0.144375 0.44138888906249996
1 0.148046875 0.46013888906249995 0.148046875 0.44055555625 0.132421875 0.44055555625 0.132421875 0.46013888906249995 0.148046875 0.46013888906249995
1 0.145703125 0.47402777812499997 0.145703125 0.457777778125 0.133359375 0.457777778125 0.133359375 0.47402777812499997 0.145703125 0.47402777812499997
1 0.145234375 0.48624999999999996 0.145234375 0.47402777812499997 0.131953125 0.47402777812499997 0.131953125 0.48624999999999996 0.145234375 0.48624999999999996
1 0.14203125 0.5041666671875 0.14203125 0.48944444374999996 0.12828124999999999 0.48944444374999996 0.12828124999999999 0.5041666671875 0.14203125 0.5041666671875
1 0.14203125 0.5229166671875001 0.14203125 0.505 0.12789062499999998 0.505 0.12789062499999998 0.5229166671875001 0.14203125 0.5229166671875001
1 0.146171875 0.5383333328125001 0.146171875 0.5229166671875001 0.12789062499999998 0.5229166671875001 0.12789062499999998 0.5383333328125001 0.146171875 0.5383333328125001
1 0.144375 0.546527778125 0.144375 0.5391666671875 0.127421875 0.5391666671875 0.127421875 0.546527778125 0.144375 0.546527778125
1 0.14070312499999998 0.5741666671875 0.14070312499999998 0.5554166671874999 0.12601562500000002 0.5554166671874999 0.12601562500000002 0.5741666671875 0.14070312499999998 0.5741666671875
0 0.99875 0.73430555625 0.99875 0.11847222187499999 0.8324999999999999 0.11847222187499999 0.8324999999999999 0.73430555625 0.99875 0.73430555625