1 0.559375 0.6287499999999999 0.559375 0.5823611109375 0.38679687500000004 0.5823611109375 0.38679687500000004 0.6287499999999999 0.559375 0.6287499999999999
1 0.5641406250000001 0.66680555625 0.5641406250000001 0.6287499999999999 0.38359375 0.6287499999999999 0.38359375 0.66680555625 0.5641406250000001 0.66680555625
1 0.5641406250000001 0.70625 0.5641406250000001 0.664027778125 0.38515625 0.664027778125 0.38515625 0.70625 0.5641406250000001 0.70625
1 0.24500000000000002 0.6555555562500001 0.24500000000000002 0.7118055562500001 0.38679687500000004 0.7118055562500001 0.38679687500000004 0.6555555562500001 0.24500000000000002 0.6555555562500001
1 0.24500000000000002 0.625972221875 0.24500000000000002 0.659722221875 0.384375 0.659722221875 0.384375 0.625972221875 0.24500000000000002 0.625972221875
1 0.25140625 0.586527778125 0.25140625 0.6273611109375 0.38515625 0.6273611109375 0.38515625 0.586527778125 0.25140625 0.586527778125
1 0.393125 0.586527778125 0.393125 0.5429166671875 0.25296875 0.5429166671875 0.25296875 0.586527778125 0.393125 0.586527778125
1 0.250546875 0.75125 0.250546875 0.6823611109375001 0.051015624999999995 0.6823611109375001 0.051015624999999995 0.75125 0.250546875 0.75125
1 0.2521875 0.6950000000000001 0.2521875 0.625972221875 0.048671874999999996 0.625972221875 0.048671874999999996 0.6950000000000001 0.2521875 0.6950000000000001
1 0.260078125 0.6498611109375 0.260078125 0.5879166671875 0.051015624999999995 0.5879166671875 0.051015624999999995 0.6498611109375 0.260078125 0.6498611109375
1 0.25140625 0.5963888890625 0.25140625 0.5316666671875 0.047890625 0.5316666671875 0.047890625 0.5963888890625 0.25140625 0.5963888890625
1 0.25453125 0.5541666671875001 0.25453125 0.5006944437499999 0.047890625 0.5006944437499999 0.047890625 0.5541666671875001 0.25453125 0.5541666671875001
1 0.250546875 0.503472221875 0.250546875 0.4373611109375 0.05265625 0.4373611109375 0.05265625 0.503472221875 0.250546875 0.503472221875
1 0.05421875 0.3951388890625 0.05421875 0.4641666671875 0.25375000000000003 0.4641666671875 0.25375000000000003 0.3951388890625 0.05421875 0.3951388890625
1 0.25453125 0.41624999999999995 0.25453125 0.34305555625 0.05421875 0.34305555625 0.05421875 0.41624999999999995 0.25453125 0.41624999999999995
1 0.0565625 0.3008333328125 0.0565625 0.3795833328125 0.25296875 0.3795833328125 0.25296875 0.3008333328125 0.0565625 0.3008333328125
1 0.2553125 0.31916666718750003 0.2553125 0.26 0.062109375 0.26 0.062109375 0.31916666718750003 0.2553125 0.31916666718750003
1 0.06687499999999999 0.21777777812500002 0.06687499999999999 0.28819444375000003 0.260078125 0.28819444375000003 0.260078125 0.21777777812500002 0.06687499999999999 0.21777777812500002
1 0.26242187499999997 0.23319444374999998 0.26242187499999997 0.16569444375 0.070078125 0.16569444375 0.070078125 0.23319444374999998 0.26242187499999997 0.23319444374999998
1 0.070078125 0.13333333281249998 0.070078125 0.19097222187500001 0.265625 0.19097222187500001 0.265625 0.13333333281249998 0.070078125 0.13333333281249998
1 0.26882812500000003 0.139027778125 0.26882812500000003 0.0883333328125 0.078828125 0.0883333328125 0.078828125 0.139027778125 0.26882812500000003 0.139027778125
1 0.0859375 0.0475 0.0859375 0.09958333281250001 0.27359374999999997 0.09958333281250001 0.27359374999999997 0.0475 0.0859375 0.0475
1 0.0859375 0.0011111109375000002 0.0859375 0.0616666671875 0.27914062500000003 0.0616666671875 0.27914062500000003 0.0011111109375000002 0.0859375 0.0011111109375000002
1 0.6370312499999999 0.17430555625 0.6370312499999999 0.14750000000000002 0.58796875 0.14750000000000002 0.58796875 0.17430555625 0.6370312499999999 0.17430555625
1 0.6853125 0.18555555625 0.6853125 0.1545833328125 0.6346875 0.1545833328125 0.6346875 0.18555555625 0.6853125 0.18555555625
1 0.7185937499999999 0.2066666671875 0.7185937499999999 0.16305555625 0.6908593749999999 0.16305555625 0.6908593749999999 0.2066666671875 0.7185937499999999 0.2066666671875
1 0.769296875 0.223472221875 0.769296875 0.1883333328125 0.7328125 0.1883333328125 0.7328125 0.223472221875 0.769296875 0.223472221875
1 0.58796875 0.18416666718750002 0.58796875 0.1433333328125 0.5325 0.1433333328125 0.5325 0.18416666718750002 0.58796875 0.18416666718750002
1 0.606171875 0.29111111093750003 0.606171875 0.2475 0.540390625 0.2475 0.540390625 0.29111111093750003 0.606171875 0.29111111093750003
1 0.6021875 0.306527778125 0.6021875 0.267222221875 0.538828125 0.267222221875 0.538828125 0.306527778125 0.6021875 0.306527778125
1 0.59890625 0.332777778125 0.59890625 0.28680555625 0.537890625 0.28680555625 0.537890625 0.332777778125 0.59890625 0.332777778125
1 0.5884375000000001 0.34347222187500004 0.5884375000000001 0.2976388890625 0.537890625 0.2976388890625 0.537890625 0.34347222187500004 0.5884375000000001 0.34347222187500004
1 0.566484375 0.34347222187500004 0.566484375 0.3151388890625 0.54171875 0.3151388890625 0.54171875 0.34347222187500004 0.566484375 0.34347222187500004
1 0.5609375 0.36305555625 0.5609375 0.32597222187499997 0.5411718750000001 0.32597222187499997 0.5411718750000001 0.36305555625 0.5609375 0.36305555625
1 0.5603906249999999 0.3758333328125 0.5603906249999999 0.34541666718749997 0.542265625 0.34541666718749997 0.542265625 0.3758333328125 0.5603906249999999 0.3758333328125
1 0.559296875 0.386527778125 0.559296875 0.3611111109375 0.540078125 0.3611111109375 0.540078125 0.386527778125 0.559296875 0.386527778125
1 0.6292187499999999 0.3411111109375 0.6292187499999999 0.3138888890625 0.557109375 0.3138888890625 0.557109375 0.3411111109375 0.6292187499999999 0.3411111109375
1 0.6212500000000001 0.35875 0.6212500000000001 0.3261111109375 0.559765625 0.3261111109375 0.559765625 0.35875 0.6212500000000001 0.35875
1 0.627734375 0.38388888906249996 0.627734375 0.3451388890625 0.5628124999999999 0.3451388890625 0.5628124999999999 0.38388888906249996 0.627734375 0.38388888906249996
1 0.624296875 0.4048611109375 0.624296875 0.36680555625 0.557109375 0.36680555625 0.557109375 0.4048611109375 0.624296875 0.4048611109375
1 0.6311718749999999 0.41916666718749995 0.6311718749999999 0.38388888906249996 0.56015625 0.38388888906249996 0.56015625 0.41916666718749995 0.6311718749999999 0.41916666718749995
1 0.63234375 0.43541666718750005 0.63234375 0.40208333281249997 0.5578125 0.40208333281249997 0.5578125 0.43541666718750005 0.63234375 0.43541666718750005
1 0.63 0.44902777812499994 0.63 0.42319444375000004 0.5578125 0.42319444375000004 0.5578125 0.44902777812499994 0.63 0.44902777812499994
1 0.631953125 0.4673611109375 0.631953125 0.442222221875 0.55671875 0.442222221875 0.55671875 0.4673611109375 0.631953125 0.4673611109375
1 0.62734375 0.48430555625 0.62734375 0.457777778125 0.559765625 0.457777778125 0.559765625 0.48430555625 0.62734375 0.48430555625
1 0.62890625 0.49916666718749997 0.62890625 0.4795833328125 0.558203125 0.4795833328125 0.558203125 0.49916666718749997 0.62890625 0.49916666718749997
1 0.63234375 0.5188888890625 0.63234375 0.49444444374999996 0.557109375 0.49444444374999996 0.557109375 0.5188888890625 0.63234375 0.5188888890625
1 0.6287499999999999 0.5348611109375 0.6287499999999999 0.515277778125 0.557265625 0.515277778125 0.557265625 0.5348611109375 0.6287499999999999 0.5348611109375
1 0.6283593749999999 0.55430555625 0.6283593749999999 0.5348611109375 0.557265625 0.5348611109375 0.557265625 0.55430555625 0.6283593749999999 0.55430555625
1 0.63109375 0.5738888890625 0.63109375 0.5486111109375 0.558671875 0.5486111109375 0.558671875 0.5738888890625 0.63109375 0.5738888890625
1 0.630625 0.5894444437499999 0.630625 0.5673611109375 0.559609375 0.5673611109375 0.559609375 0.5894444437499999 0.630625 0.5894444437499999
1 0.630625 0.60819444375 0.630625 0.5820833328125 0.5609375 0.5820833328125 0.5609375 0.60819444375 0.630625 0.60819444375
1 0.6287499999999999 0.622777778125 0.6287499999999999 0.6 0.5609375 0.6 0.5609375 0.622777778125 0.6287499999999999 0.622777778125
1 0.69203125 0.6195833328125 0.69203125 0.6023611109375 0.63609375 0.6023611109375 0.63609375 0.6195833328125 0.69203125 0.6195833328125
1 0.633828125 0.59180555625 0.633828125 0.6048611109375 0.69296875 0.6048611109375 0.69296875 0.59180555625 0.633828125 0.59180555625
1 0.6333593750000001 0.57069444375 0.6333593750000001 0.590972221875 0.6910937500000001 0.590972221875 0.6910937500000001 0.57069444375 0.6333593750000001 0.57069444375
1 0.632421875 0.55430555625 0.632421875 0.5690277781249999 0.6910937500000001 0.5690277781249999 0.6910937500000001 0.55430555625 0.632421875 0.55430555625
1 0.6910937500000001 0.55430555625 0.6910937500000001 0.531527778125 0.63015625 0.531527778125 0.63015625 0.55430555625 0.6910937500000001 0.55430555625
1 0.632421875 0.51930555625 0.632421875 0.5413888890624999 0.69203125 0.5413888890624999 0.69203125 0.51930555625 0.632421875 0.51930555625
1 0.632890625 0.5013888890625 0.632890625 0.51930555625 0.69203125 0.51930555625 0.69203125 0.5013888890625 0.632890625 0.5013888890625
1 0.6333593750000001 0.48513888906249997 0.6333593750000001 0.5005555562499999 0.69203125 0.5005555562499999 0.69203125 0.48513888906249997 0.6333593750000001 0.48513888906249997
1 0.69296875 0.4826388890625 0.69296875 0.4623611109375 0.63015625 0.4623611109375 0.63015625 0.4826388890625 0.69296875 0.4826388890625
1 0.6333593750000001 0.44763888906249993 0.6333593750000001 0.4688888890625 0.6915625000000001 0.4688888890625 0.6915625000000001 0.44763888906249993 0.6333593750000001 0.44763888906249993
1 0.6892968749999999 0.44194444375 0.6892968749999999 0.42236111093749995 0.632890625 0.42236111093749995 0.632890625 0.44194444375 0.6892968749999999 0.44194444375
1 0.63609375 0.410972221875 0.63609375 0.43375 0.6892968749999999 0.43375 0.6892968749999999 0.410972221875 0.63609375 0.410972221875
1 0.69296875 0.41430555625 0.69296875 0.394722221875 0.635234375 0.394722221875 0.635234375 0.41430555625 0.69296875 0.41430555625
1 0.630625 0.37847222187499996 0.630625 0.394722221875 0.688359375 0.394722221875 0.688359375 0.37847222187499996 0.630625 0.37847222187499996
1 0.659921875 0.37680555625 0.659921875 0.36375 0.6251562500000001 0.36375 0.6251562500000001 0.37680555625 0.659921875 0.37680555625
1 0.62375 0.3483333328125 0.62375 0.36944444375 0.660859375 0.36944444375 0.660859375 0.3483333328125 0.62375 0.3483333328125
1 0.6617968750000001 0.351527778125 0.6617968750000001 0.332777778125 0.621484375 0.332777778125 0.621484375 0.351527778125 0.6617968750000001 0.351527778125
1 0.6150781249999999 0.31 0.6150781249999999 0.338472221875 0.660859375 0.338472221875 0.660859375 0.31 0.6150781249999999 0.31
1 0.55546875 0.40361111093749996 0.55546875 0.3791666671875 0.539453125 0.3791666671875 0.539453125 0.40361111093749996 0.55546875 0.40361111093749996
1 0.5591406250000001 0.4313888890625 0.5591406250000001 0.410972221875 0.539921875 0.410972221875 0.539921875 0.4313888890625 0.5591406250000001 0.4313888890625
1 0.556875 0.4166666671875 0.556875 0.3913888890625 0.5403125 0.3913888890625 0.5403125 0.4166666671875 0.556875 0.4166666671875
1 0.55640625 0.44763888906249993 0.55640625 0.42319444375000004 0.5403125 0.42319444375000004 0.5403125 0.44763888906249993 0.55640625 0.44763888906249993
1 0.56140625 0.46555555625 0.56140625 0.44194444375 0.5426562500000001 0.44194444375 0.5426562500000001 0.46555555625 0.56140625 0.46555555625
1 0.56140625 0.48027777812499994 0.56140625 0.4566666671875 0.538984375 0.4566666671875 0.538984375 0.48027777812499994 0.56140625 0.48027777812499994
1 0.557265625 0.4891666671875 0.557265625 0.46958333281250003 0.54125 0.46958333281250003 0.54125 0.4891666671875 0.557265625 0.4891666671875
1 0.5591406250000001 0.504722221875 0.5591406250000001 0.485972221875 0.5426562500000001 0.485972221875 0.5426562500000001 0.504722221875 0.5591406250000001 0.504722221875
1 0.558671875 0.5201388890625 0.558671875 0.49972222187500004 0.54078125 0.49972222187500004 0.54078125 0.5201388890625 0.558671875 0.5201388890625
1 0.558203125 0.53805555625 0.558203125 0.5226388890625 0.5426562500000001 0.5226388890625 0.5426562500000001 0.53805555625 0.558203125 0.53805555625
1 0.558203125 0.5470833328125 0.558203125 0.5348611109375 0.5421875 0.5348611109375 0.5421875 0.5470833328125 0.558203125 0.5470833328125
1 0.56140625 0.5625 0.56140625 0.5470833328125 0.54125 0.5470833328125 0.54125 0.5625 0.56140625 0.5625
1 0.559609375 0.5795833328125 0.559609375 0.5625 0.5421875 0.5625 0.5421875 0.5795833328125 0.559609375 0.5795833328125
1 0.0015625 0.112777778125 0.0015625 0.17305555625 0.03359375 0.17305555625 0.03359375 0.112777778125 0.0015625 0.112777778125
0 0.6796875 0.0226388890625 0.6796875 0.765277778125 0.9525 0.765277778125 0.9525 0.0226388890625 0.6796875 0.0226388890625