1 0.9689062500000001 0.8019999999999999 0.9689062500000001 0.6725 0.78328125 0.6725 0.78328125 0.8019999999999999 0.9689062500000001 0.8019999999999999
1 0.52921875 0.5740000000000001 0.52921875 0.552875 0.48445312500000004 0.552875 0.48445312500000004 0.5740000000000001 0.52921875 0.5740000000000001
1 0.530234375 0.58875 0.530234375 0.57075 0.4859375 0.57075 0.4859375 0.58875 0.530234375 0.58875
1 0.5287499999999999 0.594375 0.5287499999999999 0.583 0.486484375 0.583 0.486484375 0.594375 0.5287499999999999 0.594375
1 0.5287499999999999 0.609 0.5287499999999999 0.594375 0.490546875 0.594375 0.490546875 0.609 0.5287499999999999 0.609
1 0.52515625 0.63025 0.52515625 0.60825 0.486953125 0.60825 0.486953125 0.63025 0.52515625 0.63025
1 0.0009375 0.4385 0.0009375 0.47962499999999997 0.13515625 0.47962499999999997 0.13515625 0.4385 0.0009375 0.4385
1 0.231875 0.489 0.231875 0.456125 0.13218749999999999 0.456125 0.13218749999999999 0.489 0.231875 0.489
1 0.237734375 0.64375 0.237734375 0.615625 0.133671875 0.615625 0.133671875 0.64375 0.237734375 0.64375
1 0.13218749999999999 0.6519999999999999 0.13218749999999999 0.615625 0.0009375 0.615625 0.0009375 0.6519999999999999 0.13218749999999999 0.6519999999999999
0 0.28375 0.347375 0.28375 0.686875 0.507421875 0.686875 0.507421875 0.347375 0.28375 0.347375