1 0.87234375 0.9276249999999999 0.87234375 0.7685 0.609296875 0.7685 0.609296875 0.9276249999999999 0.87234375 0.9276249999999999
1 0.992890625 0.798125 0.992890625 0.682625 0.78171875 0.682625 0.78171875 0.798125 0.992890625 0.798125
1 0.9999218750000001 0.778375 0.9999218750000001 0.70375 0.90140625 0.70375 0.90140625 0.778375 0.9999218750000001 0.778375
1 0.99640625 0.853 0.99640625 0.758625 0.907578125 0.758625 0.907578125 0.853 0.99640625 0.853
1 0.997265625 0.914875 0.997265625 0.7995 0.9005468750000001 0.7995 0.9005468750000001 0.914875 0.997265625 0.914875
1 0.9999218750000001 0.9782500000000001 0.9999218750000001 0.861375 0.8969531249999999 0.861375 0.8969531249999999 0.9782500000000001 0.9999218750000001 0.9782500000000001
1 0.785234375 0.8008749999999999 0.785234375 0.9065 0.91015625 0.9065 0.91015625 0.8008749999999999 0.785234375 0.8008749999999999
1 0.91015625 0.8473750000000001 0.91015625 0.746 0.78171875 0.746 0.78171875 0.8473750000000001 0.91015625 0.8473750000000001
1 0.1771875 0.9075 0.1771875 0.7542500000000001 0.0008593750000000001 0.7542500000000001 0.0008593750000000001 0.9075 0.1771875 0.9075
1 0.8964062500000001 0.6836249999999999 0.8964062500000001 0.615625 0.72703125 0.615625 0.72703125 0.6836249999999999 0.8964062500000001 0.6836249999999999
1 0.398671875 0.553625 0.398671875 0.5395 0.33328125000000003 0.5395 0.33328125000000003 0.553625 0.398671875 0.553625
1 0.398671875 0.562125 0.398671875 0.553125 0.333671875 0.553125 0.333671875 0.562125 0.398671875 0.562125
1 0.39445312499999996 0.5740000000000001 0.39445312499999996 0.562125 0.333984375 0.562125 0.333984375 0.5740000000000001 0.39445312499999996 0.5740000000000001
1 0.395546875 0.5825 0.395546875 0.5735 0.334375 0.5735 0.334375 0.5825 0.395546875 0.5825
1 0.391953125 0.596125 0.391953125 0.5825 0.332578125 0.5825 0.332578125 0.596125 0.391953125 0.596125
1 0.005156249999999999 0.00625 0.005156249999999999 0.04425 0.079921875 0.04425 0.079921875 0.00625 0.005156249999999999 0.00625
1 0.07195312499999999 0.10049999999999999 0.07195312499999999 0.010374999999999999 0.003359375 0.010374999999999999 0.003359375 0.10049999999999999 0.07195312499999999 0.10049999999999999
1 0.003359375 0.063875 0.003359375 0.128625 0.0684375 0.128625 0.0684375 0.063875 0.003359375 0.063875
1 0.055234375 0.15125 0.055234375 0.09625 0.006015625 0.09625 0.006015625 0.15125 0.055234375 0.15125
1 0.003359375 0.13425 0.003359375 0.185 0.05265625 0.185 0.05265625 0.13425 0.003359375 0.13425
1 0.055234375 0.23424999999999999 0.055234375 0.159625 0.0025 0.159625 0.0025 0.23424999999999999 0.055234375 0.23424999999999999
1 0.00421875 0.20475 0.00421875 0.255375 0.053515625 0.255375 0.053515625 0.20475 0.00421875 0.20475
1 0.05 0.28912499999999997 0.05 0.24125000000000002 0.007734375 0.24125000000000002 0.007734375 0.28912499999999997 0.05 0.28912499999999997
1 0.0015625 0.277875 0.0015625 0.315875 0.045625 0.315875 0.045625 0.277875 0.0015625 0.277875
1 0.0025 0.315875 0.0025 0.36512500000000003 0.046484375 0.36512500000000003 0.046484375 0.315875 0.0025 0.315875
1 0.044687500000000005 0.3835 0.044687500000000005 0.3525 0.000703125 0.3525 0.000703125 0.3835 0.044687500000000005 0.3835
1 0.046484375 0.41025 0.046484375 0.382 0.000703125 0.382 0.000703125 0.41025 0.046484375 0.41025
1 0.03765625 0.4525 0.03765625 0.41025 0.000703125 0.41025 0.000703125 0.4525 0.03765625 0.4525
1 0.03765625 0.48624999999999996 0.03765625 0.44262499999999994 0.0025 0.44262499999999994 0.0025 0.48624999999999996 0.03765625 0.48624999999999996
1 0.044687500000000005 0.525625 0.044687500000000005 0.49050000000000005 0.013046875 0.49050000000000005 0.013046875 0.525625 0.044687500000000005 0.525625
1 0.262890625 0.21600000000000003 0.262890625 0.123 0.048203125 0.123 0.048203125 0.21600000000000003 0.262890625 0.21600000000000003
1 0.055234375 0.1625 0.055234375 0.23712499999999997 0.257578125 0.23712499999999997 0.257578125 0.1625 0.055234375 0.1625
1 0.05171875 0.199 0.05171875 0.20325000000000001 0.05437499999999999 0.20325000000000001 0.05437499999999999 0.199 0.05171875 0.199
1 0.059687500000000004 0.217375 0.059687500000000004 0.273625 0.255859375 0.273625 0.255859375 0.217375 0.059687500000000004 0.217375
1 0.255859375 0.3075 0.255859375 0.23424999999999999 0.045625 0.23424999999999999 0.045625 0.3075 0.255859375 0.3075
1 0.053515625 0.275125 0.053515625 0.34125 0.259375 0.34125 0.259375 0.275125 0.053515625 0.275125
1 0.259375 0.369375 0.259375 0.30325 0.05265625 0.30325 0.05265625 0.369375 0.259375 0.369375
1 0.05171875 0.346875 0.05171875 0.40037500000000004 0.255859375 0.40037500000000004 0.255859375 0.346875 0.05171875 0.346875
1 0.25671875 0.438375 0.25671875 0.380625 0.048203125 0.380625 0.048203125 0.438375 0.25671875 0.438375
1 0.045625 0.414375 0.045625 0.47912499999999997 0.255859375 0.47912499999999997 0.255859375 0.414375 0.045625 0.414375
1 0.25671875 0.50875 0.25671875 0.449625 0.044687500000000005 0.449625 0.044687500000000005 0.50875 0.25671875 0.50875
1 0.255 0.53825 0.255 0.49887499999999996 0.103671875 0.49887499999999996 0.103671875 0.53825 0.255 0.53825
1 0.25851562499999997 0.579125 0.25851562499999997 0.53975 0.18984375 0.53975 0.18984375 0.579125 0.25851562499999997 0.579125
1 0.255859375 0.60725 0.255859375 0.567875 0.1784375 0.567875 0.1784375 0.60725 0.255859375 0.60725
1 0.25320312500000003 0.643875 0.25320312500000003 0.597375 0.188984375 0.597375 0.188984375 0.643875 0.25320312500000003 0.643875
1 0.2496875 0.670625 0.2496875 0.63825 0.18015625 0.63825 0.18015625 0.670625 0.2496875 0.670625
1 0.25234375 0.71425 0.25234375 0.665 0.174921875 0.665 0.174921875 0.71425 0.25234375 0.71425
1 0.2496875 0.741 0.2496875 0.69875 0.177578125 0.69875 0.177578125 0.741 0.2496875 0.741
1 0.248828125 0.45099999999999996 0.248828125 0.49325 0.27523437500000003 0.49325 0.27523437500000003 0.45099999999999996 0.248828125 0.45099999999999996
0 0.6003125 0.697375 0.6003125 0.36575 0.420234375 0.36575 0.420234375 0.697375 0.6003125 0.697375