1 0.446171875 0.8625 0.446171875 0.6273611109375 0.354296875 0.6273611109375 0.354296875 0.8625 0.446171875 0.8625
1 0.938671875 0.5879166671875 0.938671875 0.5091666671875 0.776328125 0.5091666671875 0.776328125 0.5879166671875 0.938671875 0.5879166671875
1 0.950546875 0.447222221875 0.950546875 0.3641666671875 0.7803125 0.3641666671875 0.7803125 0.447222221875 0.950546875 0.447222221875
1 0.785859375 0.44444444375 0.785859375 0.3726388890625 0.6932031249999999 0.3726388890625 0.6932031249999999 0.44444444375 0.785859375 0.44444444375
1 0.789765625 0.5654166671875 0.789765625 0.49791666718750005 0.6876562500000001 0.49791666718750005 0.6876562500000001 0.5654166671875 0.789765625 0.5654166671875
1 0.686640625 0.4966666671875 0.686640625 0.45180555624999996 0.597578125 0.45180555624999996 0.597578125 0.4966666671875 0.686640625 0.4966666671875
1 0.6003125 0.4888888890625 0.6003125 0.4566666671875 0.575 0.4566666671875 0.575 0.4888888890625 0.6003125 0.4888888890625
1 0.598671875 0.43319444375 0.598671875 0.4048611109375 0.581015625 0.4048611109375 0.581015625 0.43319444375 0.598671875 0.43319444375
1 0.691015625 0.42930555625 0.691015625 0.39694444375 0.59703125 0.39694444375 0.59703125 0.42930555625 0.691015625 0.42930555625
1 0.689375 0.34125 0.689375 0.29333333281249996 0.6624218749999999 0.29333333281249996 0.6624218749999999 0.34125 0.689375 0.34125
1 0.6635156249999999 0.35208333281250004 0.6635156249999999 0.30513888906250003 0.6415625 0.30513888906250003 0.6415625 0.35208333281250004 0.6635156249999999 0.35208333281250004
1 0.643203125 0.35305555625 0.643203125 0.317777778125 0.621171875 0.317777778125 0.621171875 0.35305555625 0.643203125 0.35305555625
1 0.6244531249999999 0.35402777812499997 0.6244531249999999 0.32277777812499997 0.604140625 0.32277777812499997 0.604140625 0.35402777812499997 0.6244531249999999 0.35402777812499997
1 0.6014062499999999 0.35694444375 0.6014062499999999 0.324722221875 0.58765625 0.324722221875 0.58765625 0.35694444375 0.6014062499999999 0.35694444375
1 0.625703125 0.2979166671875 0.625703125 0.2673611109375 0.54578125 0.2673611109375 0.54578125 0.2979166671875 0.625703125 0.2979166671875
1 0.63171875 0.2854166671875 0.63171875 0.26680555625 0.56046875 0.26680555625 0.56046875 0.2854166671875 0.63171875 0.2854166671875
1 0.6034375 0.27694444375 0.6034375 0.25430555625 0.5709375 0.25430555625 0.5709375 0.27694444375 0.6034375 0.27694444375
1 0.61515625 0.275277778125 0.61515625 0.24805555625000003 0.588125 0.24805555625000003 0.588125 0.275277778125 0.61515625 0.275277778125
1 0.640625 0.274722221875 0.640625 0.239027778125 0.6059375 0.239027778125 0.6059375 0.274722221875 0.640625 0.274722221875
1 0.6928124999999999 0.232777778125 0.6928124999999999 0.1898611109375 0.6587500000000001 0.1898611109375 0.6587500000000001 0.232777778125 0.6928124999999999 0.232777778125
1 0.68453125 0.24236111093749999 0.68453125 0.19944444374999998 0.634296875 0.19944444374999998 0.634296875 0.24236111093749999 0.68453125 0.24236111093749999
1 0.671171875 0.2576388890625 0.671171875 0.2158333328125 0.617109375 0.2158333328125 0.617109375 0.2576388890625 0.671171875 0.2576388890625
1 0.75453125 0.2338888890625 0.75453125 0.1688888890625 0.6765625 0.1688888890625 0.6765625 0.2338888890625 0.75453125 0.2338888890625
1 0.848828125 0.19597222187500002 0.848828125 0.11777777812500001 0.747578125 0.11777777812500001 0.747578125 0.19597222187500002 0.848828125 0.19597222187500002
1 0.79796875 0.204027778125 0.79796875 0.15277777812499999 0.7109375 0.15277777812499999 0.7109375 0.204027778125 0.79796875 0.204027778125
1 0.5895312500000001 0.1483333328125 0.5895312500000001 0.1036111109375 0.54 0.1036111109375 0.54 0.1483333328125 0.5895312500000001 0.1483333328125
1 0.63078125 0.121527778125 0.63078125 0.0848611109375 0.559765625 0.0848611109375 0.559765625 0.121527778125 0.63078125 0.121527778125
1 0.644921875 0.102777778125 0.644921875 0.057222221875 0.578046875 0.057222221875 0.578046875 0.102777778125 0.644921875 0.102777778125
1 0.6596093749999999 0.0848611109375 0.6596093749999999 0.04 0.59546875 0.04 0.59546875 0.0848611109375 0.6596093749999999 0.0848611109375
1 0.68484375 0.0783333328125 0.68484375 0.017222221875 0.605546875 0.017222221875 0.605546875 0.0783333328125 0.68484375 0.0783333328125
1 0.6971875 0.0351388890625 0.6971875 0.0009722218750000001 0.632578125 0.0009722218750000001 0.632578125 0.0351388890625 0.6971875 0.0351388890625
1 0.768671875 0.09875 0.768671875 0.02944444375 0.699921875 0.02944444375 0.699921875 0.09875 0.768671875 0.09875
1 0.75171875 0.1101388890625 0.75171875 0.053055556250000004 0.66234375 0.053055556250000004 0.66234375 0.1101388890625 0.75171875 0.1101388890625
1 0.7283593749999999 0.1451388890625 0.7283593749999999 0.08236111093750001 0.63078125 0.08236111093750001 0.63078125 0.1451388890625 0.7283593749999999 0.1451388890625
1 0.681640625 0.1598611109375 0.681640625 0.1158333328125 0.6114843750000001 0.1158333328125 0.6114843750000001 0.1598611109375 0.681640625 0.1598611109375
1 0.670625 0.178472221875 0.670625 0.1304166671875 0.59640625 0.1304166671875 0.59640625 0.178472221875 0.670625 0.178472221875
1 0.64265625 0.19319444375 0.64265625 0.1508333328125 0.5821875000000001 0.1508333328125 0.5821875000000001 0.19319444375 0.64265625 0.19319444375
1 0.5895312500000001 0.20375000000000001 0.5895312500000001 0.16055555625 0.5675 0.16055555625 0.5675 0.20375000000000001 0.5895312500000001 0.20375000000000001
1 0.5900000000000001 0.225 0.5900000000000001 0.17694444375 0.5528906250000001 0.17694444375 0.5528906250000001 0.225 0.5900000000000001 0.225
1 0.6170312499999999 0.0563888890625 0.6170312499999999 0.017222221875 0.5569531249999999 0.017222221875 0.5569531249999999 0.0563888890625 0.6170312499999999 0.0563888890625
1 0.583984375 0.067777778125 0.583984375 0.0433333328125 0.546875 0.0433333328125 0.546875 0.067777778125 0.583984375 0.067777778125
1 0.366015625 0.983472221875 0.366015625 0.7837500000000001 0.01140625 0.7837500000000001 0.01140625 0.983472221875 0.366015625 0.983472221875
1 0.012890625 0.0108333328125 0.012890625 0.104722221875 0.12109375 0.104722221875 0.12109375 0.0108333328125 0.012890625 0.0108333328125
1 0.06890625 0.065972221875 0.06890625 0.15625 0.150078125 0.15625 0.150078125 0.065972221875 0.06890625 0.065972221875
1 0.1896875 0.217222221875 0.1896875 0.179722221875 0.14484375 0.179722221875 0.14484375 0.217222221875 0.1896875 0.217222221875
1 0.26953125 0.22430555624999998 0.26953125 0.16805555625 0.18375 0.16805555625 0.18375 0.22430555624999998 0.26953125 0.22430555624999998
1 0.27015625 0.16444444375 0.27015625 0.11875 0.196953125 0.11875 0.196953125 0.16444444375 0.27015625 0.16444444375
1 0.196953125 0.07069444375 0.196953125 0.11875 0.27015625 0.11875 0.27015625 0.07069444375 0.196953125 0.07069444375
1 0.18703125 0.1598611109375 0.18703125 0.1129166671875 0.14875 0.1129166671875 0.14875 0.1598611109375 0.18703125 0.1598611109375
1 0.348046875 0.1316666671875 0.348046875 0.104722221875 0.291328125 0.104722221875 0.291328125 0.1316666671875 0.348046875 0.1316666671875
1 0.34671875 0.1891666671875 0.34671875 0.1538888890625 0.2846875 0.1538888890625 0.2846875 0.1891666671875 0.34671875 0.1891666671875
0 0.251640625 0.0058333328125 0.251640625 0.5173611109375 0.494609375 0.5173611109375 0.494609375 0.0058333328125 0.251640625 0.0058333328125