1 1 0.36680555625 0.968046875 0.36680555625 0.968046875 0.43055555625 1 0.43055555625 1 0.36680555625
1 0.9999218750000001 0.4575 0.9999218750000001 0.39958333281249997 0.971328125 0.39958333281249997 0.971328125 0.4575 0.9999218750000001 0.4575
1 0.9999218750000001 0.48555555625 0.9999218750000001 0.44194444375 0.970390625 0.44194444375 0.970390625 0.48555555625 0.9999218750000001 0.48555555625
1 1 0.47888888906249993 0.9727343749999999 0.47888888906249993 0.9727343749999999 0.52305555625 1 0.52305555625 1 0.47888888906249993
1 0.9999218750000001 0.5576388890625 0.9999218750000001 0.5147222218749999 0.9707812499999999 0.5147222218749999 0.9707812499999999 0.5576388890625 0.9999218750000001 0.5576388890625
1 0.9999218750000001 0.592222221875 0.9999218750000001 0.5513888890625 0.9684375 0.5513888890625 0.9684375 0.592222221875 0.9999218750000001 0.592222221875
1 0.9999218750000001 0.620972221875 0.9999218750000001 0.5836111109375001 0.971015625 0.5836111109375001 0.971015625 0.620972221875 0.9999218750000001 0.620972221875
1 0.9771875 0.1070833328125 0.9771875 0.1825 0.9995312500000001 0.1825 0.9995312500000001 0.1070833328125 0.9771875 0.1070833328125
1 0.9864062499999999 0.25569444375 0.9864062499999999 0.16805555625 0.9532812500000001 0.16805555625 0.9532812500000001 0.25569444375 0.9864062499999999 0.25569444375
1 0.9546875 0.289027778125 0.9546875 0.22819444375 0.926171875 0.22819444375 0.926171875 0.289027778125 0.9546875 0.289027778125
1 0.9285937499999999 0.316527778125 0.9285937499999999 0.2641666671875 0.90953125 0.2641666671875 0.90953125 0.316527778125 0.9285937499999999 0.316527778125
1 0.914296875 0.3436111109375 0.914296875 0.30305555625 0.8971875 0.30305555625 0.8971875 0.3436111109375 0.914296875 0.3436111109375
1 0.893203125 0.3045833328125 0.893203125 0.2670833328125 0.876015625 0.2670833328125 0.876015625 0.3045833328125 0.893203125 0.3045833328125
1 0.8921093750000001 0.34027777812500004 0.8921093750000001 0.311527778125 0.8592187499999999 0.311527778125 0.8592187499999999 0.34027777812500004 0.8921093750000001 0.34027777812500004
1 0.8568749999999999 0.36930555625 0.8568749999999999 0.34694444375 0.8478125000000001 0.34694444375 0.8478125000000001 0.36930555625 0.8568749999999999 0.36930555625
1 0.8653124999999999 0.4158333328125 0.8653124999999999 0.39430555625 0.8240624999999999 0.39430555625 0.8240624999999999 0.4158333328125 0.8653124999999999 0.4158333328125
1 0.877734375 0.137222221875 0.877734375 0.092777778125 0.8638281250000001 0.092777778125 0.8638281250000001 0.137222221875 0.877734375 0.137222221875
1 0.887734375 0.0338888890625 0.887734375 0.1011111109375 0.9087500000000001 0.1011111109375 0.9087500000000001 0.0338888890625 0.887734375 0.0338888890625
1 0.39265625000000004 0.03805555625 0.39265625000000004 0.162222221875 0.4684375 0.162222221875 0.4684375 0.03805555625 0.39265625000000004 0.03805555625
1 0.32992187500000003 0 0.32992187500000003 0.05930555625 0.3953125 0.05930555625 0.3953125 0 0.32992187500000003 0
1 0.522578125 0.21888888906249998 0.522578125 0.1286111109375 0.46609375000000003 0.1286111109375 0.46609375000000003 0.21888888906249998 0.522578125 0.21888888906249998
1 0.563671875 0.276527778125 0.563671875 0.1973611109375 0.518203125 0.1973611109375 0.518203125 0.276527778125 0.563671875 0.276527778125
1 0.5231250000000001 0.111527778125 0.5231250000000001 0.2026388890625 0.563359375 0.2026388890625 0.563359375 0.111527778125 0.5231250000000001 0.111527778125
1 0.524609375 0.040277778125000004 0.524609375 0.1298611109375 0.565703125 0.1298611109375 0.565703125 0.040277778125000004 0.524609375 0.040277778125000004
1 0.528359375 0 0.528359375 0.06138888906249999 0.5659375 0.06138888906249999 0.5659375 0 0.528359375 0
1 0.350390625 0.4295833328125 0.350390625 0.3020833328125 0.19515625 0.3020833328125 0.19515625 0.4295833328125 0.350390625 0.4295833328125
1 0.44523437499999996 0.45958333281249997 0.44523437499999996 0.3633333328125 0.371640625 0.3633333328125 0.371640625 0.45958333281249997 0.44523437499999996 0.45958333281249997
1 0.44234375000000004 0.7608333328125 0.44234375000000004 0.66069444375 0.365 0.66069444375 0.365 0.7608333328125 0.44234375000000004 0.7608333328125
1 0.34578125000000004 0.81375 0.34578125000000004 0.7161111109375 0.1921875 0.7161111109375 0.1921875 0.81375 0.34578125000000004 0.81375
1 0.07359375 0.890972221875 0.07359375 0.7804166671874999 0.0010937499999999999 0.7804166671874999 0.0010937499999999999 0.890972221875 0.07359375 0.890972221875
1 0 0.32277777812499997 0.080703125 0.32277777812499997 0.080703125 0.18055555625 0 0.18055555625 0 0.32277777812499997
1 0.554921875 0.48472222187499997 0.554921875 0.42736111093750007 0.504609375 0.42736111093750007 0.504609375 0.48472222187499997 0.554921875 0.48472222187499997
1 0.591171875 0.4925 0.591171875 0.4491666671875 0.562265625 0.4491666671875 0.562265625 0.4925 0.591171875 0.4925
1 0.62578125 0.505 0.62578125 0.47041666718749997 0.60453125 0.47041666718749997 0.60453125 0.505 0.62578125 0.505
1 0.62265625 0.63180555625 0.62265625 0.6002777781249999 0.604453125 0.6002777781249999 0.604453125 0.63180555625 0.62265625 0.63180555625
1 0.589765625 0.6598611109375 0.589765625 0.6145833328125 0.559765625 0.6145833328125 0.559765625 0.6598611109375 0.589765625 0.6598611109375
1 0.55203125 0.690972221875 0.55203125 0.6288888890625 0.49921875 0.6288888890625 0.49921875 0.690972221875 0.55203125 0.690972221875
1 0.5880468750000001 0.29874999999999996 0.5880468750000001 0.3411111109375 0.60875 0.3411111109375 0.60875 0.29874999999999996 0.5880468750000001 0.29874999999999996
1 0.567109375 0.27430555624999997 0.567109375 0.31819444375 0.59171875 0.31819444375 0.59171875 0.27430555624999997 0.567109375 0.27430555624999997
1 0.569375 0.00041666718749999997 0.569375 0.04194444375 0.5921093749999999 0.04194444375 0.5921093749999999 0.00041666718749999997 0.569375 0.00041666718749999997
1 0.6314062500000001 0.363472221875 0.6314062500000001 0.3266666671875 0.60734375 0.3266666671875 0.60734375 0.363472221875 0.6314062500000001 0.363472221875
1 0.649921875 0.38930555624999996 0.649921875 0.35805555624999996 0.6314062500000001 0.35805555624999996 0.6314062500000001 0.38930555624999996 0.649921875 0.38930555624999996
1 0.66859375 0.40972222187499996 0.66859375 0.38486111093750003 0.6478906249999999 0.38486111093750003 0.6478906249999999 0.40972222187499996 0.66859375 0.40972222187499996
1 0.6724218750000001 0.426527778125 0.6724218750000001 0.40972222187499996 0.663203125 0.40972222187499996 0.663203125 0.426527778125 0.6724218750000001 0.426527778125
1 0.68171875 0.43944444374999997 0.68171875 0.42125 0.6717187499999999 0.42125 0.6717187499999999 0.43944444374999997 0.68171875 0.43944444374999997
1 0.6753125 0.5313888890625 0.6753125 0.520277778125 0.644609375 0.520277778125 0.644609375 0.5313888890625 0.6753125 0.5313888890625
1 0.6754687500000001 0.563472221875 0.6754687500000001 0.5526388890625 0.647109375 0.5526388890625 0.647109375 0.563472221875 0.6754687500000001 0.563472221875
1 0.7535937500000001 0.3808333328125 0.7535937500000001 0.3729166671875 0.73671875 0.3729166671875 0.73671875 0.3808333328125 0.7535937500000001 0.3808333328125
1 0.775 0.38055555625 0.775 0.3723611109375 0.756796875 0.3723611109375 0.756796875 0.38055555625 0.775 0.38055555625
1 0.796640625 0.3808333328125 0.796640625 0.37305555625000003 0.778125 0.37305555625000003 0.778125 0.3808333328125 0.796640625 0.3808333328125
1 0.735625 0.3808333328125 0.735625 0.3729166671875 0.718359375 0.3729166671875 0.718359375 0.3808333328125 0.735625 0.3808333328125
1 0.665546875 0.3276388890625 0.665546875 0.3008333328125 0.6448437499999999 0.3008333328125 0.6448437499999999 0.3276388890625 0.665546875 0.3276388890625
1 0.668359375 0.37569444375 0.668359375 0.3398611109375 0.645390625 0.3398611109375 0.645390625 0.37569444375 0.668359375 0.37569444375
1 0.591171875 0.0408333328125 0.591171875 0.0986111109375 0.6153125 0.0986111109375 0.6153125 0.0408333328125 0.591171875 0.0408333328125
1 0.6307031249999999 0.1433333328125 0.6307031249999999 0.09194444375000001 0.61375 0.09194444375000001 0.61375 0.1433333328125 0.6307031249999999 0.1433333328125
1 0.6443749999999999 0.18694444375 0.6443749999999999 0.14375 0.6265625 0.14375 0.6265625 0.18694444375 0.6443749999999999 0.18694444375
1 0.66453125 0.228472221875 0.66453125 0.19513888906250001 0.64546875 0.19513888906250001 0.64546875 0.228472221875 0.66453125 0.228472221875
1 0.6290625000000001 0.05430555625 0.6290625000000001 0.09805555625 0.641875 0.09805555625 0.641875 0.05430555625 0.6290625000000001 0.05430555625
1 0.63015625 0.09958333281250001 0.63015625 0.1348611109375 0.64390625 0.1348611109375 0.64390625 0.09958333281250001 0.63015625 0.09958333281250001
1 0.6266406250000001 0.01430555625 0.6266406250000001 0.064722221875 0.6421875 0.064722221875 0.6421875 0.01430555625 0.6266406250000001 0.01430555625
1 0.850390625 0.24930555625 0.850390625 0.21888888906249998 0.8400000000000001 0.21888888906249998 0.8400000000000001 0.24930555625 0.850390625 0.24930555625
1 0.848671875 0.16444444375 0.848671875 0.1991666671875 0.8631249999999999 0.1991666671875 0.8631249999999999 0.16444444375 0.848671875 0.16444444375
0 0.748515625 0.57194444375 0.748515625 0.48624999999999996 0.723359375 0.48624999999999996 0.723359375 0.57194444375 0.748515625 0.57194444375
0 0.768359375 0.4311111109375 0.768359375 0.58 0.804296875 0.58 0.804296875 0.4311111109375 0.768359375 0.4311111109375
1 0.680546875 0.43305555625 0.680546875 0.447777778125 0.690625 0.447777778125 0.690625 0.43305555625 0.680546875 0.43305555625
1 0.6450781250000001 0.258472221875 0.6450781250000001 0.28791666718750003 0.6674218749999999 0.28791666718750003 0.6674218749999999 0.258472221875 0.6450781250000001 0.258472221875
1 0.7028125000000001 0.5056944437500001 0.7028125000000001 0.51305555625 0.7130468750000001 0.51305555625 0.7130468750000001 0.5056944437500001 0.7028125000000001 0.5056944437500001
1 0.702109375 0.5275000000000001 0.702109375 0.5336111109375 0.712109375 0.5336111109375 0.712109375 0.5275000000000001 0.702109375 0.5275000000000001
1 0.702421875 0.5491666671875 0.702421875 0.5566666671875 0.7125781250000001 0.5566666671875 0.7125781250000001 0.5491666671875 0.702421875 0.5491666671875
1 0.702421875 0.56930555625 0.702421875 0.5773611109375001 0.711640625 0.5773611109375001 0.711640625 0.56930555625 0.702421875 0.56930555625
1 0.661484375 0.58430555625 0.661484375 0.597777778125 0.674765625 0.597777778125 0.674765625 0.58430555625 0.661484375 0.58430555625
1 0.976796875 0.619722221875 0.976796875 0.6633333328125001 0.9999218750000001 0.6633333328125001 0.9999218750000001 0.619722221875 0.976796875 0.619722221875