1 0.74125 0.6158333328125 0.74125 0.597222221875 0.6639062499999999 0.597222221875 0.6639062499999999 0.6158333328125 0.74125 0.6158333328125
1 0.742265625 0.5006944437499999 0.742265625 0.4641666671875 0.6615624999999999 0.4641666671875 0.6615624999999999 0.5006944437499999 0.742265625 0.5006944437499999
1 0.84921875 0.48666666718749996 0.84921875 0.469722221875 0.776328125 0.469722221875 0.776328125 0.48666666718749996 0.84921875 0.48666666718749996
1 0.8270312499999999 0.6133333328125 0.8270312499999999 0.58375 0.7755468750000001 0.58375 0.7755468750000001 0.6133333328125 0.8270312499999999 0.6133333328125
1 0.9725781250000001 0.5470833328125 0.9725781250000001 0.535277778125 0.947265625 0.535277778125 0.947265625 0.5470833328125 0.9725781250000001 0.5470833328125
1 0.9731249999999999 0.5538888890625 0.9731249999999999 0.5451388890625 0.9467187499999999 0.5451388890625 0.9467187499999999 0.5538888890625 0.9731249999999999 0.5538888890625
1 0.973671875 0.56569444375 0.973671875 0.5538888890625 0.943984375 0.5538888890625 0.943984375 0.56569444375 0.973671875 0.56569444375
1 0.9747656250000001 0.57444444375 0.9747656250000001 0.564722221875 0.945078125 0.564722221875 0.945078125 0.57444444375 0.9747656250000001 0.57444444375
1 0.97421875 0.5901388890625 0.97421875 0.57444444375 0.947265625 0.57444444375 0.947265625 0.5901388890625 0.97421875 0.5901388890625
1 0.0365625 0.6013888890625 0.0365625 0.537222221875 0.00046875 0.537222221875 0.00046875 0.6013888890625 0.0365625 0.6013888890625
1 0.00046875 0.4813888890625 0.00046875 0.5438888890625 0.027968749999999997 0.5438888890625 0.027968749999999997 0.4813888890625 0.00046875 0.4813888890625
1 0.00234375 0.4325 0.00234375 0.48986111093750007 0.02890625 0.48986111093750007 0.02890625 0.4325 0.00234375 0.4325
1 0.00046875 0.375 0.00046875 0.44930555625 0.0365625 0.44930555625 0.0365625 0.375 0.00046875 0.375
1 0.00046875 0.3226388890625 0.00046875 0.40208333281249997 0.0375 0.40208333281249997 0.0375 0.3226388890625 0.00046875 0.3226388890625
1 0.0032812500000000003 0.26694444375000004 0.0032812500000000003 0.35305555625 0.0384375 0.35305555625 0.0384375 0.26694444375000004 0.0032812500000000003 0.26694444375000004
1 0.00140625 0.21291666718750002 0.00140625 0.31763888906250004 0.042265625 0.31763888906250004 0.042265625 0.21291666718750002 0.00140625 0.21291666718750002
1 0.00046875 0.15875 0.00046875 0.26180555625 0.04796875 0.26180555625 0.04796875 0.15875 0.00046875 0.15875
1 0.00234375 0.104722221875 0.00234375 0.21458333281250003 0.04796875 0.21458333281250003 0.04796875 0.104722221875 0.00234375 0.104722221875
1 0.0032812500000000003 0.0641666671875 0.0032812500000000003 0.16388888906250001 0.05265625 0.16388888906250001 0.05265625 0.0641666671875 0.0032812500000000003 0.0641666671875
1 0.056484374999999996 0.11819444374999999 0.056484374999999996 0.0236111109375 0.006171875 0.0236111109375 0.006171875 0.11819444374999999 0.056484374999999996 0.11819444374999999
1 0.007109374999999999 0.00680555625 0.007109374999999999 0.075972221875 0.0640625 0.075972221875 0.0640625 0.00680555625 0.007109374999999999 0.00680555625
1 0.054609375 0.005138889062500001 0.054609375 0.037222221875 0.069765625 0.037222221875 0.069765625 0.005138889062500001 0.054609375 0.005138889062500001
1 0.117265625 0.145277778125 0.117265625 0.1148611109375 0.07265625 0.1148611109375 0.07265625 0.145277778125 0.117265625 0.145277778125
1 0.0365625 0.6587500000000001 0.0365625 0.582777778125 0.00140625 0.582777778125 0.00140625 0.6587500000000001 0.0365625 0.6587500000000001
1 0.0375 0.7179166671874999 0.0375 0.63180555625 0.006171875 0.63180555625 0.006171875 0.7179166671874999 0.0375 0.7179166671874999
1 0.033671875000000004 0.76180555625 0.033671875000000004 0.6875 0.00046875 0.6875 0.00046875 0.76180555625 0.033671875000000004 0.76180555625
1 0.1809375 0.5962500000000001 0.1809375 0.5304166671874999 0.027968749999999997 0.5304166671874999 0.027968749999999997 0.5962500000000001 0.1809375 0.5962500000000001
1 0.175234375 0.625 0.175234375 0.57430555625 0.032734374999999996 0.57430555625 0.032734374999999996 0.625 0.175234375 0.625
1 0.15914062499999998 0.679027778125 0.15914062499999998 0.604722221875 0.022265625 0.604722221875 0.022265625 0.679027778125 0.15914062499999998 0.679027778125
1 0.16007812500000002 0.7145833328125 0.16007812500000002 0.6638888890625 0.02515625 0.6638888890625 0.02515625 0.7145833328125 0.16007812500000002 0.7145833328125
1 0.35296875 0.6384722218750001 0.35296875 0.5759722218750001 0.16007812500000002 0.5759722218750001 0.16007812500000002 0.6384722218750001 0.35296875 0.6384722218750001
1 0.35484375 0.68069444375 0.35484375 0.63680555625 0.161015625 0.63680555625 0.161015625 0.68069444375 0.35484375 0.68069444375
1 0.35671875000000003 0.7348611109375 0.35671875000000003 0.679027778125 0.161015625 0.679027778125 0.161015625 0.7348611109375 0.35671875000000003 0.7348611109375
1 0.428046875 0.16555555625 0.428046875 0.11819444374999999 0.37671875 0.11819444374999999 0.37671875 0.16555555625 0.428046875 0.16555555625
1 0.47554687500000004 0.162222221875 0.47554687500000004 0.12833333281249998 0.42992187499999995 0.12833333281249998 0.42992187499999995 0.162222221875 0.47554687500000004 0.162222221875
1 0.5315624999999999 0.1723611109375 0.5315624999999999 0.13180555625 0.478359375 0.13180555625 0.478359375 0.1723611109375 0.5315624999999999 0.1723611109375
1 0.58 0.1858333328125 0.58 0.1520833328125 0.5335156249999999 0.1520833328125 0.5335156249999999 0.1858333328125 0.58 0.1858333328125
1 0.6265625 0.21111111093749999 0.6265625 0.1723611109375 0.582890625 0.1723611109375 0.582890625 0.21111111093749999 0.6265625 0.21111111093749999
1 0.56203125 0.6255555562499999 0.56203125 0.605 0.5284375 0.605 0.5284375 0.6255555562499999 0.56203125 0.6255555562499999
1 0.5680468750000001 0.6108333328125 0.5680468750000001 0.5863888890625 0.52734375 0.5863888890625 0.52734375 0.6108333328125 0.5680468750000001 0.6108333328125
1 0.531171875 0.5688888890625 0.531171875 0.5962500000000001 0.56640625 0.5962500000000001 0.56640625 0.5688888890625 0.531171875 0.5688888890625
1 0.562578125 0.5786111109375 0.562578125 0.55125 0.524609375 0.55125 0.524609375 0.5786111109375 0.562578125 0.5786111109375
1 0.530625 0.5376388890625 0.530625 0.559027778125 0.562578125 0.559027778125 0.562578125 0.5376388890625 0.530625 0.5376388890625
1 0.5278906250000001 0.39194444375000004 0.5278906250000001 0.36263888906249997 0.459140625 0.36263888906249997 0.459140625 0.39194444375000004 0.5278906250000001 0.39194444375000004
1 0.5289843750000001 0.40555555625000006 0.5289843750000001 0.377222221875 0.46085937499999996 0.377222221875 0.46085937499999996 0.40555555625000006 0.5289843750000001 0.40555555625000006
1 0.535078125 0.42513888906249997 0.535078125 0.40069444374999996 0.45968749999999997 0.40069444374999996 0.45968749999999997 0.42513888906249997 0.535078125 0.42513888906249997
1 0.5289843750000001 0.44375 0.5289843750000001 0.42125 0.4625 0.42125 0.4625 0.44375 0.5289843750000001 0.44375
1 0.531171875 0.4613888890625 0.531171875 0.43694444375 0.45859375 0.43694444375 0.45859375 0.4613888890625 0.531171875 0.4613888890625
1 0.530078125 0.482777778125 0.530078125 0.46027777812500004 0.45968749999999997 0.46027777812500004 0.45968749999999997 0.482777778125 0.530078125 0.482777778125
1 0.52953125 0.498472221875 0.52953125 0.48180555625 0.45968749999999997 0.48180555625 0.45968749999999997 0.498472221875 0.52953125 0.498472221875
1 0.531171875 0.51805555625 0.531171875 0.498472221875 0.45859375 0.498472221875 0.45859375 0.51805555625 0.531171875 0.51805555625
1 0.530625 0.5355555562500001 0.530625 0.51805555625 0.4603125 0.51805555625 0.4603125 0.5355555562500001 0.530625 0.5355555562500001
1 0.5334375 0.5570833328125 0.5334375 0.5355555562500001 0.45968749999999997 0.5355555562500001 0.45968749999999997 0.5570833328125 0.5334375 0.5570833328125
1 0.53234375 0.5766666671875 0.53234375 0.5570833328125 0.4603125 0.5570833328125 0.4603125 0.5766666671875 0.53234375 0.5766666671875
1 0.530625 0.5923611109375 0.530625 0.5766666671875 0.4603125 0.5766666671875 0.4603125 0.5923611109375 0.530625 0.5923611109375
1 0.530625 0.612777778125 0.530625 0.5923611109375 0.463046875 0.5923611109375 0.463046875 0.612777778125 0.530625 0.612777778125
1 0.523515625 0.6352777781250001 0.523515625 0.612777778125 0.463046875 0.612777778125 0.463046875 0.6352777781250001 0.523515625 0.6352777781250001
1 0.465234375 0.6333333328124999 0.465234375 0.61180555625 0.383828125 0.61180555625 0.383828125 0.6333333328124999 0.465234375 0.6333333328124999
1 0.46195312499999996 0.61694444375 0.46195312499999996 0.5891666671875 0.384375 0.5891666671875 0.384375 0.61694444375 0.46195312499999996 0.61694444375
1 0.38328125 0.5701388890625 0.38328125 0.60805555625 0.46078125 0.60805555625 0.46078125 0.5701388890625 0.38328125 0.5701388890625
1 0.455078125 0.5727777781250001 0.455078125 0.5483333328125 0.384375 0.5483333328125 0.384375 0.5727777781250001 0.455078125 0.5727777781250001
1 0.383671875 0.5341666671875 0.383671875 0.5579166671875 0.458515625 0.5579166671875 0.458515625 0.5341666671875 0.383671875 0.5341666671875
1 0.45999999999999996 0.533472221875 0.45999999999999996 0.5116666671875 0.384765625 0.5116666671875 0.384765625 0.533472221875 0.45999999999999996 0.533472221875
1 0.38328125 0.49000000000000005 0.38328125 0.518472221875 0.46039062499999994 0.518472221875 0.46039062499999994 0.49000000000000005 0.38328125 0.49000000000000005
1 0.46039062499999994 0.49749999999999994 0.46039062499999994 0.47375 0.38406250000000003 0.47375 0.38406250000000003 0.49749999999999994 0.46039062499999994 0.49749999999999994
1 0.45578124999999997 0.4798611109375 0.45578124999999997 0.45125000000000004 0.38515625 0.45125000000000004 0.38515625 0.4798611109375 0.45578124999999997 0.4798611109375
1 0.386328125 0.43499999999999994 0.386328125 0.45944444375 0.45921874999999995 0.45944444375 0.45921874999999995 0.43499999999999994 0.386328125 0.43499999999999994
1 0.45773437499999997 0.4438888890625 0.45773437499999997 0.40652777812499996 0.387109375 0.40652777812499996 0.387109375 0.4438888890625 0.45773437499999997 0.4438888890625
1 0.386328125 0.391527778125 0.386328125 0.42625 0.46265625000000005 0.42625 0.46265625000000005 0.391527778125 0.386328125 0.391527778125
1 0.45695312499999996 0.4091666671875 0.45695312499999996 0.37124999999999997 0.386328125 0.37124999999999997 0.386328125 0.4091666671875 0.45695312499999996 0.4091666671875
1 0.501484375 0.36680555625 0.501484375 0.3525 0.45796875000000004 0.3525 0.45796875000000004 0.36680555625 0.501484375 0.36680555625
1 0.45875000000000005 0.33347222187500003 0.45875000000000005 0.355277778125 0.501484375 0.355277778125 0.501484375 0.33347222187500003 0.45875000000000005 0.33347222187500003
1 0.498828125 0.33555555625 0.498828125 0.3158333328125 0.459453125 0.3158333328125 0.459453125 0.33555555625 0.498828125 0.33555555625
1 0.46023437500000003 0.29819444375000004 0.46023437500000003 0.3233333328125 0.49992187499999996 0.3233333328125 0.49992187499999996 0.29819444375000004 0.46023437500000003 0.29819444375000004
1 0.45757812500000006 0.33347222187500003 0.45757812500000006 0.2941666671875 0.388046875 0.2941666671875 0.388046875 0.33347222187500003 0.45757812500000006 0.33347222187500003
1 0.458359375 0.355972221875 0.458359375 0.317222221875 0.38351562499999997 0.317222221875 0.38351562499999997 0.355972221875 0.458359375 0.355972221875
1 0.45757812500000006 0.37152777812500004 0.45757812500000006 0.32944444375000004 0.38234375 0.32944444375000004 0.38234375 0.37152777812500004 0.45757812500000006 0.37152777812500004
1 0.451484375 0.39388888906249997 0.451484375 0.347777778125 0.388046875 0.347777778125 0.388046875 0.39388888906249997 0.451484375 0.39388888906249997
1 0.44265625000000003 0.28125 0.44265625000000003 0.2298611109375 0.370703125 0.2298611109375 0.370703125 0.28125 0.44265625000000003 0.28125
1 0.44359374999999995 0.2958333328125 0.44359374999999995 0.2486111109375 0.371640625 0.2486111109375 0.371640625 0.2958333328125 0.44359374999999995 0.2958333328125
1 0.438984375 0.3179166671875 0.438984375 0.26819444375 0.374375 0.26819444375 0.374375 0.3179166671875 0.438984375 0.3179166671875
1 0.43804687500000006 0.3375 0.43804687500000006 0.2820833328125 0.37117187500000004 0.2820833328125 0.37117187500000004 0.3375 0.43804687500000006 0.3375
1 0.390390625 0.3375 0.390390625 0.3048611109375 0.3734375 0.3048611109375 0.3734375 0.3375 0.390390625 0.3375
1 0.38992187500000003 0.35041666718750003 0.38992187500000003 0.32444444375 0.37296874999999996 0.32444444375 0.37296874999999996 0.35041666718750003 0.38992187500000003 0.35041666718750003
1 0.390390625 0.35944444375 0.390390625 0.3375 0.374375 0.3375 0.374375 0.35944444375 0.390390625 0.35944444375
1 0.393125 0.3773611109375 0.393125 0.34888888906250004 0.37117187500000004 0.34888888906250004 0.37117187500000004 0.3773611109375 0.393125 0.3773611109375
1 0.38859374999999996 0.3879166671875 0.38859374999999996 0.36680555625 0.370234375 0.36680555625 0.370234375 0.3879166671875 0.38859374999999996 0.3879166671875
1 0.38859374999999996 0.4091666671875 0.38859374999999996 0.38055555625 0.370703125 0.38055555625 0.370703125 0.4091666671875 0.38859374999999996 0.4091666671875
1 0.38625 0.4254166671875 0.38625 0.39930555624999997 0.36703125000000003 0.39930555624999997 0.36703125000000003 0.4254166671875 0.38625 0.4254166671875
1 0.38859374999999996 0.44166666718750003 0.38859374999999996 0.4123611109375 0.364765625 0.4123611109375 0.364765625 0.44166666718750003 0.38859374999999996 0.44166666718750003
1 0.393125 0.454722221875 0.393125 0.43027777812499995 0.36796875 0.43027777812499995 0.36796875 0.454722221875 0.393125 0.454722221875
1 0.384453125 0.470277778125 0.384453125 0.4473611109375 0.36929687499999997 0.4473611109375 0.36929687499999997 0.470277778125 0.384453125 0.470277778125
1 0.383984375 0.489027778125 0.383984375 0.470277778125 0.36703125000000003 0.470277778125 0.36703125000000003 0.489027778125 0.383984375 0.489027778125
1 0.383984375 0.5011111109375 0.383984375 0.48319444375 0.36843750000000003 0.48319444375 0.36843750000000003 0.5011111109375 0.383984375 0.5011111109375
1 0.385859375 0.52319444375 0.385859375 0.4970833328125 0.364765625 0.4970833328125 0.364765625 0.52319444375 0.385859375 0.52319444375
1 0.383984375 0.5337500000000001 0.383984375 0.515 0.36703125000000003 0.515 0.36703125000000003 0.5337500000000001 0.383984375 0.5337500000000001
1 0.383984375 0.54930555625 0.383984375 0.5337500000000001 0.365234375 0.5337500000000001 0.365234375 0.54930555625 0.383984375 0.54930555625
1 0.38171875 0.5638888890625 0.38171875 0.54930555625 0.365234375 0.54930555625 0.365234375 0.5638888890625 0.38171875 0.5638888890625
1 0.3821875 0.580972221875 0.3821875 0.5630555562499999 0.371640625 0.5630555562499999 0.371640625 0.580972221875 0.3821875 0.580972221875
1 0.383046875 0.6013888890625 0.383046875 0.580972221875 0.3665625 0.580972221875 0.3665625 0.6013888890625 0.383046875 0.6013888890625
1 0.384453125 0.6152777781250001 0.384453125 0.5988888890624999 0.3675 0.5988888890624999 0.3675 0.6152777781250001 0.384453125 0.6152777781250001
0 0.8115625 0.3538888890625 0.8115625 0.6315277781249999 0.9337500000000001 0.6315277781249999 0.9337500000000001 0.3538888890625 0.8115625 0.3538888890625