1 0.99671875 0.871527778125 0.99671875 0.7180555562500001 0.96796875 0.7180555562500001 0.96796875 0.871527778125 0.99671875 0.871527778125
1 0.6428906249999999 0.632777778125 0.6428906249999999 0.5836111109375001 0.58 0.5836111109375001 0.58 0.632777778125 0.6428906249999999 0.632777778125
1 0.588515625 0.6498611109375 0.588515625 0.6044444437500001 0.49265625 0.6044444437500001 0.49265625 0.6498611109375 0.588515625 0.6498611109375
1 0.45640625 0.84694444375 0.45640625 0.71055555625 0.2603125 0.71055555625 0.2603125 0.84694444375 0.45640625 0.84694444375
1 0.26984375 0.8829166671875001 0.26984375 0.7636111109375 0.08546875000000001 0.7636111109375 0.08546875000000001 0.8829166671875001 0.26984375 0.8829166671875001
1 0.10679687499999999 0.9037499999999999 0.10679687499999999 0.7636111109375 0.0034375000000000005 0.7636111109375 0.0034375000000000005 0.9037499999999999 0.10679687499999999 0.9037499999999999
1 0.504375 0.750277778125 0.504375 0.6820833328125 0.42125 0.6820833328125 0.42125 0.750277778125 0.504375 0.750277778125
1 0.14734375 0.2236111109375 0.14734375 0.16680555625 0.07273437499999999 0.16680555625 0.07273437499999999 0.2236111109375 0.14734375 0.2236111109375
1 0.03328125 0.1723611109375 0.03328125 0.1288888890625 0.000234375 0.1288888890625 0.000234375 0.1723611109375 0.03328125 0.1723611109375
1 0.42914062499999994 0.3854166671875 0.42914062499999994 0.33930555625 0.2959375 0.33930555625 0.2959375 0.3854166671875 0.42914062499999994 0.3854166671875
1 0.30109375 0.32486111093750003 0.30109375 0.3604166671875 0.42328124999999994 0.3604166671875 0.42328124999999994 0.32486111093750003 0.30109375 0.32486111093750003
1 0.42843749999999997 0.34069444375 0.42843749999999997 0.29194444375 0.29296875 0.29194444375 0.29296875 0.34069444375 0.42843749999999997 0.34069444375
1 0.285625 0.26694444375000004 0.285625 0.31305555625000003 0.423984375 0.31305555625000003 0.423984375 0.26694444375000004 0.285625 0.26694444375000004
1 0.42328124999999994 0.28930555625 0.42328124999999994 0.24986111093750002 0.28335937499999997 0.24986111093750002 0.28335937499999997 0.28930555625 0.42328124999999994 0.28930555625
1 0.29671875000000003 0.223472221875 0.29671875000000003 0.27097222187500003 0.42765624999999996 0.27097222187500003 0.42765624999999996 0.223472221875 0.29671875000000003 0.223472221875
1 0.426953125 0.24333333281249997 0.426953125 0.2063888890625 0.295234375 0.2063888890625 0.295234375 0.24333333281249997 0.426953125 0.24333333281249997
1 0.30109375 0.172222221875 0.30109375 0.223472221875 0.42765624999999996 0.223472221875 0.42765624999999996 0.172222221875 0.30109375 0.172222221875
1 0.43289062500000003 0.1945833328125 0.43289062500000003 0.147222221875 0.298203125 0.147222221875 0.298203125 0.1945833328125 0.43289062500000003 0.1945833328125
1 0.3078125 0.13013888906249999 0.3078125 0.1761111109375 0.42765624999999996 0.1761111109375 0.42765624999999996 0.13013888906249999 0.3078125 0.13013888906249999
1 0.43140625000000005 0.1551388890625 0.43140625000000005 0.109027778125 0.303359375 0.109027778125 0.303359375 0.1551388890625 0.43140625000000005 0.1551388890625
1 0.31890625 0.09194444375000001 0.31890625 0.148472221875 0.435078125 0.148472221875 0.435078125 0.09194444375000001 0.31890625 0.09194444375000001
1 0.435078125 0.1248611109375 0.435078125 0.06569444375 0.30929687499999997 0.06569444375 0.30929687499999997 0.1248611109375 0.435078125 0.1248611109375
1 0.317421875 0.055138889062499995 0.317421875 0.10513888906249999 0.43062500000000004 0.10513888906249999 0.43062500000000004 0.055138889062499995 0.317421875 0.055138889062499995
1 0.43679687500000003 0.0870833328125 0.43679687500000003 0.0475 0.32210937500000003 0.0475 0.32210937500000003 0.0870833328125 0.43679687500000003 0.0870833328125
1 0.32210937500000003 0.0288888890625 0.32210937500000003 0.06944444375 0.433125 0.06944444375 0.433125 0.0288888890625 0.32210937500000003 0.0288888890625
1 0.44171875 0.064027778125 0.44171875 0.006944443749999999 0.3146875 0.006944443749999999 0.3146875 0.064027778125 0.44171875 0.064027778125
1 0.320859375 0.001527778125 0.320859375 0.053055556250000004 0.45289062500000005 0.053055556250000004 0.45289062500000005 0.001527778125 0.320859375 0.001527778125
1 0.46890625 0.1429166671875 0.46890625 0.09805555625 0.43562500000000004 0.09805555625 0.43562500000000004 0.1429166671875 0.46890625 0.1429166671875
1 0.471328125 0.16819444374999998 0.471328125 0.12097222187500001 0.436171875 0.12097222187500001 0.436171875 0.16819444374999998 0.471328125 0.16819444374999998
1 0.4325 0.1451388890625 0.4325 0.17805555625 0.46765625 0.17805555625 0.46765625 0.1451388890625 0.4325 0.1451388890625
1 0.47078125000000004 0.197777778125 0.47078125000000004 0.16375 0.43125 0.16375 0.43125 0.197777778125 0.47078125000000004 0.197777778125
1 0.46953125 0.215277778125 0.46953125 0.1813888890625 0.4325 0.1813888890625 0.4325 0.215277778125 0.46953125 0.215277778125
1 0.46703124999999995 0.2383333328125 0.46703124999999995 0.2 0.42945312500000005 0.2 0.42945312500000005 0.2383333328125 0.46703124999999995 0.2383333328125
1 0.471328125 0.2613888890625 0.471328125 0.22194444375 0.428828125 0.22194444375 0.428828125 0.2613888890625 0.471328125 0.2613888890625
1 0.46578125000000004 0.27999999999999997 0.46578125000000004 0.23944444374999999 0.42328124999999994 0.23944444374999999 0.42328124999999994 0.27999999999999997 0.46578125000000004 0.27999999999999997
1 0.46640625 0.29972222187500003 0.46640625 0.2613888890625 0.426953125 0.2613888890625 0.426953125 0.29972222187500003 0.46640625 0.29972222187500003
1 0.46953125 0.32055555625 0.46953125 0.2811111109375 0.427578125 0.2811111109375 0.427578125 0.32055555625 0.46953125 0.32055555625
1 0.46890625 0.344722221875 0.46890625 0.2986111109375 0.42390625000000004 0.2986111109375 0.42390625000000004 0.344722221875 0.46890625 0.344722221875
1 0.462734375 0.36555555625 0.462734375 0.3261111109375 0.42945312500000005 0.3261111109375 0.42945312500000005 0.36555555625 0.462734375 0.36555555625
1 0.462109375 0.38416666718750003 0.462109375 0.344722221875 0.42507812500000003 0.344722221875 0.42507812500000003 0.38416666718750003 0.462109375 0.38416666718750003
1 0.47320312500000006 0.41819444375000003 0.47320312500000006 0.3720833328125 0.428828125 0.3720833328125 0.428828125 0.41819444375000003 0.47320312500000006 0.41819444375000003
1 0.424453125 0.3951388890625 0.424453125 0.4258333328125 0.46765625 0.4258333328125 0.46765625 0.3951388890625 0.424453125 0.3951388890625
1 0.46578125000000004 0.39736111093750004 0.46578125000000004 0.41930555625 0.49601562499999996 0.41930555625 0.49601562499999996 0.39736111093750004 0.46578125000000004 0.39736111093750004
1 0.46640625 0.3754166671875 0.46640625 0.39958333281249997 0.49046874999999995 0.39958333281249997 0.49046874999999995 0.3754166671875 0.46640625 0.3754166671875
1 0.459609375 0.3545833328125 0.459609375 0.379722221875 0.487421875 0.379722221875 0.487421875 0.3545833328125 0.459609375 0.3545833328125
1 0.45843749999999994 0.3304166671875 0.45843749999999994 0.36444444374999996 0.49109375 0.36444444374999996 0.49109375 0.3304166671875 0.45843749999999994 0.3304166671875
1 0.46460937500000005 0.3063888890625 0.46460937500000005 0.34027777812500004 0.48921875000000004 0.34027777812500004 0.48921875000000004 0.3063888890625 0.46460937500000005 0.3063888890625
1 0.46703124999999995 0.2898611109375 0.46703124999999995 0.3183333328125 0.48984375 0.3183333328125 0.48984375 0.2898611109375 0.46703124999999995 0.2898611109375
1 0.46578125000000004 0.2613888890625 0.46578125000000004 0.2876388890625 0.49234375 0.2876388890625 0.49234375 0.2613888890625 0.46578125000000004 0.2613888890625
1 0.46640625 0.20111111093749998 0.46640625 0.228472221875 0.49539062500000003 0.228472221875 0.49539062500000003 0.20111111093749998 0.46640625 0.20111111093749998
1 0.49109375 0.180277778125 0.49109375 0.14180555625 0.46890625 0.14180555625 0.46890625 0.180277778125 0.49109375 0.180277778125
1 0.475078125 0.155 0.475078125 0.1966666671875 0.511484375 0.1966666671875 0.511484375 0.155 0.475078125 0.155
1 0.5028125 0.305277778125 0.5028125 0.2833333328125 0.48804687500000005 0.2833333328125 0.48804687500000005 0.305277778125 0.5028125 0.305277778125
1 0.2625 0.000277778125 0.2625 0.032222221875 0.32109375 0.032222221875 0.32109375 0.000277778125 0.2625 0.000277778125
1 0.320625 0.046805556250000005 0.320625 0.0020833328125000002 0.264609375 0.0020833328125000002 0.264609375 0.046805556250000005 0.320625 0.046805556250000005
1 0.323671875 0.060555556249999996 0.323671875 0.010277778125000001 0.254296875 0.010277778125000001 0.254296875 0.060555556249999996 0.323671875 0.060555556249999996
1 0.316015625 0.0751388890625 0.316015625 0.0313888890625 0.254296875 0.0313888890625 0.254296875 0.0751388890625 0.316015625 0.0751388890625
1 0.318046875 0.093472221875 0.318046875 0.04875 0.25375000000000003 0.04875 0.25375000000000003 0.093472221875 0.318046875 0.093472221875
1 0.316015625 0.10986111093749999 0.316015625 0.06694444375 0.25125000000000003 0.06694444375 0.25125000000000003 0.10986111093749999 0.316015625 0.10986111093749999
1 0.32828124999999997 0.1254166671875 0.32828124999999997 0.0779166671875 0.252734375 0.0779166671875 0.252734375 0.1254166671875 0.32828124999999997 0.1254166671875
1 0.32210937500000003 0.14375 0.32210937500000003 0.09625 0.25070312499999997 0.09625 0.25070312499999997 0.14375 0.32210937500000003 0.14375
1 0.314921875 0.1573611109375 0.314921875 0.117222221875 0.25070312499999997 0.117222221875 0.25070312499999997 0.1573611109375 0.314921875 0.1573611109375
1 0.320078125 0.1775 0.320078125 0.13819444375 0.24609375 0.13819444375 0.24609375 0.1775 0.320078125 0.1775
1 0.31234375000000003 0.20125 0.31234375000000003 0.1583333328125 0.23937499999999998 0.1583333328125 0.23937499999999998 0.20125 0.31234375000000003 0.20125
1 0.312890625 0.21861111093750002 0.312890625 0.1766666671875 0.243984375 0.1766666671875 0.243984375 0.21861111093750002 0.312890625 0.21861111093750002
1 0.31234375000000003 0.2351388890625 0.31234375000000003 0.1966666671875 0.2425 0.1966666671875 0.2425 0.2351388890625 0.31234375000000003 0.2351388890625
1 0.312890625 0.2525 0.312890625 0.2158333328125 0.24093749999999997 0.2158333328125 0.24093749999999997 0.2525 0.312890625 0.2525
1 0.307265625 0.2798611109375 0.307265625 0.24055555625 0.237890625 0.24055555625 0.237890625 0.2798611109375 0.307265625 0.2798611109375
1 0.310859375 0.29444444375 0.310859375 0.2561111109375 0.237890625 0.2561111109375 0.237890625 0.29444444375 0.310859375 0.29444444375
1 0.30984375000000003 0.30819444375 0.30984375000000003 0.2788888890625 0.23890625000000001 0.2788888890625 0.23890625000000001 0.30819444375 0.30984375000000003 0.30819444375
1 0.307265625 0.334722221875 0.307265625 0.3 0.24609375 0.3 0.24609375 0.334722221875 0.307265625 0.334722221875
1 0.310859375 0.35111111093749997 0.310859375 0.320972221875 0.25890625 0.320972221875 0.25890625 0.35111111093749997 0.310859375 0.35111111093749997
1 0.30874999999999997 0.368472221875 0.30874999999999997 0.3411111109375 0.25484375 0.3411111109375 0.25484375 0.368472221875 0.30874999999999997 0.368472221875
1 0.30515625 0.394027778125 0.30515625 0.3648611109375 0.2584375 0.3648611109375 0.2584375 0.394027778125 0.30515625 0.394027778125
1 0.3103125 0.40875000000000006 0.3103125 0.3904166671875 0.254296875 0.3904166671875 0.254296875 0.40875000000000006 0.3103125 0.40875000000000006
1 0.3015625 0.42694444374999996 0.3015625 0.41055555625 0.25015624999999997 0.41055555625 0.25015624999999997 0.42694444374999996 0.3015625 0.42694444374999996
1 0.8530468750000001 0.2920833328125 0.8530468750000001 0.24472222187499998 0.80640625 0.24472222187499998 0.80640625 0.2920833328125 0.8530468750000001 0.2920833328125
1 0.816796875 0.2920833328125 0.816796875 0.2341666671875 0.78125 0.2341666671875 0.78125 0.2920833328125 0.816796875 0.2920833328125
1 0.985 0.7226388890625 0.985 0.61875 0.82734375 0.61875 0.82734375 0.7226388890625 0.985 0.7226388890625
0 0.7642187500000001 0.22236111093750002 0.7642187500000001 0.66180555625 0.8915625 0.66180555625 0.8915625 0.22236111093750002 0.7642187500000001 0.22236111093750002