1 0.6388281250000001 0.40569444375 0.6388281250000001 0.3579166671875 0.47796874999999994 0.3579166671875 0.47796874999999994 0.40569444375 0.6388281250000001 0.40569444375
1 0.9779687499999999 0.691527778125 0.9779687499999999 0.6383333328125 0.8250781249999999 0.6383333328125 0.8250781249999999 0.691527778125 0.9779687499999999 0.691527778125
1 0.53203125 0.6583333328125 0.53203125 0.60569444375 0.482578125 0.60569444375 0.482578125 0.6583333328125 0.53203125 0.6583333328125
1 0.47601562499999994 0.6611111109375 0.47601562499999994 0.59930555625 0.283828125 0.59930555625 0.283828125 0.6611111109375 0.47601562499999994 0.6611111109375
1 0.285390625 0.622777778125 0.285390625 0.5711111109375 0.24500000000000002 0.5711111109375 0.24500000000000002 0.622777778125 0.285390625 0.622777778125
1 0.41421875 0.194027778125 0.41421875 0.13180555625 0.36726562500000004 0.13180555625 0.36726562500000004 0.194027778125 0.41421875 0.194027778125
1 0.46453125 0.15430555625 0.46453125 0.09180555625 0.410546875 0.09180555625 0.410546875 0.15430555625 0.46453125 0.15430555625
1 0.616796875 0.10458333281250001 0.616796875 0.0279166671875 0.45953125000000006 0.0279166671875 0.45953125000000006 0.10458333281250001 0.616796875 0.10458333281250001
1 0.467421875 0.0679166671875 0.467421875 0.0075 0.41328125 0.0075 0.41328125 0.0679166671875 0.467421875 0.0679166671875
1 0.79234375 0.3726388890625 0.79234375 0.3570833328125 0.75265625 0.3570833328125 0.75265625 0.3726388890625 0.79234375 0.3726388890625
1 0.7952343749999999 0.4033333328125 0.7952343749999999 0.38486111093750003 0.7584375 0.38486111093750003 0.7584375 0.4033333328125 0.7952343749999999 0.4033333328125
1 0.8228125000000001 0.35291666718750003 0.8228125000000001 0.33388888906249997 0.7934375 0.33388888906249997 0.7934375 0.35291666718750003 0.8228125000000001 0.35291666718750003
1 0.795 0.4225 0.795 0.40430555625000003 0.7633593750000001 0.40430555625000003 0.7633593750000001 0.4225 0.795 0.4225
1 0.82453125 0.3726388890625 0.82453125 0.355 0.792890625 0.355 0.792890625 0.3726388890625 0.82453125 0.3726388890625
1 0.713359375 0.0270833328125 0.713359375 0.072777778125 0.745703125 0.072777778125 0.745703125 0.0270833328125 0.713359375 0.0270833328125
1 0.7628125 0.0986111109375 0.7628125 0.0563888890625 0.7403906250000001 0.0563888890625 0.7403906250000001 0.0986111109375 0.7628125 0.0986111109375
1 0.7826562499999999 0.11736111093749999 0.7826562499999999 0.07861111093749999 0.760859375 0.07861111093749999 0.760859375 0.11736111093749999 0.7826562499999999 0.11736111093749999
1 0.808984375 0.14430555625000002 0.808984375 0.11499999999999999 0.7846093749999999 0.11499999999999999 0.7846093749999999 0.14430555625000002 0.808984375 0.14430555625000002
1 0.169453125 0.75305555625 0.169453125 0.7095833328125 0.0115625 0.7095833328125 0.0115625 0.75305555625 0.169453125 0.75305555625
0 0.7946093750000001 0.6111111109375 0.7946093750000001 0.302777778125 0.67890625 0.302777778125 0.67890625 0.6111111109375 0.7946093750000001 0.6111111109375
1 0.7959375 0.3858333328125 0.7959375 0.403472221875 0.82390625 0.403472221875 0.82390625 0.3858333328125 0.7959375 0.3858333328125
1 0.757734375 0.372222221875 0.757734375 0.3845833328125 0.795 0.3845833328125 0.795 0.372222221875 0.757734375 0.372222221875
1 0.795 0.3704166671875 0.795 0.3863888890625 0.82453125 0.3863888890625 0.82453125 0.3704166671875 0.795 0.3704166671875
1 0.796640625 0.404722221875 0.796640625 0.42416666718749996 0.82453125 0.42416666718749996 0.82453125 0.404722221875 0.796640625 0.404722221875
1 0.796640625 0.4236111109375 0.796640625 0.43958333281249995 0.824921875 0.43958333281249995 0.824921875 0.4236111109375 0.796640625 0.4236111109375
1 0.799296875 0.504027778125 0.799296875 0.5247222218750001 0.825859375 0.5247222218750001 0.825859375 0.504027778125 0.799296875 0.504027778125
1 0.7989843750000001 0.4904166671875 0.7989843750000001 0.5058333328125 0.825234375 0.5058333328125 0.825234375 0.4904166671875 0.7989843750000001 0.4904166671875
1 0.799296875 0.5283333328125 0.799296875 0.5436111109375 0.825234375 0.5436111109375 0.825234375 0.5283333328125 0.799296875 0.5283333328125