1 0.9960156250000001 0.49312500000000004 0.9960156250000001 0.3203125 0.690703125 0.3203125 0.690703125 0.49312500000000004 0.9960156250000001 0.49312500000000004
1 0.7909375 0.4236458328125 0.7909375 0.2719791671875 0.5055468750000001 0.2719791671875 0.5055468750000001 0.4236458328125 0.7909375 0.4236458328125
1 0.69625 0.48197916718749995 0.69625 0.3398958328125 0.40132812500000004 0.3398958328125 0.40132812500000004 0.48197916718749995 0.69625 0.48197916718749995
1 0.6571875 0.5041666671875 0.6571875 0.3652083328125 0.320859375 0.3652083328125 0.320859375 0.5041666671875 0.6571875 0.5041666671875
1 0.50203125 0.5104166671875 0.50203125 0.3998958328125 0.23796875 0.3998958328125 0.23796875 0.5104166671875 0.50203125 0.5104166671875
1 0.320859375 0.5167708328125 0.320859375 0.4614583328125 0.173984375 0.4614583328125 0.173984375 0.5167708328125 0.320859375 0.5167708328125
1 0.185859375 0.5198958328125001 0.185859375 0.48197916718749995 0.12898437499999998 0.48197916718749995 0.12898437499999998 0.5198958328125001 0.185859375 0.5198958328125001
1 0.3646875 0.2688541671875 0.3646875 0.1741666671875 0.18703125 0.1741666671875 0.18703125 0.2688541671875 0.3646875 0.2688541671875
1 0.331484375 0.28625 0.331484375 0.23093750000000002 0.15031250000000002 0.23093750000000002 0.15031250000000002 0.28625 0.331484375 0.28625
1 0.2971875 0.3398958328125 0.2971875 0.2688541671875 0.126640625 0.2688541671875 0.126640625 0.3398958328125 0.2971875 0.3398958328125
1 0.28054687500000003 0.37145833281249996 0.28054687500000003 0.289375 0.112421875 0.289375 0.112421875 0.37145833281249996 0.28054687500000003 0.37145833281249996
1 0.26515625 0.4014583328125 0.26515625 0.313125 0.08757812499999999 0.313125 0.08757812499999999 0.4014583328125 0.26515625 0.4014583328125
1 0.16929687499999999 0.3952083328125 0.16929687499999999 0.3336458328125 0.0709375 0.3336458328125 0.0709375 0.3952083328125 0.16929687499999999 0.3952083328125
1 0.120703125 0.3904166671875 0.120703125 0.35885416718749996 0.06265625 0.35885416718749996 0.06265625 0.3904166671875 0.120703125 0.3904166671875
1 0.10179687500000001 0.409375 0.10179687500000001 0.37145833281249996 0.0496875 0.37145833281249996 0.0496875 0.409375 0.10179687500000001 0.409375
1 0.09703125 0.4267708328125 0.09703125 0.3936458328125 0.025937500000000002 0.3936458328125 0.025937500000000002 0.4267708328125 0.09703125 0.4267708328125
1 0.112421875 0.7078125 0.112421875 0.673125 0.034296875 0.673125 0.034296875 0.7078125 0.112421875 0.7078125
1 0.04375 0.6952083328125 0.04375 0.6714583328125 0.017656250000000002 0.6714583328125 0.017656250000000002 0.6952083328125 0.04375 0.6952083328125
1 0.121875 0.7267708328125 0.121875 0.6936458328125 0.09468750000000001 0.6936458328125 0.09468750000000001 0.7267708328125 0.121875 0.7267708328125
1 0.140859375 0.7441666671875 0.140859375 0.7078125 0.11953125 0.7078125 0.11953125 0.7441666671875 0.140859375 0.7441666671875
1 0.16804687499999998 0.7552083328125 0.16804687499999998 0.6967708328125 0.13968750000000002 0.6967708328125 0.13968750000000002 0.7552083328125 0.16804687499999998 0.7552083328125
1 0.31015625 0.8025 0.31015625 0.7172916671875 0.16929687499999999 0.7172916671875 0.16929687499999999 0.8025 0.31015625 0.8025
1 0.25453125 0.7836458328125 0.25453125 0.7378125 0.20835937499999999 0.7378125 0.20835937499999999 0.7836458328125 0.25453125 0.7836458328125
1 0.331484375 0.8136458328125 0.331484375 0.7424999999999999 0.24859375 0.7424999999999999 0.24859375 0.8136458328125 0.331484375 0.8136458328125
1 0.42265625 0.8546875 0.42265625 0.7678125 0.31015625 0.7678125 0.31015625 0.8546875 0.42265625 0.8546875
1 0.6891406250000001 0.9036458328125001 0.6891406250000001 0.8072916671874999 0.39187500000000003 0.8072916671874999 0.39187500000000003 0.9036458328125001 0.6891406250000001 0.9036458328125001
1 0.78859375 0.9667708328125 0.78859375 0.8324999999999999 0.483046875 0.8324999999999999 0.483046875 0.9667708328125 0.78859375 0.9667708328125
1 0.9745312500000001 0.9967708328124999 0.9745312500000001 0.9019791671874999 0.6974218750000001 0.9019791671874999 0.6974218750000001 0.9967708328124999 0.9745312500000001 0.9967708328124999
1 0.52453125 0.16312500000000002 0.52453125 0.050937500000000004 0.292421875 0.050937500000000004 0.292421875 0.16312500000000002 0.52453125 0.16312500000000002
1 0.17281249999999998 0.17250000000000001 0.17281249999999998 0.1252083328125 0.10296875000000001 0.1252083328125 0.10296875000000001 0.17250000000000001 0.17281249999999998 0.17250000000000001
1 0.140859375 0.19624999999999998 0.140859375 0.1536458328125 0.08875 0.1536458328125 0.08875 0.19624999999999998 0.140859375 0.19624999999999998
1 0.14203125 0.22312500000000002 0.14203125 0.1883333328125 0.073359375 0.1883333328125 0.073359375 0.22312500000000002 0.14203125 0.22312500000000002
1 0.118359375 0.2578125 0.118359375 0.2246875 0.053203125 0.2246875 0.053203125 0.2578125 0.118359375 0.2578125
1 0.09703125 0.28625 0.09703125 0.23885416718750002 0.0378125 0.23885416718750002 0.0378125 0.28625 0.09703125 0.28625
1 0.140859375 0.0652083328125 0.140859375 0.0367708328125 0.06859375 0.0367708328125 0.06859375 0.0652083328125 0.140859375 0.0652083328125
1 0.09468750000000001 0.0009375 0.09468750000000001 0.0486458328125 0.224296875 0.0486458328125 0.224296875 0.0009375 0.09468750000000001 0.0009375
1 0.033984375 0.7222916671874999 0.033984375 0.689375 0.001875 0.689375 0.001875 0.7222916671874999 0.033984375 0.7222916671874999