1 0.8721875000000001 0.3921875 0.8721875000000001 0.001875 0.34640624999999997 0.001875 0.34640624999999997 0.3921875 0.8721875000000001 0.3921875
1 0.369140625 0.4888541671875 0.369140625 0.2822916671875 0.16734374999999999 0.2822916671875 0.16734374999999999 0.4888541671875 0.369140625 0.4888541671875
1 0.21570312500000002 0.5134375 0.21570312500000002 0.3808333328125 0.07640625 0.3808333328125 0.07640625 0.5134375 0.21570312500000002 0.5134375
1 0.07921875 0.54375 0.07921875 0.43958333281249995 0.01390625 0.43958333281249995 0.01390625 0.54375 0.07921875 0.54375
1 0.036640624999999996 0.5476041671874999 0.036640624999999996 0.4717708328125 0.0025 0.4717708328125 0.0025 0.5476041671874999 0.036640624999999996 0.5476041671874999
1 0.086328125 0.8053125 0.086328125 0.7029166671875 0.022421875 0.7029166671875 0.022421875 0.8053125 0.086328125 0.8053125
1 0.248359375 0.8507291671875 0.248359375 0.7162499999999999 0.06929687500000001 0.7162499999999999 0.06929687500000001 0.8507291671875 0.248359375 0.8507291671875
1 0.46148437500000006 0.9473958328125001 0.46148437500000006 0.7540625000000001 0.157421875 0.7540625000000001 0.157421875 0.9473958328125001 0.46148437500000006 0.9473958328125001
1 0.025234374999999996 0.7597916671875 0.025234374999999996 0.6859375 0.008203125 0.6859375 0.008203125 0.7597916671875 0.025234374999999996 0.7597916671875
1 0.14320312500000001 0.9265625 0.14320312500000001 0.835625 0.006796874999999999 0.835625 0.006796874999999999 0.9265625 0.14320312500000001 0.9265625
1 0.121875 0.9946875000000001 0.121875 0.9018750000000001 0.0025 0.9018750000000001 0.0025 0.9946875000000001 0.121875 0.9946875000000001
1 0.383359375 0.303125 0.383359375 0.0909375 0.028125 0.0909375 0.028125 0.303125 0.383359375 0.303125
1 0.24695312500000002 0.3391666671875 0.24695312500000002 0.18572916718750002 0.006796874999999999 0.18572916718750002 0.006796874999999999 0.3391666671875 0.24695312500000002 0.3391666671875
1 0.111328125 0.0015625 0.111328125 0.1379166671875 0.38421875 0.1379166671875 0.38421875 0.0015625 0.111328125 0.0015625