1 0.927109375 0.9085000000000001 0.927109375 0.730375 0.761328125 0.730375 0.761328125 0.9085000000000001 0.927109375 0.9085000000000001
1 0.5061718749999999 0.709 0.5061718749999999 0.665625 0.411640625 0.665625 0.411640625 0.709 0.5061718749999999 0.709
1 0.577734375 0.706375 0.577734375 0.659 0.49632812499999995 0.659 0.49632812499999995 0.706375 0.577734375 0.706375
1 0.28500000000000003 0.790625 0.28500000000000003 0.7025 0.17890625 0.7025 0.17890625 0.790625 0.28500000000000003 0.790625
1 0.18625 0.8130000000000001 0.18625 0.724875 0.06789062500000001 0.724875 0.06789062500000001 0.8130000000000001 0.18625 0.8130000000000001
1 0.066640625 0.8238749999999999 0.066640625 0.731 0.00390625 0.731 0.00390625 0.8238749999999999 0.066640625 0.8238749999999999
1 0.07375000000000001 0.5965 0.07375000000000001 0.530125 0.001484375 0.530125 0.001484375 0.5965 0.07375000000000001 0.5965
1 0.174375 0.42024999999999996 0.174375 0.3255 0.061875 0.3255 0.061875 0.42024999999999996 0.174375 0.42024999999999996
1 0.175625 0.24025 0.175625 0.119 0.054765625 0.119 0.054765625 0.24025 0.175625 0.24025
1 0.06546874999999999 0.18912500000000002 0.06546874999999999 0.06787499999999999 0.002734375 0.06787499999999999 0.002734375 0.18912500000000002 0.06546874999999999 0.18912500000000002
1 0.056015625 0.005375 0.056015625 0.06975 0.179140625 0.06975 0.179140625 0.005375 0.056015625 0.005375
1 0.001484375 0.0033750000000000004 0.001484375 0.06787499999999999 0.066640625 0.06787499999999999 0.066640625 0.0033750000000000004 0.001484375 0.0033750000000000004
1 0.553984375 0.15712500000000001 0.553984375 0.10049999999999999 0.45859375 0.10049999999999999 0.45859375 0.15712500000000001 0.553984375 0.15712500000000001
1 0.67484375 0.153125 0.67484375 0.09925 0.59921875 0.09925 0.59921875 0.153125 0.67484375 0.153125
1 0.6675 0.176875 0.6675 0.12425 0.570390625 0.12425 0.570390625 0.176875 0.6675 0.176875
1 0.45609374999999996 0.162375 0.45609374999999996 0.116375 0.3615625 0.116375 0.3615625 0.162375 0.45609374999999996 0.162375
1 0.451171875 0.19137500000000002 0.451171875 0.138625 0.34265625 0.138625 0.34265625 0.19137500000000002 0.451171875 0.19137500000000002
1 0.42078125 0.22162500000000002 0.42078125 0.171625 0.313046875 0.171625 0.313046875 0.22162500000000002 0.42078125 0.22162500000000002
1 0.42898437500000003 0.09925 0.42898437500000003 0.037375000000000005 0.35 0.037375000000000005 0.35 0.09925 0.42898437500000003 0.09925
1 0.419921875 0.11499999999999999 0.419921875 0.0795 0.3278125 0.0795 0.3278125 0.11499999999999999 0.419921875 0.11499999999999999
1 0.46023437500000003 0.28075 0.46023437500000003 0.232125 0.372265625 0.232125 0.372265625 0.28075 0.46023437500000003 0.28075
1 0.454453125 0.31637499999999996 0.454453125 0.24925000000000003 0.34835937499999997 0.24925000000000003 0.34835937499999997 0.31637499999999996 0.454453125 0.31637499999999996
1 0.45203125 0.321625 0.45203125 0.263625 0.3278125 0.263625 0.3278125 0.321625 0.45203125 0.321625
1 0.33195312499999996 0.319 0.33195312499999996 0.282125 0.31710937499999997 0.282125 0.31710937499999997 0.319 0.33195312499999996 0.319
1 0.32375 0.308375 0.32375 0.263625 0.297421875 0.263625 0.297421875 0.308375 0.32375 0.308375
1 0.30070312499999996 0.31637499999999996 0.30070312499999996 0.27949999999999997 0.278515625 0.27949999999999997 0.278515625 0.31637499999999996 0.30070312499999996 0.31637499999999996
1 0.4528125 0.392625 0.4528125 0.347875 0.37390625 0.347875 0.37390625 0.392625 0.4528125 0.392625
1 0.3771875 0.397875 0.3771875 0.3545 0.35578125 0.3545 0.35578125 0.397875 0.3771875 0.397875
1 0.35828125 0.41500000000000004 0.35828125 0.371625 0.334375 0.371625 0.334375 0.41500000000000004 0.35828125 0.41500000000000004
1 0.33601562500000004 0.42024999999999996 0.33601562500000004 0.38475000000000004 0.31875 0.38475000000000004 0.31875 0.42024999999999996 0.33601562500000004 0.42024999999999996
1 0.31546875 0.413625 0.31546875 0.39 0.303125 0.39 0.303125 0.413625 0.31546875 0.413625
1 0.303671875 0.42312500000000003 0.303671875 0.398 0.28265625 0.398 0.28265625 0.42312500000000003 0.303671875 0.42312500000000003
1 0.3021875 0.440625 0.3021875 0.41475 0.28078125 0.41475 0.28078125 0.440625 0.3021875 0.440625
1 0.32265625 0.433 0.32265625 0.40175 0.3003125 0.40175 0.3003125 0.433 0.32265625 0.433
1 0.43070312499999996 0.48637499999999995 0.43070312499999996 0.45437500000000003 0.376953125 0.45437500000000003 0.376953125 0.48637499999999995 0.43070312499999996 0.48637499999999995
1 0.379765625 0.49087500000000006 0.379765625 0.460375 0.35359375000000004 0.460375 0.35359375000000004 0.49087500000000006 0.379765625 0.49087500000000006
1 0.481640625 0.5716249999999999 0.481640625 0.5403749999999999 0.38359375 0.5403749999999999 0.38359375 0.5716249999999999 0.481640625 0.5716249999999999
1 0.38546874999999997 0.58075 0.38546874999999997 0.5465 0.36789062499999997 0.5465 0.36789062499999997 0.58075 0.38546874999999997 0.58075
1 0.366953125 0.58375 0.366953125 0.556375 0.34500000000000003 0.556375 0.34500000000000003 0.58375 0.366953125 0.58375
1 0.3859375 0.658375 0.3859375 0.628 0.359765625 0.628 0.359765625 0.658375 0.3859375 0.658375
1 0.42117187500000003 0.658375 0.42117187500000003 0.628 0.38171875 0.628 0.38171875 0.658375 0.42117187500000003 0.658375
1 0.597578125 0.54 0.597578125 0.499375 0.55 0.499375 0.55 0.54 0.597578125 0.54
1 0.65828125 0.5305 0.65828125 0.49362500000000004 0.61625 0.49362500000000004 0.61625 0.5305 0.65828125 0.5305
1 0.674921875 0.42762500000000003 0.674921875 0.389 0.6099218750000001 0.389 0.6099218750000001 0.42762500000000003 0.674921875 0.42762500000000003
1 0.61109375 0.432125 0.61109375 0.39975 0.5864843750000001 0.39975 0.5864843750000001 0.432125 0.61109375 0.432125
1 0.58890625 0.387 0.58890625 0.35150000000000003 0.55125 0.35150000000000003 0.55125 0.387 0.58890625 0.387
1 0.55203125 0.406125 0.55203125 0.361625 0.4703125 0.361625 0.4703125 0.406125 0.55203125 0.406125
1 0.5528125 0.28175 0.5528125 0.222125 0.44296875 0.222125 0.44296875 0.28175 0.5528125 0.28175
1 0.6178125 0.2545 0.6178125 0.21125 0.576953125 0.21125 0.576953125 0.2545 0.6178125 0.2545
1 0.67140625 0.236 0.67140625 0.194125 0.594453125 0.194125 0.594453125 0.236 0.67140625 0.236
1 0.671796875 0.34325 0.671796875 0.283625 0.610703125 0.283625 0.610703125 0.34325 0.671796875 0.34325
1 0.6103125 0.34075 0.6103125 0.308375 0.5860937500000001 0.308375 0.5860937500000001 0.34075 0.6103125 0.34075
1 0.592421875 0.316625 0.592421875 0.272875 0.54484375 0.272875 0.54484375 0.316625 0.592421875 0.316625
1 0.6559375000000001 0.64925 0.6559375000000001 0.622875 0.6209374999999999 0.622875 0.6209374999999999 0.64925 0.6559375000000001 0.64925
1 0.6778906250000001 0.642625 0.6778906250000001 0.6174999999999999 0.6517968749999999 0.6174999999999999 0.6517968749999999 0.642625 0.6778906250000001 0.642625
1 0.8598437499999999 0.6066874999999999 0.8598437499999999 0.62225 0.9129687499999999 0.62225 0.9129687499999999 0.591125 0.8621498843750001 0.594475309375 0.8598437499999999 0.591125 0.8582407406250001 0.594733025 0.6706018515625 0.6071033953125 0.8598437499999999 0.6066874999999999
1 0.6197829859375 0.6104537031249999 0.617421875 0.612 0.61587384375 0.6107114203124999 0.613203125 0.612 0.6119646984375 0.6109691359375 0.608984375 0.612 0.6080555546874999 0.6112268515625 0.596328125 0.612 0.596328125 0.6448750000000001 0.6216406250000001 0.6448750000000001 0.6216406250000001 0.618575 0.6706018515625 0.6071033953125 0.6236921296875 0.6101959875 0.6216406250000001 0.612 0.6197829859375 0.6104537031249999
1 0.8627343749999999 0.3125 0.8627343749999999 0.275 0.833046875 0.275 0.833046875 0.3125 0.8627343749999999 0.3125
1 0.842734375 0.2485 0.842734375 0.20375000000000001 0.8107031250000001 0.20375000000000001 0.8107031250000001 0.2485 0.842734375 0.2485
1 0.895234375 0.24025 0.895234375 0.199125 0.8387499999999999 0.199125 0.8387499999999999 0.24025 0.895234375 0.24025
1 0.89921875 0.303375 0.89921875 0.25675 0.862109375 0.25675 0.862109375 0.303375 0.89921875 0.303375
0 0.8123437499999999 0.598125 0.8123437499999999 0.363625 0.709453125 0.363625 0.709453125 0.598125 0.8123437499999999 0.598125