1 0.5728125000000001 0.6698148140625 0.5728125000000001 0.621296296875 0.51046875 0.621296296875 0.51046875 0.6698148140625 0.5728125000000001 0.6698148140625
1 0.5236979171875 0.6560185187500001 0.5236979171875 0.6116666671875 0.4480729171875 0.6116666671875 0.4480729171875 0.6560185187500001 0.5236979171875 0.6560185187500001
1 0.4480729171875 0.6240740734375 0.4480729171875 0.5825 0.40208333281249997 0.5825 0.40208333281249997 0.6240740734375 0.4480729171875 0.6240740734375
1 0.4153645828125 0.5963888890625 0.4153645828125 0.5825 0.3818229171875 0.5825 0.3818229171875 0.5963888890625 0.4153645828125 0.5963888890625
1 0.1509895828125 0.45148148125 0.1509895828125 0.44101851875 0.1067708328125 0.44101851875 0.1067708328125 0.45148148125 0.1509895828125 0.45148148125
1 0.1582291671875 0.4618518515625 0.1582291671875 0.45064814843749995 0.1117708328125 0.45064814843749995 0.1117708328125 0.4618518515625 0.1582291671875 0.4618518515625
1 0.14015625 0.4699074078125 0.14015625 0.4618518515625 0.11130208281250001 0.4618518515625 0.11130208281250001 0.4699074078125 0.14015625 0.4699074078125
1 0.14015625 0.478703703125 0.14015625 0.4699074078125 0.10947916718749999 0.4699074078125 0.10947916718749999 0.478703703125 0.14015625 0.478703703125
1 0.1618229171875 0.4859259265625 0.1618229171875 0.478703703125 0.10947916718749999 0.478703703125 0.10947916718749999 0.4859259265625 0.1618229171875 0.4859259265625
1 0.1618229171875 0.49314814843750004 0.1618229171875 0.4859259265625 0.10947916718749999 0.4859259265625 0.10947916718749999 0.49314814843750004 0.1618229171875 0.49314814843750004
1 0.15057291718750002 0.5051851859375 0.15057291718750002 0.49314814843750004 0.10947916718749999 0.49314814843750004 0.10947916718749999 0.5051851859375 0.15057291718750002 0.5051851859375
1 0.15057291718750002 0.5132407406249999 0.15057291718750002 0.5051851859375 0.11041666718750001 0.5051851859375 0.11041666718750001 0.5132407406249999 0.15057291718750002 0.5132407406249999
1 0.1473958328125 0.5228703703125 0.1473958328125 0.5132407406249999 0.11041666718750001 0.5132407406249999 0.11041666718750001 0.5228703703125 0.1473958328125 0.5228703703125
1 0.1473958328125 0.5324074078125001 0.1473958328125 0.5228703703125 0.12213541718750001 0.5228703703125 0.12213541718750001 0.5324074078125001 0.1473958328125 0.5324074078125001
1 0.1397395828125 0.5412962968749999 0.1397395828125 0.5324074078125001 0.12213541718750001 0.5324074078125001 0.12213541718750001 0.5412962968749999 0.1397395828125 0.5412962968749999
1 0.23718750000000002 0.51805555625 0.23718750000000002 0.506759259375 0.20109375 0.506759259375 0.20109375 0.51805555625 0.23718750000000002 0.51805555625
1 0.23625 0.4995370375 0.23625 0.51805555625 0.26786458281250003 0.51805555625 0.26786458281250003 0.4995370375 0.23625 0.4995370375
1 0.3025520828125 0.5156481484375 0.3025520828125 0.4995370375 0.26786458281250003 0.4995370375 0.26786458281250003 0.5156481484375 0.3025520828125 0.5156481484375
1 0.30302083281250003 0.49398148124999997 0.30302083281250003 0.5156481484375 0.33458333281249997 0.5156481484375 0.33458333281249997 0.49398148124999997 0.30302083281250003 0.49398148124999997
1 0.36390625 0.5124074078125 0.36390625 0.49398148124999997 0.33458333281249997 0.49398148124999997 0.33458333281249997 0.5124074078125 0.36390625 0.5124074078125
1 0.36390625 0.4923148140625 0.36390625 0.5124074078125 0.39505208281250004 0.5124074078125 0.39505208281250004 0.4923148140625 0.36390625 0.4923148140625
1 0.4270833328125 0.5084259265625 0.4270833328125 0.4923148140625 0.39505208281250004 0.4923148140625 0.39505208281250004 0.5084259265625 0.4270833328125 0.5084259265625
1 0.4270833328125 0.4923148140625 0.4270833328125 0.5084259265625 0.45552083281250005 0.5084259265625 0.45552083281250005 0.4923148140625 0.4270833328125 0.4923148140625
1 0.48796875 0.4570370375 0.48796875 0.43944444374999997 0.45776041718749994 0.43944444374999997 0.45776041718749994 0.4570370375 0.48796875 0.4570370375
1 0.42796874999999995 0.43861111093750005 0.42796874999999995 0.4570370375 0.45776041718749994 0.4570370375 0.45776041718749994 0.43861111093750005 0.42796874999999995 0.43861111093750005
1 0.42796874999999995 0.4618518515625 0.42796874999999995 0.43861111093750005 0.3977604171875 0.43861111093750005 0.3977604171875 0.4618518515625 0.42796874999999995 0.4618518515625
1 0.36390625 0.44259259218749997 0.36390625 0.4618518515625 0.3977604171875 0.4618518515625 0.3977604171875 0.44259259218749997 0.36390625 0.44259259218749997
1 0.36390625 0.464259259375 0.36390625 0.44259259218749997 0.3332291671875 0.44259259218749997 0.3332291671875 0.464259259375 0.36390625 0.464259259375
1 0.3025520828125 0.44101851875 0.3025520828125 0.464259259375 0.3332291671875 0.464259259375 0.3332291671875 0.44101851875 0.3025520828125 0.44101851875
1 0.3003125 0.4611111109375 0.3003125 0.44101851875 0.2701041671875 0.44101851875 0.2701041671875 0.4611111109375 0.3003125 0.4611111109375
1 0.23942708281249997 0.4458333328125 0.23942708281249997 0.464259259375 0.26916666718750004 0.464259259375 0.26916666718750004 0.4458333328125 0.23942708281249997 0.4458333328125
1 0.23942708281249997 0.464259259375 0.23942708281249997 0.4458333328125 0.20828125000000003 0.4458333328125 0.20828125000000003 0.464259259375 0.23942708281249997 0.464259259375
1 0.23718750000000002 0.4113888890625 0.23718750000000002 0.3945370375 0.20515625 0.3945370375 0.20515625 0.4113888890625 0.23718750000000002 0.4113888890625
1 0.2376041671875 0.3945370375 0.2376041671875 0.4121296296875 0.2646875 0.4121296296875 0.2646875 0.3945370375 0.2376041671875 0.3945370375
1 0.2935416671875 0.40972222187499996 0.2935416671875 0.3945370375 0.2655729171875 0.3945370375 0.2655729171875 0.40972222187499996 0.2935416671875 0.40972222187499996
1 0.2940104171875 0.3928703703125 0.2940104171875 0.41055555625 0.3309895828125 0.41055555625 0.3309895828125 0.3928703703125 0.2940104171875 0.3928703703125
1 0.36213541718750003 0.41055555625 0.36213541718750003 0.3928703703125 0.3309895828125 0.3928703703125 0.3309895828125 0.41055555625 0.36213541718750003 0.41055555625
1 0.36213541718750003 0.3961111109375 0.36213541718750003 0.41055555625 0.3905208328125 0.41055555625 0.3905208328125 0.3961111109375 0.36213541718750003 0.3961111109375
1 0.4293229171875 0.40731481406250003 0.4293229171875 0.3928703703125 0.396875 0.3928703703125 0.396875 0.40731481406250003 0.4293229171875 0.40731481406250003
1 0.4306770828125 0.3888888890625 0.4306770828125 0.40731481406250003 0.45640625 0.40731481406250003 0.45640625 0.3888888890625 0.4306770828125 0.3888888890625
1 0.48979166718749995 0.4113888890625 0.48979166718749995 0.3888888890625 0.45640625 0.3888888890625 0.45640625 0.4113888890625 0.48979166718749995 0.4113888890625
1 0.5213541671875 0.4153703703125 0.5213541671875 0.3976851859375 0.48755208281250006 0.3976851859375 0.48755208281250006 0.4153703703125 0.5213541671875 0.4153703703125
1 0.52046875 0.4570370375 0.52046875 0.4401851859375 0.49026041718749996 0.4401851859375 0.49026041718749996 0.4570370375 0.52046875 0.4570370375
1 0.5525 0.456296296875 0.5525 0.43861111093750005 0.5209374999999999 0.43861111093750005 0.5209374999999999 0.456296296875 0.5525 0.456296296875
1 0.5515625 0.502777778125 0.5515625 0.48351851874999996 0.5227083328125001 0.48351851874999996 0.5227083328125001 0.502777778125 0.5515625 0.502777778125
1 0.49203125 0.4859259265625 0.49203125 0.50194444375 0.5235937500000001 0.50194444375 0.5235937500000001 0.4859259265625 0.49203125 0.4859259265625
1 0.5191145828125 0.373703703125 0.5191145828125 0.35203703750000004 0.4852604171875 0.35203703750000004 0.4852604171875 0.373703703125 0.5191145828125 0.373703703125
1 0.5533854171875 0.3720370375 0.5533854171875 0.35203703750000004 0.5182291671875 0.35203703750000004 0.5182291671875 0.3720370375 0.5533854171875 0.3720370375
1 0.5497916671875 0.3223148140625 0.5497916671875 0.30305555625 0.5191145828125 0.30305555625 0.5191145828125 0.3223148140625 0.5497916671875 0.3223148140625
1 0.48890625 0.308703703125 0.48890625 0.3263888890625 0.5209374999999999 0.3263888890625 0.5209374999999999 0.308703703125 0.48890625 0.308703703125
1 0.51640625 0.28064814843749997 0.51640625 0.26462962968750003 0.48484375 0.26462962968750003 0.48484375 0.28064814843749997 0.51640625 0.28064814843749997
1 0.5461979171875 0.28064814843749997 0.5461979171875 0.262222221875 0.5155208328125 0.262222221875 0.5155208328125 0.28064814843749997 0.5461979171875 0.28064814843749997
1 0.5461979171875 0.26462962968750003 0.5461979171875 0.2798148140625 0.5696354171875 0.2798148140625 0.5696354171875 0.26462962968750003 0.5461979171875 0.26462962968750003
1 0.5984895828125001 0.239722221875 0.5984895828125001 0.21648148125 0.5745833328125001 0.21648148125 0.5745833328125001 0.239722221875 0.5984895828125001 0.239722221875
1 0.5714583328125 0.235740740625 0.5714583328125 0.21972222187499998 0.5416666671875 0.21972222187499998 0.5416666671875 0.235740740625 0.5714583328125 0.235740740625
1 0.5182291671875 0.21805555625 0.5182291671875 0.23648148125000001 0.5416666671875 0.23648148125000001 0.5416666671875 0.21805555625 0.5182291671875 0.21805555625
1 0.5186458328125 0.24055555625 0.5186458328125 0.21805555625 0.48661458281250003 0.21805555625 0.48661458281250003 0.24055555625 0.5186458328125 0.24055555625
1 0.48119791718749994 0.2541666671875 0.48119791718749994 0.23333333281250002 0.4559375 0.23333333281250002 0.4559375 0.2541666671875 0.48119791718749994 0.2541666671875
1 0.42890625 0.235740740625 0.42890625 0.2541666671875 0.4559375 0.2541666671875 0.4559375 0.235740740625 0.42890625 0.235740740625
1 0.42890625 0.2565740734375 0.42890625 0.235740740625 0.39640624999999996 0.235740740625 0.39640624999999996 0.2565740734375 0.42890625 0.2565740734375
1 0.3603125 0.23731481406250002 0.3603125 0.2581481484375 0.3959375 0.2581481484375 0.3959375 0.23731481406250002 0.3603125 0.23731481406250002
1 0.3584895828125 0.262222221875 0.3584895828125 0.2381481484375 0.3278125 0.2381481484375 0.3278125 0.262222221875 0.3584895828125 0.262222221875
1 0.2917708328125 0.24055555625 0.2917708328125 0.262222221875 0.3278125 0.262222221875 0.3278125 0.24055555625 0.2917708328125 0.24055555625
1 0.2899479171875 0.2766666671875 0.2899479171875 0.2325 0.26286458281249997 0.2325 0.26286458281249997 0.2766666671875 0.2899479171875 0.2766666671875
1 0.2335416671875 0.2388888890625 0.2335416671875 0.2766666671875 0.26286458281249997 0.2766666671875 0.26286458281249997 0.2388888890625 0.2335416671875 0.2388888890625
1 0.2353645828125 0.274259259375 0.2353645828125 0.24055555625 0.19744791718750002 0.24055555625 0.19744791718750002 0.274259259375 0.2353645828125 0.274259259375
1 0.2389583328125 0.3215740734375 0.2389583328125 0.286203703125 0.20286458281250003 0.286203703125 0.20286458281250003 0.3215740734375 0.2389583328125 0.3215740734375
1 0.26515625 0.31592592656249996 0.26515625 0.28944444375 0.23671875 0.28944444375 0.23671875 0.31592592656249996 0.26515625 0.31592592656249996
1 0.29625 0.31592592656249996 0.29625 0.2870370375 0.2646875 0.2870370375 0.2646875 0.31592592656249996 0.29625 0.31592592656249996
1 0.3278125 0.3111111109375 0.3278125 0.28944444375 0.2944791671875 0.28944444375 0.2944791671875 0.3111111109375 0.3278125 0.3111111109375
1 0.3616666671875 0.3111111109375 0.3616666671875 0.29185185156250004 0.3278125 0.29185185156250004 0.3278125 0.3111111109375 0.3616666671875 0.3111111109375
1 0.39010416718749996 0.308703703125 0.39010416718749996 0.29185185156250004 0.3634895828125 0.29185185156250004 0.3634895828125 0.308703703125 0.39010416718749996 0.308703703125
1 0.42390625000000004 0.3078703703125 0.42390625000000004 0.28379629687499996 0.39234375 0.28379629687499996 0.39234375 0.3078703703125 0.42390625000000004 0.3078703703125
1 0.4536979171875 0.3095370375 0.4536979171875 0.2870370375 0.42484374999999996 0.2870370375 0.42484374999999996 0.3095370375 0.4536979171875 0.3095370375
1 0.48484375 0.30305555625 0.48484375 0.28944444375 0.4532291671875 0.28944444375 0.4532291671875 0.30305555625 0.48484375 0.30305555625
1 0.48572916718750003 0.352777778125 0.48572916718750003 0.3343518515625 0.4536979171875 0.3343518515625 0.4536979171875 0.352777778125 0.48572916718750003 0.352777778125
1 0.4252604171875 0.3383333328125 0.4252604171875 0.3575925921875 0.45416666718750004 0.3575925921875 0.45416666718750004 0.3383333328125 0.4252604171875 0.3383333328125
1 0.4252604171875 0.3616666671875 0.4252604171875 0.3383333328125 0.3936979171875 0.3383333328125 0.3936979171875 0.3616666671875 0.4252604171875 0.3616666671875
1 0.3616666671875 0.3415740734375 0.3616666671875 0.363240740625 0.396875 0.363240740625 0.396875 0.3415740734375 0.3616666671875 0.3415740734375
1 0.3616666671875 0.3640740734375 0.3616666671875 0.3415740734375 0.33458333281249997 0.3415740734375 0.33458333281249997 0.3640740734375 0.3616666671875 0.3640740734375
1 0.29942708281249997 0.3375925921875 0.29942708281249997 0.3640740734375 0.3350520828125 0.3640740734375 0.3350520828125 0.3375925921875 0.29942708281249997 0.3375925921875
1 0.2894791671875 0.3648148140625 0.2894791671875 0.336759259375 0.2665104171875 0.336759259375 0.2665104171875 0.3648148140625 0.2894791671875 0.3648148140625
1 0.23265625 0.3424074078125 0.23265625 0.3648148140625 0.2665104171875 0.3648148140625 0.2665104171875 0.3424074078125 0.23265625 0.3424074078125
1 0.2321875 0.367222221875 0.2321875 0.3415740734375 0.20557291718749998 0.3415740734375 0.20557291718749998 0.367222221875 0.2321875 0.367222221875
1 0.27640625 0.5917592593750001 0.27640625 0.57898148125 0.244375 0.57898148125 0.244375 0.5917592593750001 0.27640625 0.5917592593750001
1 0.276875 0.57898148125 0.276875 0.5917592593750001 0.29942708281249997 0.5917592593750001 0.29942708281249997 0.57898148125 0.276875 0.57898148125
1 0.3350520828125 0.5516666671875 0.3350520828125 0.537222221875 0.30213541718750003 0.537222221875 0.30213541718750003 0.5516666671875 0.3350520828125 0.5516666671875
1 0.33458333281249997 0.5340740734375 0.33458333281249997 0.5533333328125 0.36390625 0.5533333328125 0.36390625 0.5340740734375 0.33458333281249997 0.5340740734375
1 0.3977604171875 0.5500925921875 0.3977604171875 0.5340740734375 0.36390625 0.5340740734375 0.36390625 0.5500925921875 0.3977604171875 0.5500925921875
1 0.3914583328125 0.587777778125 0.3914583328125 0.575 0.3661979171875 0.575 0.3661979171875 0.587777778125 0.3914583328125 0.587777778125
1 0.3382291671875 0.5733333328125 0.3382291671875 0.587777778125 0.3657291671875 0.587777778125 0.3657291671875 0.5733333328125 0.3382291671875 0.5733333328125
1 0.3382291671875 0.5917592593750001 0.3382291671875 0.5733333328125 0.30302083281250003 0.5733333328125 0.30302083281250003 0.5917592593750001 0.3382291671875 0.5917592593750001
1 0.9985416671875 0.35425925937499997 0.9985416671875 0.23648148125000001 0.8078125 0.23648148125000001 0.8078125 0.35425925937499997 0.9985416671875 0.35425925937499997
1 0.7932812499999999 0.00944444375 0.7932812499999999 0.1358333328125 0.9888541671875 0.1358333328125 0.9888541671875 0.00944444375 0.7932812499999999 0.00944444375
0 0.26859375 0.6011111109375 0.26859375 0.48722222187500003 0.23973958281250002 0.48722222187500003 0.23973958281250002 0.6011111109375 0.26859375 0.6011111109375
0 0.20671875 0.4973148140625 0.20671875 0.6011111109375 0.23973958281250002 0.6011111109375 0.23973958281250002 0.4973148140625 0.20671875 0.4973148140625
0 0.5171354171875 0.0800925921875 0.5171354171875 0.93101851875 0.8126041671875001 0.93101851875 0.8126041671875001 0.0800925921875 0.5171354171875 0.0800925921875