1 0.08296875000000001 0.14275 0.08296875000000001 0.35425 0.42406249999999995 0.35425 0.42406249999999995 0.14275 0.08296875000000001 0.14275
1 0.013359375000000001 0.01775 0.013359375000000001 0.290625 0.284765625 0.290625 0.284765625 0.01775 0.013359375000000001 0.01775
1 0.00484375 0.008624999999999999 0.00484375 0.079125 0.090078125 0.079125 0.090078125 0.008624999999999999 0.00484375 0.008624999999999999
1 0.40132812500000004 0.192875 0.40132812500000004 0.36112500000000003 0.507890625 0.36112500000000003 0.507890625 0.192875 0.40132812500000004 0.192875
1 0.47375 0.25875 0.47375 0.36112500000000003 0.583203125 0.36112500000000003 0.583203125 0.25875 0.47375 0.25875
1 0.32882812499999997 0.004125 0.32882812499999997 0.12687500000000002 0.6741406249999999 0.12687500000000002 0.6741406249999999 0.004125 0.32882812499999997 0.004125
1 0.291875 0.54075 0.291875 0.40650000000000003 0.07875 0.40650000000000003 0.07875 0.54075 0.291875 0.54075
1 0.084375 0.529375 0.084375 0.413375 0.0034375000000000005 0.413375 0.0034375000000000005 0.529375 0.084375 0.529375
1 0.431171875 0.556625 0.431171875 0.442875 0.29046875 0.442875 0.29046875 0.556625 0.431171875 0.556625
1 0.51640625 0.5543750000000001 0.51640625 0.461125 0.43257812500000004 0.461125 0.43257812500000004 0.5543750000000001 0.51640625 0.5543750000000001
1 0.884453125 0.277 0.884453125 0.12237499999999998 0.696875 0.12237499999999998 0.696875 0.277 0.884453125 0.277
1 0.691171875 0.35875 0.691171875 0.45425000000000004 0.866015625 0.45425000000000004 0.866015625 0.35875 0.691171875 0.35875
1 0.7878125 0.8953749999999999 0.7878125 0.754375 0.665625 0.754375 0.665625 0.8953749999999999 0.7878125 0.8953749999999999
1 0.81765625 0.8248749999999999 0.81765625 0.71575 0.750859375 0.71575 0.750859375 0.8248749999999999 0.81765625 0.8248749999999999
1 0.7878125 0.68625 0.7878125 0.754375 0.8546093750000001 0.754375 0.8546093750000001 0.68625 0.7878125 0.68625
1 0.858359375 0.733375 0.858359375 0.6845 0.829765625 0.6845 0.829765625 0.733375 0.858359375 0.733375
1 0.88203125 0.717625 0.88203125 0.668625 0.8415625 0.668625 0.8415625 0.717625 0.88203125 0.717625
1 0.7379687500000001 0.9938750000000001 0.7379687500000001 0.82025 0.55734375 0.82025 0.55734375 0.9938750000000001 0.7379687500000001 0.9938750000000001
1 0.915390625 0.540625 0.915390625 0.502625 0.812734375 0.502625 0.812734375 0.540625 0.915390625 0.540625
1 0.880859375 0.406375 0.880859375 0.46325000000000005 0.903515625 0.46325000000000005 0.903515625 0.406375 0.880859375 0.406375
1 0.7575000000000001 0.40787500000000004 0.7575000000000001 0.44737499999999997 0.88578125 0.44737499999999997 0.88578125 0.40787500000000004 0.7575000000000001 0.40787500000000004
1 0.675546875 0.47837500000000005 0.675546875 0.42525 0.61875 0.42525 0.61875 0.47837500000000005 0.675546875 0.47837500000000005