0 0.17109375 0.0011458328125 0.17109375 0.9867708328125 0.9965624999999999 0.9867708328125 0.9965624999999999 0.0011458328125 0.17109375 0.0011458328125
1 0.082109375 0.5505208328125 0.082109375 0.5023958328125 0.021953125 0.5023958328125 0.021953125 0.5505208328125 0.082109375 0.5505208328125
1 0.02734375 0.5540625 0.02734375 0.5059375 0.000625 0.5059375 0.000625 0.5540625 0.02734375 0.5540625
1 0.021953125 0.6182291671875 0.021953125 0.5826041671875 0.000625 0.5826041671875 0.000625 0.6182291671875 0.021953125 0.6182291671875
1 0.08609375 0.6129166671874999 0.08609375 0.5896874999999999 0.02734375 0.5896874999999999 0.02734375 0.6129166671874999 0.08609375 0.6129166671874999
1 0.084765625 0.5879166671875 0.084765625 0.6110416671875 0.140859375 0.6110416671875 0.140859375 0.5879166671875 0.084765625 0.5879166671875
1 0.144921875 0.56125 0.144921875 0.5202083328125 0.08078125 0.5202083328125 0.08078125 0.56125 0.144921875 0.56125
1 0.150234375 0.49000000000000005 0.150234375 0.44364583281250003 0.08609375 0.44364583281250003 0.08609375 0.49000000000000005 0.150234375 0.49000000000000005
1 0.19703125 0.5630208328124999 0.19703125 0.500625 0.13421875 0.500625 0.13421875 0.5630208328124999 0.19703125 0.5630208328124999
1 0.20234375 0.9210416671875 0.20234375 0.8141666671875001 0.0059375 0.8141666671875001 0.0059375 0.9210416671875 0.20234375 0.9210416671875
1 0.513671875 0.2852083328125 0.513671875 0.0877083328125 0.255859375 0.0877083328125 0.255859375 0.2852083328125 0.513671875 0.2852083328125
1 0.133984375 0.1851041671875 0.133984375 0.12104166718750001 0.060546875 0.12104166718750001 0.060546875 0.1851041671875 0.133984375 0.1851041671875
1 0.083203125 0.1797916671875 0.083203125 0.0960416671875 0.000390625 0.0960416671875 0.000390625 0.1797916671875 0.083203125 0.1797916671875
1 0.039140625 0.23322916718750003 0.039140625 0.16552083281250002 0.0017187500000000002 0.16552083281250002 0.0017187500000000002 0.23322916718750003 0.039140625 0.23322916718750003
1 0.087265625 0.2420833328125 0.087265625 0.17625 0.02578125 0.17625 0.02578125 0.2420833328125 0.087265625 0.2420833328125
1 0.170078125 0.2492708328125 0.170078125 0.1833333328125 0.087265625 0.1833333328125 0.087265625 0.2492708328125 0.170078125 0.2492708328125
1 0.21953125 0.2189583328125 0.21953125 0.16375 0.167421875 0.16375 0.167421875 0.2189583328125 0.21953125 0.2189583328125
1 0.164765625 0.2919791671875 0.164765625 0.2475 0.089921875 0.2475 0.089921875 0.2919791671875 0.164765625 0.2919791671875
1 0.100625 0.27958333281250003 0.100625 0.2492708328125 0.028437499999999998 0.2492708328125 0.028437499999999998 0.27958333281250003 0.100625 0.27958333281250003
1 0.03515625 0.27958333281250003 0.03515625 0.2242708328125 0.000390625 0.2242708328125 0.000390625 0.27958333281250003 0.03515625 0.27958333281250003
1 0.031093749999999996 0.3490625 0.031093749999999996 0.29739583281250004 0.0017187500000000002 0.29739583281250004 0.0017187500000000002 0.3490625 0.031093749999999996 0.3490625
1 0.08859375 0.3471875 0.08859375 0.3080208328125 0.028437499999999998 0.3080208328125 0.028437499999999998 0.3471875 0.08859375 0.3471875
1 0.09523437500000001 0.3222916671875 0.09523437500000001 0.3508333328125 0.158046875 0.3508333328125 0.158046875 0.3222916671875 0.09523437500000001 0.3222916671875
1 0.1446875 0.4203125 0.1446875 0.39177083281249997 0.0859375 0.39177083281249997 0.0859375 0.4203125 0.1446875 0.4203125
1 0.019140625 0.3721875 0.019140625 0.4203125 0.087265625 0.4203125 0.087265625 0.3721875 0.019140625 0.3721875
1 0.02046875 0.4078125 0.02046875 0.3704166671875 0.0043749999999999995 0.3704166671875 0.0043749999999999995 0.4078125 0.02046875 0.4078125
1 0.02578125 0.47906250000000006 0.02578125 0.44166666718750003 0.0043749999999999995 0.44166666718750003 0.0043749999999999995 0.47906250000000006 0.02578125 0.47906250000000006
1 0.62109375 0.28479166718750004 0.62109375 0.14625 0.4671875 0.14625 0.4671875 0.28479166718750004 0.62109375 0.28479166718750004