1 0.498046875 0.0041666671875 0.498046875 0.12687500000000002 0.793046875 0.12687500000000002 0.793046875 0.0041666671875 0.498046875 0.0041666671875
1 0.52015625 0.0951041671875 0.52015625 0.001875 0.194453125 0.001875 0.194453125 0.0951041671875 0.52015625 0.0951041671875
1 0.397421875 0.1678125 0.397421875 0.026875 0.133046875 0.026875 0.133046875 0.1678125 0.397421875 0.1678125
1 0.216640625 0.17010416718750002 0.216640625 0.0632291671875 0.005156249999999999 0.0632291671875 0.005156249999999999 0.17010416718750002 0.216640625 0.17010416718750002
1 0.18937500000000002 0.2996875 0.18937500000000002 0.20427083281249997 0.0290625 0.20427083281249997 0.0290625 0.2996875 0.18937500000000002 0.2996875
1 0.0017968749999999999 0.27697916718750004 0.0017968749999999999 0.3497916671875 0.179140625 0.3497916671875 0.179140625 0.27697916718750004 0.0017968749999999999 0.27697916718750004
1 0.540625 0.46802083281250006 0.540625 0.35885416718749996 0.199609375 0.35885416718749996 0.199609375 0.46802083281250006 0.540625 0.46802083281250006
1 0.46390624999999996 0.4838541671875 0.46390624999999996 0.40427083281250004 0.12453125000000001 0.40427083281250004 0.12453125000000001 0.4838541671875 0.46390624999999996 0.4838541671875
1 0.301875 0.5247916671875 0.301875 0.44749999999999995 0.058046875 0.44749999999999995 0.058046875 0.5247916671875 0.301875 0.5247916671875
1 0.1859375 0.5453125 0.1859375 0.4770833328125 0.022265625 0.4770833328125 0.022265625 0.5453125 0.1859375 0.5453125
1 0.052968749999999995 0.5407291671875 0.052968749999999995 0.4907291671875 0.010312499999999999 0.4907291671875 0.010312499999999999 0.5407291671875 0.052968749999999995 0.5407291671875
1 0.063203125 0.7748958328125 0.063203125 0.7135416671875 0.01203125 0.7135416671875 0.01203125 0.7748958328125 0.063203125 0.7748958328125
1 0.075078125 0.8067708328125001 0.075078125 0.73625 0.037578125000000004 0.73625 0.037578125000000004 0.8067708328125001 0.075078125 0.8067708328125001
1 0.14328125 0.7885416671875001 0.14328125 0.7226041671875 0.06484375 0.7226041671875 0.06484375 0.7885416671875001 0.14328125 0.7885416671875001
1 0.12796875000000002 0.818125 0.12796875000000002 0.76125 0.04953125 0.76125 0.04953125 0.818125 0.12796875000000002 0.818125
1 0.170625 0.843125 0.170625 0.7658333328125 0.102421875 0.7658333328125 0.102421875 0.843125 0.170625 0.843125
1 0.279765625 0.9113541671875 0.279765625 0.7998958328125 0.17570312500000002 0.7998958328125 0.17570312500000002 0.9113541671875 0.279765625 0.9113541671875
1 0.376953125 0.9636458328125 0.376953125 0.85 0.28312499999999996 0.85 0.28312499999999996 0.9636458328125 0.376953125 0.9636458328125
1 0.6088281249999999 0.9932291671875 0.6088281249999999 0.8863541671874999 0.378671875 0.8863541671874999 0.378671875 0.9932291671875 0.6088281249999999 0.9932291671875
1 0.9942187499999999 0.6020833328124999 0.9942187499999999 0.504375 0.765703125 0.504375 0.765703125 0.6020833328124999 0.9942187499999999 0.6020833328124999
1 0.97890625 0.3497916671875 0.97890625 0.1792708328125 0.770859375 0.1792708328125 0.770859375 0.3497916671875 0.97890625 0.3497916671875
1 0.765703125 0.3861458328125 0.765703125 0.2360416671875 0.6310156250000001 0.2360416671875 0.6310156250000001 0.3861458328125 0.765703125 0.3861458328125
1 0.6361718749999999 0.3975 0.6361718749999999 0.29520833281250003 0.5065625 0.29520833281250003 0.5065625 0.3975 0.6361718749999999 0.3975
1 0.7674218749999999 0.604375 0.7674218749999999 0.5384375 0.615703125 0.5384375 0.615703125 0.604375 0.7674218749999999 0.604375
1 0.6361718749999999 0.6339583328125 0.6361718749999999 0.5407291671875 0.5099218750000001 0.5407291671875 0.5099218750000001 0.6339583328125 0.6361718749999999 0.6339583328125
1 0.528671875 0.6226041671875 0.528671875 0.5543750000000001 0.4246875 0.5543750000000001 0.4246875 0.6226041671875 0.528671875 0.6226041671875
1 0.42640625 0.6180208328125001 0.42640625 0.579375 0.34453125 0.579375 0.34453125 0.6180208328125001 0.42640625 0.6180208328125001
1 0.34796875 0.6203125 0.34796875 0.5657291671875 0.30874999999999997 0.5657291671875 0.30874999999999997 0.6203125 0.34796875 0.6203125
1 0.31046874999999996 0.6226041671875 0.31046874999999996 0.5680208328125 0.259296875 0.5680208328125 0.259296875 0.6226041671875 0.31046874999999996 0.6226041671875