1 0.958203125 0.376625 0.958203125 0.346125 0.9071093749999999 0.346125 0.9071093749999999 0.376625 0.958203125 0.376625
1 0.913125 0.38225 0.913125 0.346125 0.84734375 0.346125 0.84734375 0.38225 0.913125 0.38225
1 0.24359375 0.998875 0.24359375 0.8332499999999999 0.0053906250000000005 0.8332499999999999 0.0053906250000000005 0.998875 0.24359375 0.998875
1 0.408203125 0.905125 0.408203125 0.7215 0.193671875 0.7215 0.193671875 0.905125 0.408203125 0.905125
1 0.5142187500000001 0.791375 0.5142187500000001 0.63975 0.38453125 0.63975 0.38453125 0.791375 0.5142187500000001 0.791375
1 0.5765625 0.663625 0.5765625 0.583875 0.5154687499999999 0.583875 0.5154687499999999 0.663625 0.5765625 0.663625
1 0.633984375 0.63975 0.633984375 0.553875 0.551640625 0.553875 0.551640625 0.63975 0.633984375 0.63975
1 0.687578125 0.58575 0.687578125 0.514 0.6127343749999999 0.514 0.6127343749999999 0.58575 0.687578125 0.58575
1 0.72375 0.539875 0.72375 0.48 0.67015625 0.48 0.67015625 0.539875 0.72375 0.539875
1 0.362109375 0.22374999999999998 0.362109375 0.0035000000000000005 0.0073437500000000005 0.0035000000000000005 0.0073437500000000005 0.22374999999999998 0.362109375 0.22374999999999998
1 0.2184375 0.163875 0.2184375 0.001125 0.008906250000000001 0.001125 0.008906250000000001 0.163875 0.2184375 0.163875
1 0.4878125 0.254875 0.4878125 0.02975 0.2528125 0.02975 0.2528125 0.254875 0.4878125 0.254875
1 0.582734375 0.185 0.582734375 0.08937500000000001 0.46148437500000006 0.08937500000000001 0.46148437500000006 0.185 0.582734375 0.185
1 0.630390625 0.227875 0.630390625 0.11699999999999999 0.475390625 0.11699999999999999 0.475390625 0.227875 0.630390625 0.227875
1 0.6736718749999999 0.216875 0.6736718749999999 0.133625 0.606171875 0.133625 0.606171875 0.216875 0.6736718749999999 0.216875
1 0.69828125 0.21600000000000003 0.69828125 0.155 0.66015625 0.155 0.66015625 0.21600000000000003 0.69828125 0.21600000000000003
1 0.73734375 0.21925 0.73734375 0.17024999999999998 0.687734375 0.17024999999999998 0.687734375 0.21925 0.73734375 0.21925
1 0.7594531250000001 0.23925000000000002 0.7594531250000001 0.17825 0.715859375 0.17825 0.715859375 0.23925000000000002 0.7594531250000001 0.23925000000000002
1 0.79625 0.237875 0.79625 0.193875 0.755625 0.193875 0.755625 0.237875 0.79625 0.237875
1 0.7887500000000001 0.468875 0.7887500000000001 0.436875 0.7646875 0.436875 0.7646875 0.468875 0.7887500000000001 0.468875
1 0.8278125 0.436875 0.8278125 0.40149999999999997 0.7967187499999999 0.40149999999999997 0.7967187499999999 0.436875 0.8278125 0.436875
1 0.743359375 0.066 0.743359375 0.001375 0.596796875 0.001375 0.596796875 0.066 0.743359375 0.066
1 0.730390625 0.0025 0.730390625 0.0395 0.7678906249999999 0.0395 0.7678906249999999 0.0025 0.730390625 0.0025
1 0.78734375 0.08562499999999999 0.78734375 0.009375 0.7065625 0.009375 0.7065625 0.08562499999999999 0.78734375 0.08562499999999999
1 0.8126562500000001 0.094875 0.8126562500000001 0.03825 0.743359375 0.03825 0.743359375 0.094875 0.8126562500000001 0.094875