1 0.44312500000000005 0.376625 0.44312500000000005 0.01475 0.0025781249999999997 0.01475 0.0025781249999999997 0.376625 0.44312500000000005 0.376625
1 0.803125 0.526375 0.803125 0.07725 0.27734375 0.07725 0.27734375 0.526375 0.803125 0.526375
1 0.58875 0.0033750000000000004 0.58875 0.215625 0.79125 0.215625 0.79125 0.37475 0.9854687500000001 0.37475 0.9854687500000001 0.155 0.9842968750000001 0.155 0.9842968750000001 0.0033750000000000004 0.58875 0.0033750000000000004
1 0.990234375 0.994375 0.990234375 0.8237500000000001 0.7474999999999999 0.8237500000000001 0.7474999999999999 0.994375 0.990234375 0.994375
1 0.816171875 0.992375 0.816171875 0.8711249999999999 0.3590625 0.8711249999999999 0.3590625 0.992375 0.816171875 0.992375
1 0.39578125000000003 0.57175 0.39578125000000003 0.52825 0.308125 0.52825 0.308125 0.57175 0.39578125000000003 0.57175
1 0.478671875 0.57175 0.478671875 0.520625 0.38984375 0.520625 0.38984375 0.57175 0.478671875 0.57175
1 0.6846875 0.49412500000000004 0.6846875 0.45237499999999997 0.632578125 0.45237499999999997 0.632578125 0.49412500000000004 0.6846875 0.49412500000000004
1 0.79484375 0.48650000000000004 0.79484375 0.43912500000000004 0.725 0.43912500000000004 0.725 0.48650000000000004 0.79484375 0.48650000000000004
1 0.8446093749999999 0.49037499999999995 0.8446093749999999 0.44299999999999995 0.796015625 0.44299999999999995 0.796015625 0.49037499999999995 0.8446093749999999 0.49037499999999995
1 0.8931250000000001 0.48462500000000003 0.8931250000000001 0.44299999999999995 0.8375 0.44299999999999995 0.8375 0.48462500000000003 0.8931250000000001 0.48462500000000003
1 0.9215625 0.48650000000000004 0.9215625 0.4505 0.8931250000000001 0.4505 0.8931250000000001 0.48650000000000004 0.9215625 0.48650000000000004
1 0.967734375 0.49412500000000004 0.967734375 0.44299999999999995 0.9203906249999999 0.44299999999999995 0.9203906249999999 0.49412500000000004 0.967734375 0.49412500000000004
1 0.5615625 0.552875 0.5615625 0.51875 0.48578124999999994 0.51875 0.48578124999999994 0.552875 0.5615625 0.552875