1 0.014374999999999999 0.00425 0.014374999999999999 0.28912499999999997 0.47484374999999995 0.28912499999999997 0.47484374999999995 0.00425 0.014374999999999999 0.00425
1 0.6578125 0.40112500000000006 0.6578125 0.20037500000000003 0.31078125 0.20037500000000003 0.31078125 0.40112500000000006 0.6578125 0.40112500000000006
1 0.7086718750000001 0.42012499999999997 0.7086718750000001 0.31025 0.43515625 0.31025 0.43515625 0.42012499999999997 0.7086718750000001 0.42012499999999997
1 0.7359375 0.429625 0.7359375 0.348125 0.5310937499999999 0.348125 0.5310937499999999 0.429625 0.7359375 0.429625
1 0.77265625 0.45237499999999997 0.77265625 0.370875 0.73359375 0.370875 0.73359375 0.45237499999999997 0.77265625 0.45237499999999997
1 0.7809375000000001 0.31775000000000003 0.7809375000000001 0.240125 0.686171875 0.240125 0.686171875 0.31775000000000003 0.7809375000000001 0.31775000000000003
1 0.7975 0.331 0.7975 0.27425 0.77265625 0.27425 0.77265625 0.331 0.7975 0.331
1 0.799921875 0.30074999999999996 0.799921875 0.361375 0.82 0.361375 0.82 0.30074999999999996 0.799921875 0.30074999999999996
1 0.7963281249999999 0.499625 0.7963281249999999 0.46175 0.63765625 0.46175 0.63765625 0.499625 0.7963281249999999 0.499625
1 0.810546875 0.528125 0.810546875 0.477 0.788046875 0.477 0.788046875 0.528125 0.810546875 0.528125
1 0.812890625 0.52625 0.812890625 0.458 0.8057812500000001 0.458 0.8057812500000001 0.52625 0.812890625 0.52625
1 0.8543749999999999 0.51675 0.8543749999999999 0.48075 0.8153124999999999 0.48075 0.8153124999999999 0.51675 0.8543749999999999 0.51675
1 0.50875 0.9960000000000001 0.50875 0.8345 0.122265625 0.8345 0.122265625 0.9960000000000001 0.50875 0.9960000000000001
1 0.578359375 0.9550000000000001 0.578359375 0.793625 0.2671875 0.793625 0.2671875 0.9550000000000001 0.578359375 0.9550000000000001
1 0.6622656250000001 0.868625 0.6622656250000001 0.750375 0.527265625 0.750375 0.527265625 0.868625 0.6622656250000001 0.868625
1 0.723359375 0.8003750000000001 0.723359375 0.714 0.6465625 0.714 0.6465625 0.8003750000000001 0.723359375 0.8003750000000001
1 0.753203125 0.768625 0.753203125 0.698125 0.6849999999999999 0.698125 0.6849999999999999 0.768625 0.753203125 0.768625
1 0.785859375 0.7344999999999999 0.785859375 0.677625 0.7190624999999999 0.677625 0.7190624999999999 0.7344999999999999 0.785859375 0.7344999999999999
1 0.8028906250000001 0.725375 0.8028906250000001 0.670875 0.7560156250000001 0.670875 0.7560156250000001 0.725375 0.8028906250000001 0.725375
1 0.81640625 0.7056250000000001 0.81640625 0.6535 0.776953125 0.6535 0.776953125 0.7056250000000001 0.81640625 0.7056250000000001
1 0.833203125 0.694625 0.833203125 0.6425 0.7887500000000001 0.6425 0.7887500000000001 0.694625 0.833203125 0.694625
1 0.7725 0.12987500000000002 0.7725 0.030375000000000003 0.602734375 0.030375000000000003 0.602734375 0.12987500000000002 0.7725 0.12987500000000002
1 0.728046875 0.12362500000000001 0.728046875 0.1915 0.8198437500000001 0.1915 0.8198437500000001 0.12362500000000001 0.728046875 0.12362500000000001
1 0.805078125 0.07775 0.805078125 0.1125 0.862265625 0.1125 0.862265625 0.07775 0.805078125 0.07775
1 0.771484375 0.005124999999999999 0.771484375 0.05725 0.846484375 0.05725 0.846484375 0.005124999999999999 0.771484375 0.005124999999999999