1 0.8002343749999999 0.587875 0.8002343749999999 0.49974999999999997 0.63390625 0.49974999999999997 0.63390625 0.587875 0.8002343749999999 0.587875
1 0.64328125 0.6028749999999999 0.64328125 0.529625 0.55390625 0.529625 0.55390625 0.6028749999999999 0.64328125 0.6028749999999999
1 0.3325 0.641125 0.3325 0.54125 0.46862060625 0.51896484375 0.8303125 0.5142045453125 0.8303125 0.534625 0.9966406250000001 0.534625 0.9966406250000001 0.45975 0.8303125 0.45975 0.472509765625 0.518328125 0.16203125000000002 0.54125 0.16203125000000002 0.641125 0.3325 0.641125
1 0.428125 0.5695 0.428125 0.503 0.31484375 0.503 0.31484375 0.5695 0.428125 0.5695
1 0.428125 0.468125 0.428125 0.567875 0.516484375 0.567875 0.516484375 0.468125 0.428125 0.468125
1 0.575703125 0.45149999999999996 0.575703125 0.40824999999999995 0.5081249999999999 0.40824999999999995 0.5081249999999999 0.45149999999999996 0.575703125 0.45149999999999996
1 0.575703125 0.40824999999999995 0.575703125 0.453125 0.619375 0.453125 0.619375 0.40824999999999995 0.575703125 0.40824999999999995
1 0.6009375 0.13974999999999999 0.6009375 0.044125 0.483984375 0.044125 0.483984375 0.13974999999999999 0.6009375 0.13974999999999999
1 0.6364062500000001 0.09825 0.6364062500000001 0.063625 0.58796875 0.063625 0.58796875 0.09825 0.6364062500000001 0.09825
1 0.683203125 0.109375 0.683203125 0.060875 0.628671875 0.060875 0.628671875 0.109375 0.683203125 0.109375
1 0.711796875 0.11625 0.711796875 0.057999999999999996 0.679765625 0.057999999999999996 0.679765625 0.11625 0.711796875 0.11625
1 0.711796875 0.0705 0.711796875 0.11625 0.73953125 0.11625 0.73953125 0.0705 0.711796875 0.0705
1 0.7681250000000001 0.1135 0.7681250000000001 0.0705 0.73953125 0.0705 0.73953125 0.1135 0.7681250000000001 0.1135
1 0.957734375 0.257625 0.957734375 0.17862499999999998 0.7732812499999999 0.17862499999999998 0.7732812499999999 0.257625 0.957734375 0.257625
1 0.9975781250000001 0.23537499999999997 0.9975781250000001 0.175875 0.958671875 0.175875 0.958671875 0.23537499999999997 0.9975781250000001 0.23537499999999997
1 0.950859375 0.11487499999999999 0.950859375 0.026125 0.791484375 0.026125 0.791484375 0.11487499999999999 0.950859375 0.11487499999999999
1 0.9907031249999999 0.09825 0.9907031249999999 0.04 0.9396093750000001 0.04 0.9396093750000001 0.09825 0.9907031249999999 0.09825
1 0.0296875 0.14250000000000002 0.0296875 0.11587499999999999 0.00296875 0.11587499999999999 0.00296875 0.14250000000000002 0.0296875 0.14250000000000002
1 0.08953124999999999 0.15175 0.08953124999999999 0.11825000000000001 0.043359375 0.11825000000000001 0.043359375 0.15175 0.08953124999999999 0.15175
1 0.168203125 0.110125 0.168203125 0.059375 0.10398437499999999 0.059375 0.10398437499999999 0.110125 0.168203125 0.110125
1 0.226015625 0.11474999999999999 0.226015625 0.072 0.16390625 0.072 0.16390625 0.11474999999999999 0.226015625 0.11474999999999999
1 0.27218749999999997 0.110125 0.27218749999999997 0.0755 0.22742187500000002 0.0755 0.22742187500000002 0.110125 0.27218749999999997 0.110125
1 0.27218749999999997 0.07775 0.27218749999999997 0.110125 0.325546875 0.110125 0.325546875 0.07775 0.27218749999999997 0.07775
1 0.3703125 0.11937500000000001 0.3703125 0.079 0.325546875 0.079 0.325546875 0.11937500000000001 0.3703125 0.11937500000000001
1 0.3609375 0.059375 0.3609375 0.016625 0.296015625 0.016625 0.296015625 0.059375 0.3609375 0.059375
1 0.2678125 0.0685 0.2678125 0.007375 0.210859375 0.007375 0.210859375 0.0685 0.2678125 0.0685
1 0.21515625 0.058125 0.21515625 0.007375 0.15882812500000001 0.007375 0.15882812500000001 0.058125 0.21515625 0.058125
1 0.100390625 0.003875 0.100390625 0.05125 0.1603125 0.05125 0.1603125 0.003875 0.100390625 0.003875
1 0.17835937500000001 0.195625 0.17835937500000001 0.13674999999999998 0.11554687500000001 0.13674999999999998 0.11554687500000001 0.195625 0.17835937500000001 0.195625
1 0.0953125 0.259125 0.0953125 0.219875 0.051328125 0.219875 0.051328125 0.259125 0.0953125 0.259125
1 0.190625 0.270625 0.190625 0.22562500000000002 0.12421875 0.22562500000000002 0.12421875 0.270625 0.190625 0.270625
1 0.23828125 0.179375 0.23828125 0.15175 0.176171875 0.15175 0.176171875 0.179375 0.23828125 0.179375
1 0.28375 0.1875 0.28375 0.15175 0.2325 0.15175 0.2325 0.1875 0.28375 0.1875
1 0.28585937499999997 0.152875 0.28585937499999997 0.18175 0.32632812499999997 0.18175 0.32632812499999997 0.152875 0.28585937499999997 0.152875
1 0.37679687500000003 0.18062499999999998 0.37679687500000003 0.152875 0.32632812499999997 0.152875 0.32632812499999997 0.18062499999999998 0.37679687500000003 0.18062499999999998
1 0.386953125 0.259125 0.386953125 0.221 0.339296875 0.221 0.339296875 0.259125 0.386953125 0.259125
1 0.29453125 0.222125 0.29453125 0.259125 0.339296875 0.259125 0.339296875 0.222125 0.29453125 0.222125
1 0.28875 0.2545 0.28875 0.23025 0.233203125 0.23025 0.233203125 0.2545 0.28875 0.2545
1 0.29093749999999996 0.335375 0.29093749999999996 0.294875 0.24476562500000001 0.294875 0.24476562500000001 0.335375 0.29093749999999996 0.335375
1 0.297421875 0.292625 0.297421875 0.32725 0.346484375 0.32725 0.346484375 0.292625 0.297421875 0.292625
1 0.38765625 0.313375 0.38765625 0.292625 0.34578125000000004 0.292625 0.34578125000000004 0.313375 0.38765625 0.313375
1 0.459140625 0.368875 0.459140625 0.319125 0.38984375 0.319125 0.38984375 0.368875 0.459140625 0.368875
1 0.388359375 0.39075000000000004 0.388359375 0.350375 0.3559375 0.350375 0.3559375 0.39075000000000004 0.388359375 0.39075000000000004
1 0.35375 0.40575 0.35375 0.348 0.308984375 0.348 0.308984375 0.40575 0.35375 0.40575
1 0.30609375 0.410375 0.30609375 0.358375 0.255546875 0.358375 0.255546875 0.410375 0.30609375 0.410375
1 0.19929687499999998 0.419625 0.19929687499999998 0.380375 0.139375 0.380375 0.139375 0.419625 0.19929687499999998 0.419625
1 0.19929687499999998 0.3815 0.19929687499999998 0.419625 0.25484375 0.419625 0.25484375 0.3815 0.19929687499999998 0.3815
1 0.24476562500000001 0.350375 0.24476562500000001 0.2995 0.19132812500000002 0.2995 0.19132812500000002 0.350375 0.24476562500000001 0.350375
1 0.194921875 0.355 0.194921875 0.2995 0.12421875 0.2995 0.12421875 0.355 0.194921875 0.355
0 0.17734375 0.92225 0.17734375 0.00275 0.004140625 0.00275 0.004140625 0.92225 0.17734375 0.92225