0 0.2703125 0.9984999999999999 0.2703125 0.007124999999999999 0.00546875 0.007124999999999999 0.00546875 0.9984999999999999 0.2703125 0.9984999999999999
1 0.12484375 0.10187500000000001 0.12484375 0.057499999999999996 0.055546874999999996 0.057499999999999996 0.055546874999999996 0.10187500000000001 0.12484375 0.10187500000000001
1 0.1265625 0.18912500000000002 0.1265625 0.140625 0.058125 0.140625 0.058125 0.18912500000000002 0.1265625 0.18912500000000002
1 0.1265625 0.14625 0.1265625 0.18912500000000002 0.18890625 0.18912500000000002 0.18890625 0.14625 0.1265625 0.14625
1 0.18109375 0.10325 0.18109375 0.058875 0.12132812500000001 0.058875 0.12132812500000001 0.10325 0.18109375 0.10325
1 0.2478125 0.11299999999999999 0.2478125 0.063125 0.181953125 0.063125 0.181953125 0.11299999999999999 0.2478125 0.11299999999999999
1 0.2478125 0.07275000000000001 0.2478125 0.11299999999999999 0.29375 0.11299999999999999 0.29375 0.07275000000000001 0.2478125 0.07275000000000001
1 0.299765625 0.180875 0.299765625 0.14350000000000002 0.24953124999999998 0.14350000000000002 0.24953124999999998 0.180875 0.299765625 0.180875
1 0.244375 0.185 0.244375 0.14625 0.195859375 0.14625 0.195859375 0.185 0.244375 0.185
1 0.250390625 0.271 0.250390625 0.21962500000000001 0.195859375 0.21962500000000001 0.195859375 0.271 0.250390625 0.271
1 0.133515625 0.27925 0.133515625 0.21825 0.07546875 0.21825 0.07546875 0.27925 0.133515625 0.27925
1 0.145625 0.361 0.145625 0.305625 0.08328125 0.305625 0.08328125 0.361 0.145625 0.361
1 0.145625 0.3 0.145625 0.361 0.203671875 0.361 0.203671875 0.3 0.145625 0.3
1 0.26164062499999996 0.33475 0.26164062499999996 0.3 0.203671875 0.3 0.203671875 0.33475 0.26164062499999996 0.33475
1 0.26164062499999996 0.28475 0.26164062499999996 0.33475 0.320546875 0.33475 0.320546875 0.28475 0.26164062499999996 0.28475
1 0.313671875 0.26675 0.313671875 0.21275 0.24609375 0.21275 0.24609375 0.26675 0.313671875 0.26675
1 0.371640625 0.323625 0.371640625 0.28475 0.30328125 0.28475 0.30328125 0.323625 0.371640625 0.323625
1 0.42453124999999997 0.372125 0.42453124999999997 0.338875 0.3309375 0.338875 0.3309375 0.372125 0.42453124999999997 0.372125
1 0.336171875 0.40812499999999996 0.336171875 0.35412499999999997 0.27554687499999997 0.35412499999999997 0.27554687499999997 0.40812499999999996 0.336171875 0.40812499999999996
1 0.2703125 0.43025 0.2703125 0.36375 0.213203125 0.36375 0.213203125 0.43025 0.2703125 0.43025
1 0.1603125 0.44699999999999995 0.1603125 0.392875 0.10406249999999999 0.392875 0.10406249999999999 0.44699999999999995 0.1603125 0.44699999999999995
1 0.216640625 0.43174999999999997 0.216640625 0.38175 0.15859375 0.38175 0.15859375 0.43174999999999997 0.216640625 0.43174999999999997
1 0.363046875 0.629875 0.363046875 0.535625 0.24 0.535625 0.24 0.629875 0.363046875 0.629875
1 0.25125000000000003 0.66175 0.25125000000000003 0.58 0.135234375 0.58 0.135234375 0.66175 0.25125000000000003 0.66175
1 0.470390625 0.602125 0.470390625 0.4955 0.349140625 0.4955 0.349140625 0.602125 0.470390625 0.602125
1 0.54140625 0.481625 0.54140625 0.428875 0.47390625000000003 0.428875 0.47390625000000003 0.481625 0.54140625 0.481625
1 0.54140625 0.6285000000000001 0.54140625 0.563375 0.46609375000000003 0.563375 0.46609375000000003 0.6285000000000001 0.54140625 0.6285000000000001
1 0.7815624999999999 0.64925 0.7815624999999999 0.5313749999999999 0.5284375 0.5313749999999999 0.5284375 0.64925 0.7815624999999999 0.64925
1 0.996875 0.594375 0.996875 0.496625 0.77859375 0.496625 0.77859375 0.594375 0.996875 0.594375
1 0.9546093750000001 0.25975000000000004 0.9546093750000001 0.166125 0.7416406249999999 0.166125 0.7416406249999999 0.25975000000000004 0.9546093750000001 0.25975000000000004
1 0.9978906249999999 0.23424999999999999 0.9978906249999999 0.169625 0.9452343750000001 0.169625 0.9452343750000001 0.23424999999999999 0.9978906249999999 0.23424999999999999
1 0.7698437499999999 0.0045 0.7698437499999999 0.11425 0.946015625 0.11425 0.946015625 0.0045 0.7698437499999999 0.0045
1 0.9907031249999999 0.064625 0.9907031249999999 0.0045 0.946015625 0.0045 0.946015625 0.064625 0.9907031249999999 0.064625
1 0.55625 0.12925 0.55625 0.03575 0.442890625 0.03575 0.442890625 0.12925 0.55625 0.12925
1 0.609609375 0.10275000000000001 0.609609375 0.031125000000000003 0.551875 0.031125000000000003 0.551875 0.10275000000000001 0.609609375 0.10275000000000001
1 0.659453125 0.096875 0.659453125 0.055374999999999994 0.60671875 0.055374999999999994 0.60671875 0.096875 0.659453125 0.096875
1 0.69984375 0.10275000000000001 0.69984375 0.050749999999999997 0.65296875 0.050749999999999997 0.65296875 0.10275000000000001 0.69984375 0.10275000000000001
1 0.74171875 0.11200000000000002 0.74171875 0.046125 0.69984375 0.046125 0.69984375 0.11200000000000002 0.74171875 0.11200000000000002