1 0.980703125 0.367 0.980703125 0.335125 0.934765625 0.335125 0.934765625 0.367 0.980703125 0.367
1 0.93828125 0.379375 0.93828125 0.340625 0.893203125 0.340625 0.893203125 0.379375 0.93828125 0.379375
1 0.901015625 0.373875 0.901015625 0.346125 0.870703125 0.346125 0.870703125 0.373875 0.901015625 0.373875
1 0.86203125 0.422375 0.86203125 0.389125 0.8482031250000001 0.389125 0.8482031250000001 0.422375 0.86203125 0.422375
1 0.85078125 0.434875 0.85078125 0.398875 0.83515625 0.398875 0.83515625 0.434875 0.85078125 0.434875
1 0.836953125 0.44037499999999996 0.836953125 0.41275000000000006 0.8221875000000001 0.41275000000000006 0.8221875000000001 0.44037499999999996 0.836953125 0.44037499999999996
1 0.7329687500000001 0.46262499999999995 0.7329687500000001 0.51525 0.7728125 0.51525 0.7728125 0.48612500000000003 0.79015625 0.48612500000000003 0.79015625 0.45149999999999996 0.764140625 0.45149999999999996 0.764140625 0.46262499999999995 0.7329687500000001 0.46262499999999995
1 0.7364843750000001 0.5471250000000001 0.7364843750000001 0.488875 0.698359375 0.488875 0.698359375 0.5471250000000001 0.7364843750000001 0.5471250000000001
1 0.707890625 0.556875 0.707890625 0.5041249999999999 0.68015625 0.5041249999999999 0.68015625 0.556875 0.707890625 0.556875
1 0.675859375 0.623375 0.675859375 0.541625 0.61171875 0.541625 0.61171875 0.623375 0.675859375 0.623375
1 0.61609375 0.680125 0.61609375 0.583125 0.526875 0.583125 0.526875 0.680125 0.61609375 0.680125
1 0.5563281250000001 0.755 0.5563281250000001 0.633 0.44632812499999996 0.633 0.44632812499999996 0.755 0.5563281250000001 0.755
1 0.428125 0.93925 0.428125 0.738375 0.226328125 0.738375 0.226328125 0.93925 0.428125 0.93925
1 0.276953125 0.994 0.276953125 0.826375 0.0063281249999999995 0.826375 0.0063281249999999995 0.994 0.276953125 0.994
1 0.5270312500000001 0.2225 0.5270312500000001 0.03675 0.239453125 0.03675 0.239453125 0.2225 0.5270312500000001 0.2225
1 0.601484375 0.226625 0.601484375 0.068625 0.42570312499999996 0.068625 0.42570312499999996 0.226625 0.601484375 0.226625
1 0.660390625 0.19337500000000002 0.660390625 0.111625 0.598046875 0.111625 0.598046875 0.19337500000000002 0.660390625 0.19337500000000002
1 0.706171875 0.195875 0.706171875 0.139375 0.652734375 0.139375 0.652734375 0.195875 0.706171875 0.195875
1 0.737890625 0.208625 0.737890625 0.150875 0.6953125 0.150875 0.6953125 0.208625 0.737890625 0.208625
1 0.778359375 0.220125 0.778359375 0.182 0.765390625 0.182 0.765390625 0.16699999999999998 0.73 0.16699999999999998 0.73 0.21787499999999999 0.778359375 0.220125
1 0.79640625 0.2375 0.79640625 0.189 0.771875 0.189 0.771875 0.2375 0.79640625 0.2375
1 0.785546875 0.19475 0.785546875 0.23174999999999998 0.8158593749999999 0.23174999999999998 0.8158593749999999 0.19475 0.785546875 0.19475
1 0.8071875000000001 0.22483333437500003 0.8071875000000001 0.24100000000000002 0.8375 0.24100000000000002 0.8375 0.21675 0.8071875000000001 0.21675 0.78876488125 0.175369046875 0.8432812500000001 0.108125 0.8432812500000001 0.06999999999999999 0.758828125 0.06999999999999999 0.758828125 0.108125 0.786462053125 0.170196428125 0.8071875000000001 0.22483333437500003
1 0.8403906250000001 0.081625 0.8403906250000001 0.04575 0.8115625 0.04575 0.8115625 0.081625 0.8403906250000001 0.081625
1 0.825234375 0.060750000000000005 0.825234375 0.028499999999999998 0.79421875 0.028499999999999998 0.79421875 0.060750000000000005 0.825234375 0.060750000000000005
1 0.771875 0.011125 0.771875 0.080375 0.805078125 0.080375 0.805078125 0.03425 0.794921875 0.03425 0.794921875 0.011125 0.771875 0.011125
1 0.621015625 0.003 0.621015625 0.048125 0.77109375 0.048125 0.77109375 0.003 0.621015625 0.003