1 0.90859375 0.83825 0.90859375 0.74725 0.7132031249999999 0.74725 0.7132031249999999 0.83825 0.90859375 0.83825
1 0.9962500000000001 0.836375 0.9962500000000001 0.775625 0.9346875000000001 0.775625 0.9346875000000001 0.836375 0.9962500000000001 0.836375
1 0.651640625 0.336125 0.651640625 0.23374999999999999 0.5118750000000001 0.23374999999999999 0.5118750000000001 0.336125 0.651640625 0.336125
1 0.594765625 0.3645 0.594765625 0.26975 0.40531249999999996 0.26975 0.40531249999999996 0.3645 0.594765625 0.3645
1 0.407734375 0.3835 0.407734375 0.30575 0.31179687500000003 0.30575 0.31179687500000003 0.3835 0.407734375 0.3835
1 0.40890624999999997 0.554 0.40890624999999997 0.48200000000000004 0.279765625 0.48200000000000004 0.279765625 0.554 0.40890624999999997 0.554
1 0.232421875 0.569125 0.232421875 0.5085 0.142421875 0.5085 0.142421875 0.569125 0.232421875 0.569125
1 0.129375 0.296375 0.129375 0.393 0.22531249999999997 0.393 0.22531249999999997 0.366375 0.246640625 0.366375 0.246640625 0.271625 0.14953125 0.271625 0.14953125 0.296375 0.129375 0.296375
1 0.236015625 0.165625 0.236015625 0.074625 0.09148437499999999 0.074625 0.09148437499999999 0.165625 0.236015625 0.165625
1 0.293984375 0.122 0.293984375 0.044375 0.156640625 0.044375 0.156640625 0.122 0.293984375 0.122
1 0.241875 0.070875 0.241875 0.01775 0.156640625 0.01775 0.156640625 0.070875 0.241875 0.070875
1 0.16023437499999998 0.012125 0.16023437499999998 0.03675 0.23359375 0.03675 0.23359375 0.012125 0.16023437499999998 0.012125
1 0.1578125 0.10874999999999999 0.1578125 0.055625 0.097421875 0.055625 0.097421875 0.10874999999999999 0.1578125 0.10874999999999999
1 0.099765625 0.03675 0.099765625 0.078375 0.15546875 0.078375 0.15546875 0.03675 0.099765625 0.03675
1 0.156640625 0.055625 0.156640625 0.0063750000000000005 0.103359375 0.0063750000000000005 0.103359375 0.055625 0.156640625 0.055625
1 0.099765625 0.00075 0.099765625 0.033 0.151875 0.033 0.151875 0.00075 0.099765625 0.00075
1 0.6381249999999999 0.525 0.6381249999999999 0.452625 0.44984375 0.452625 0.44984375 0.525 0.6381249999999999 0.525