1 0.9975781250000001 0.5426041671874999 0.9975781250000001 0.35 0.7192968750000001 0.35 0.7192968750000001 0.5426041671874999 0.9975781250000001 0.5426041671874999
1 0.725234375 0.5584374999999999 0.725234375 0.43052083281250003 0.462265625 0.43052083281250003 0.462265625 0.5584374999999999 0.725234375 0.5584374999999999
1 0.74890625 0.9958333328125001 0.74890625 0.8994791671875 0.462265625 0.8994791671875 0.462265625 0.9958333328125001 0.74890625 0.9958333328125001
1 0.516796875 0.9800000000000001 0.516796875 0.8458333328125001 0.30359375 0.8458333328125001 0.30359375 0.9800000000000001 0.516796875 0.9800000000000001
1 0.335625 0.9310416671875 0.335625 0.8126041671875001 0.216015625 0.8126041671875001 0.216015625 0.9310416671875 0.335625 0.9310416671875
1 0.16148437499999999 0.7556458328125 0.16148437499999999 0.826875 0.12971966875000002 0.826875 0.093984375 0.7446875000000001 0.093984375 0.826875 0.12574908125 0.826875 0.16625 0.8305009921875 0.16625 0.8726041671875 0.283515625 0.8726041671875 0.283515625 0.7620833328125001 0.1701588546875 0.7620833328125001 0.16148437499999999 0.7446875000000001 0.16148437499999999 0.7501666671875 0.16307291562499998 0.7504861109375 0.164661459375 0.756284721875 0.16148437499999999 0.7556458328125
1 0.133125 0.8046875 0.133125 0.7289583328125 0.065625 0.7289583328125 0.065625 0.8046875 0.133125 0.8046875
1 0.09046875 0.7684375 0.09046875 0.7146874999999999 0.034765625 0.7146874999999999 0.034765625 0.7684375 0.09046875 0.7684375
1 0.050234375 0.7684375 0.050234375 0.7084374999999999 0.01703125 0.7084374999999999 0.01703125 0.7684375 0.050234375 0.7684375
1 0.069140625 0.5 0.069140625 0.43843750000000004 0.014687500000000001 0.43843750000000004 0.014687500000000001 0.5 0.069140625 0.5
1 0.020624999999999998 0.5141666671875 0.020624999999999998 0.44635416718750004 0.00046875 0.44635416718750004 0.00046875 0.5141666671875 0.020624999999999998 0.5141666671875
1 0.21007812499999998 0.5836458328125 0.21007812499999998 0.53 0.012265624999999999 0.53 0.012265624999999999 0.5836458328125 0.21007812499999998 0.5836458328125
1 0.015859375000000002 0.5836458328125 0.015859375000000002 0.5284375 0.00046875 0.5284375 0.00046875 0.5836458328125 0.015859375000000002 0.5836458328125
1 0.353515625 0.5359375 0.353515625 0.45583333281250005 0.06085937500000001 0.45583333281250005 0.06085937500000001 0.5359375 0.353515625 0.5359375
1 0.234921875 0.4826041671875 0.234921875 0.38156249999999997 0.156796875 0.38156249999999997 0.156796875 0.4826041671875 0.234921875 0.4826041671875
1 0.313125 0.45104166718750005 0.313125 0.35 0.220703125 0.35 0.220703125 0.45104166718750005 0.313125 0.45104166718750005
1 0.547578125 0.45416666718750004 0.547578125 0.286875 0.30476562500000004 0.286875 0.30476562500000004 0.45416666718750004 0.547578125 0.45416666718750004
1 0.486640625 0.006875000000000001 0.486640625 0.200625 0.9982031250000001 0.200625 0.9982031250000001 0.006875000000000001 0.486640625 0.006875000000000001
1 0.2228125 0.007291667187500001 0.2228125 0.07552083281250001 0.4303125 0.07552083281250001 0.4303125 0.007291667187500001 0.2228125 0.007291667187500001
1 0.433125 0.1740625 0.433125 0.007291667187500001 0.17734375 0.007291667187500001 0.17734375 0.1740625 0.433125 0.1740625
1 0.347890625 0.2138541671875 0.347890625 0.1190625 0.1190625 0.1190625 0.1190625 0.2138541671875 0.347890625 0.2138541671875
1 0.289609375 0.24416666718750002 0.289609375 0.18156250000000002 0.08640624999999999 0.18156250000000002 0.08640624999999999 0.24416666718750002 0.289609375 0.24416666718750002
1 0.16171875 0.28010416718750003 0.16171875 0.19864583281249998 0.045156249999999995 0.19864583281249998 0.045156249999999995 0.28010416718750003 0.16171875 0.28010416718750003
1 0.0025781249999999997 0.12291666718750001 0.0025781249999999997 0.19104166718749999 0.039453125 0.19104166718749999 0.039453125 0.16072916718750002 0.096328125 0.16072916718750002 0.096328125 0.08499999999999999 0.035234375 0.08499999999999999 0.035234375 0.12291666718750001 0.0025781249999999997 0.12291666718750001
1 0.08351562500000001 0.0622916671875 0.08351562500000001 0.0015625 0.02953125 0.0015625 0.02953125 0.0622916671875 0.08351562500000001 0.0622916671875
1 0.0409375 0.10958333281249999 0.0409375 0.0528125 0.006796874999999999 0.0528125 0.006796874999999999 0.10958333281249999 0.0409375 0.10958333281249999
1 0.063671875 0.2744791671875 0.063671875 0.22135416718749998 0.018203125 0.22135416718749998 0.018203125 0.2744791671875 0.063671875 0.2744791671875
1 0.08351562500000001 0.388125 0.08351562500000001 0.3142708328125 0.028125 0.3142708328125 0.028125 0.388125 0.08351562500000001 0.388125
1 0.02953125 0.4184375 0.02953125 0.3407291671875 0.01390625 0.3407291671875 0.01390625 0.4184375 0.02953125 0.4184375
1 0.015312500000000001 0.41656250000000006 0.015312500000000001 0.3578125 0.0010937499999999999 0.3578125 0.0010937499999999999 0.41656250000000006 0.015312500000000001 0.41656250000000006