0 0.588828125 0.490277778125 0.588828125 0.8340277781250001 0.70421875 0.8340277781250001 0.70421875 0.490277778125 0.588828125 0.490277778125
0 0.609140625 0.78 0.609140625 0.5318055562499999 0.5717187499999999 0.5318055562499999 0.5717187499999999 0.78 0.609140625 0.78
1 0.58703125 0.3761111109375 0.58703125 0.3416666671875 0.56765625 0.3416666671875 0.56765625 0.3761111109375 0.58703125 0.3761111109375
1 0.57890625 0.40180555625 0.57890625 0.3608333328125 0.56765625 0.3608333328125 0.56765625 0.40180555625 0.57890625 0.40180555625
1 0.586171875 0.423472221875 0.586171875 0.38569444375 0.565390625 0.38569444375 0.565390625 0.423472221875 0.586171875 0.423472221875
1 0.597421875 0.443472221875 0.597421875 0.40499999999999997 0.56765625 0.40499999999999997 0.56765625 0.443472221875 0.597421875 0.443472221875
1 0.5925 0.465972221875 0.5925 0.43069444375000004 0.57484375 0.43069444375000004 0.57484375 0.465972221875 0.5925 0.465972221875
1 0.590625 0.497222221875 0.590625 0.4611111109375 0.57078125 0.4611111109375 0.57078125 0.497222221875 0.590625 0.497222221875
1 0.588828125 0.5316666671875 0.588828125 0.4916666671875 0.57078125 0.4916666671875 0.57078125 0.5316666671875 0.588828125 0.5316666671875
1 0.5951562499999999 0.5501388890625 0.5951562499999999 0.52930555625 0.569921875 0.52930555625 0.569921875 0.5501388890625 0.5951562499999999 0.5501388890625
1 0.593359375 0.5662499999999999 0.593359375 0.5388888890625 0.57078125 0.5388888890625 0.57078125 0.5662499999999999 0.593359375 0.5662499999999999
1 0.593828125 0.5845833328125 0.593828125 0.5573611109375001 0.570390625 0.5573611109375001 0.570390625 0.5845833328125 0.593828125 0.5845833328125
1 0.593359375 0.6070833328125 0.593359375 0.57819444375 0.57265625 0.57819444375 0.57265625 0.6070833328125 0.593359375 0.6070833328125
1 0.5915625 0.6238888890625 0.5915625 0.599027778125 0.57265625 0.599027778125 0.57265625 0.6238888890625 0.5915625 0.6238888890625
1 0.593359375 0.652777778125 0.593359375 0.6311111109375 0.57265625 0.6311111109375 0.57265625 0.652777778125 0.593359375 0.652777778125
1 0.5925 0.6808333328125 0.5925 0.6648611109375 0.573984375 0.6648611109375 0.573984375 0.6808333328125 0.5925 0.6808333328125
1 0.5717187499999999 0.7226388890625 0.5717187499999999 0.69055555625 0.5482812499999999 0.69055555625 0.5482812499999999 0.7226388890625 0.5717187499999999 0.7226388890625
1 0.5775781249999999 0.7386111109375 0.5775781249999999 0.7154166671875 0.541484375 0.7154166671875 0.541484375 0.7386111109375 0.5775781249999999 0.7386111109375
1 0.725078125 0.63305555625 0.725078125 0.5683333328125 0.6653125 0.5683333328125 0.6653125 0.63305555625 0.725078125 0.63305555625
1 0.7264062499999999 0.522222221875 0.7264062499999999 0.6341666671875 0.803046875 0.6341666671875 0.803046875 0.522222221875 0.7264062499999999 0.522222221875
1 0.968046875 0.60305555625 0.968046875 0.4598611109375 0.80046875 0.4598611109375 0.80046875 0.60305555625 0.968046875 0.60305555625
1 0.9942968750000001 0.9754166671875 0.9942968750000001 0.7758333328125 0.8091406250000001 0.7758333328125 0.8091406250000001 0.9754166671875 0.9942968750000001 0.9754166671875
1 0.932578125 0.89555555625 0.932578125 0.7798611109375 0.71484375 0.7798611109375 0.71484375 0.89555555625 0.932578125 0.89555555625
1 0.8270312499999999 0.8316666671874999 0.8270312499999999 0.7679166671875 0.705859375 0.7679166671875 0.705859375 0.8316666671874999 0.8270312499999999 0.8316666671874999
1 0.905625 0.3048611109375 0.905625 0.0813888890625 0.773203125 0.0813888890625 0.773203125 0.3048611109375 0.905625 0.3048611109375
1 0.91578125 0.4026388890625 0.91578125 0.2629166671875 0.7125781250000001 0.2629166671875 0.7125781250000001 0.4026388890625 0.91578125 0.4026388890625
1 0.87984375 0.47055555625 0.87984375 0.33875 0.663203125 0.33875 0.663203125 0.47055555625 0.87984375 0.47055555625
1 0.790390625 0.51125 0.790390625 0.42263888906249997 0.62828125 0.42263888906249997 0.62828125 0.51125 0.790390625 0.51125
1 0.640703125 0.5501388890625 0.640703125 0.45999999999999996 0.6079687500000001 0.45999999999999996 0.6079687500000001 0.5501388890625 0.640703125 0.5501388890625
1 0.667265625 0.386527778125 0.667265625 0.33944444375 0.5814843749999999 0.33944444375 0.5814843749999999 0.386527778125 0.667265625 0.386527778125
1 0.5955468749999999 0.2770833328125 0.5955468749999999 0.3436111109375 0.68515625 0.3436111109375 0.68515625 0.2770833328125 0.5955468749999999 0.2770833328125
1 0.60875 0.214722221875 0.60875 0.3075 0.7046875 0.3075 0.7046875 0.214722221875 0.60875 0.214722221875
1 0.641484375 0.1148611109375 0.641484375 0.23694444374999998 0.792734375 0.23694444374999998 0.792734375 0.1148611109375 0.641484375 0.1148611109375
1 0.682734375 0.00555555625 0.682734375 0.13194444375 0.8305468749999999 0.13194444375 0.8305468749999999 0.00555555625 0.682734375 0.00555555625
1 0.902578125 0.00555555625 0.902578125 0.1286111109375 0.99609375 0.1286111109375 0.99609375 0.00555555625 0.902578125 0.00555555625
1 0.6307031249999999 0.0011111109375000002 0.6307031249999999 0.0473611109375 0.711953125 0.0473611109375 0.711953125 0.0011111109375000002 0.6307031249999999 0.0011111109375000002
1 0.679453125 0.14777777812499998 0.679453125 0.042777778125 0.605390625 0.042777778125 0.605390625 0.14777777812499998 0.679453125 0.14777777812499998
1 0.688515625 0.2125 0.688515625 0.11541666718750002 0.593671875 0.11541666718750002 0.593671875 0.2125 0.688515625 0.2125
1 0.66125 0.270277778125 0.66125 0.177777778125 0.580078125 0.177777778125 0.580078125 0.270277778125 0.66125 0.270277778125
1 0.6359375 0.154722221875 0.6359375 0.07388888906249999 0.55796875 0.07388888906249999 0.55796875 0.154722221875 0.6359375 0.154722221875
1 0.578125 0.00569444375 0.578125 0.079722221875 0.66578125 0.079722221875 0.66578125 0.00569444375 0.578125 0.00569444375
1 0.55078125 0.7266666671875 0.55078125 0.69055555625 0.5 0.69055555625 0.5 0.7266666671875 0.55078125 0.7266666671875
0 0.292109375 0.562222221875 0.292109375 0.70069444375 0.356015625 0.70069444375 0.356015625 0.562222221875 0.292109375 0.562222221875