0 0.287421875 0.8099999999999999 0.287421875 0.2694791671875 0.0017968749999999999 0.2694791671875 0.0017968749999999999 0.8099999999999999 0.287421875 0.8099999999999999
1 0.42898437500000003 0.2913541671875 0.42898437500000003 0.2529166671875 0.31890625 0.2529166671875 0.31890625 0.2913541671875 0.42898437500000003 0.2913541671875
1 0.39773437500000003 0.3386458328125 0.39773437500000003 0.30583333281249997 0.3225 0.30583333281249997 0.3225 0.3386458328125 0.39773437500000003 0.3386458328125
1 0.32492187499999997 0.3435416671875 0.32492187499999997 0.3178125 0.2996875 0.3178125 0.2996875 0.3435416671875 0.32492187499999997 0.3435416671875
1 0.341796875 0.3932291671875 0.341796875 0.3747916671875 0.294296875 0.3747916671875 0.294296875 0.3932291671875 0.341796875 0.3932291671875
1 0.3640625 0.44614583281250003 0.3640625 0.4108333328125 0.328515625 0.4108333328125 0.328515625 0.44614583281250003 0.3640625 0.44614583281250003
1 0.297265625 0.42291666718750004 0.297265625 0.44614583281250003 0.32796875000000003 0.44614583281250003 0.32796875000000003 0.42291666718750004 0.297265625 0.42291666718750004
1 0.320703125 0.4998958328125 0.320703125 0.4734375 0.297265625 0.4734375 0.297265625 0.4998958328125 0.320703125 0.4998958328125
1 0.321328125 0.4702083328125 0.321328125 0.5007291671874999 0.355 0.5007291671874999 0.355 0.4702083328125 0.321328125 0.4702083328125
1 0.3625 0.2265625 0.3625 0.1784375 0.2765625 0.1784375 0.2765625 0.2265625 0.3625 0.2265625
1 0.37328125 0.1890625 0.37328125 0.13999999999999999 0.320625 0.13999999999999999 0.320625 0.1890625 0.37328125 0.1890625
1 0.45992187500000004 0.1870833328125 0.45992187500000004 0.1284375 0.34875 0.1284375 0.34875 0.1870833328125 0.45992187500000004 0.1870833328125
1 0.53984375 0.16218749999999998 0.53984375 0.1140625 0.45828125000000003 0.1140625 0.45828125000000003 0.16218749999999998 0.53984375 0.16218749999999998
1 0.31320312499999997 0.2459375 0.31320312499999997 0.2084375 0.23671875 0.2084375 0.23671875 0.2459375 0.31320312499999997 0.2459375
1 0.256171875 0.2604166671875 0.256171875 0.2209375 0.21437499999999998 0.2209375 0.21437499999999998 0.2604166671875 0.256171875 0.2604166671875
1 0.21937500000000001 0.2420833328125 0.21937500000000001 0.209375 0.19343749999999998 0.209375 0.19343749999999998 0.2420833328125 0.21937500000000001 0.2420833328125
1 0.19632812500000002 0.2604166671875 0.19632812500000002 0.2209375 0.17250000000000001 0.2209375 0.17250000000000001 0.2604166671875 0.19632812500000002 0.2604166671875
1 0.178984375 0.2670833328125 0.178984375 0.24020833281249998 0.16023437499999998 0.24020833281249998 0.16023437499999998 0.2670833328125 0.178984375 0.2670833328125
1 0.16023437499999998 0.27770833281249996 0.16023437499999998 0.2517708328125 0.14140625 0.2517708328125 0.14140625 0.27770833281249996 0.16023437499999998 0.27770833281249996
1 0.20812499999999998 0.2044791671875 0.20812499999999998 0.11687499999999999 0.066640625 0.11687499999999999 0.066640625 0.2044791671875 0.20812499999999998 0.2044791671875
1 0.1871875 0.2515625 0.1871875 0.19 0.08687500000000001 0.19 0.08687500000000001 0.2515625 0.1871875 0.2515625