1 0.8125 0.647375 0.8125 0.629 0.758203125 0.629 0.758203125 0.647375 0.8125 0.647375
1 0.926015625 0.6447499999999999 0.926015625 0.623625 0.870078125 0.623625 0.870078125 0.6447499999999999 0.926015625 0.6447499999999999
1 0.97046875 0.6965 0.97046875 0.65475 0.932578125 0.65475 0.932578125 0.6965 0.97046875 0.6965
1 0.997734375 0.70025 0.997734375 0.649125 0.955078125 0.649125 0.955078125 0.70025 0.997734375 0.70025
1 0.997734375 0.70975 0.997734375 0.671875 0.98109375 0.671875 0.98109375 0.70975 0.997734375 0.70975
1 0.501484375 0.8119999999999999 0.501484375 0.7381249999999999 0.358203125 0.7381249999999999 0.358203125 0.8119999999999999 0.501484375 0.8119999999999999
1 0.359375 0.8045 0.359375 0.753375 0.26109375 0.753375 0.26109375 0.8045 0.359375 0.8045
1 0.28718750000000004 0.8063750000000001 0.28718750000000004 0.7495 0.18296874999999999 0.7495 0.18296874999999999 0.8063750000000001 0.28718750000000004 0.8063750000000001
1 0.178203125 0.795 0.178203125 0.74 0.102421875 0.74 0.102421875 0.795 0.178203125 0.795
1 0.25875 0.5051249999999999 0.25875 0.440625 0.08351562500000001 0.440625 0.08351562500000001 0.5051249999999999 0.25875 0.5051249999999999
1 0.232734375 0.2815 0.232734375 0.188625 0.077578125 0.188625 0.077578125 0.2815 0.232734375 0.2815
1 0.34640624999999997 0.181125 0.34640624999999997 0.09962499999999999 0.2421875 0.09962499999999999 0.2421875 0.181125 0.34640624999999997 0.181125
1 0.5181250000000001 0.217125 0.5181250000000001 0.094 0.353515625 0.094 0.353515625 0.217125 0.5181250000000001 0.217125
1 0.6720312500000001 0.24937499999999999 0.6720312500000001 0.16399999999999998 0.577265625 0.16399999999999998 0.577265625 0.24937499999999999 0.6720312500000001 0.24937499999999999
1 0.5239843750000001 0.152625 0.5239843750000001 0.266375 0.6116406249999999 0.266375 0.6116406249999999 0.152625 0.5239843750000001 0.152625
1 0.667265625 0.382 0.667265625 0.32325 0.5856250000000001 0.32325 0.5856250000000001 0.382 0.667265625 0.382
1 0.52640625 0.476625 0.52640625 0.399 0.343984375 0.399 0.343984375 0.476625 0.52640625 0.476625
1 0.34640624999999997 0.48612500000000003 0.34640624999999997 0.399 0.2421875 0.399 0.2421875 0.48612500000000003 0.34640624999999997 0.48612500000000003