1 0.0409375 0.00275 0.0409375 0.19975 0.5015625 0.19975 0.5015625 0.00275 0.0409375 0.00275
1 0.279609375 0.02225 0.279609375 0.19975 0.612578125 0.19975 0.612578125 0.02225 0.279609375 0.02225
1 0.3678125 0.114625 0.3678125 0.25325000000000003 0.6703125 0.25325000000000003 0.6703125 0.114625 0.3678125 0.114625
1 0.414921875 0.187625 0.414921875 0.2995 0.73265625 0.2995 0.73265625 0.187625 0.414921875 0.187625
1 0.723515625 0.0465 0.723515625 0.10974999999999999 0.864921875 0.10974999999999999 0.864921875 0.0465 0.723515625 0.0465
1 0.702265625 0.00025 0.702265625 0.061125 0.840625 0.061125 0.840625 0.00025 0.702265625 0.00025
1 0.5836718750000001 0.00275 0.5836718750000001 0.070875 0.72046875 0.070875 0.72046875 0.00275 0.5836718750000001 0.00275
1 0.639921875 0.27999999999999997 0.639921875 0.348125 0.7874218749999999 0.348125 0.7874218749999999 0.27999999999999997 0.639921875 0.27999999999999997
1 0.723828125 0.346125 0.723828125 0.400875 0.8302343750000001 0.400875 0.8302343750000001 0.346125 0.723828125 0.346125
1 0.833984375 0.368375 0.833984375 0.417 0.84921875 0.417 0.84921875 0.368375 0.833984375 0.368375
1 0.8125 0.24275000000000002 0.8125 0.275125 0.8657031249999999 0.275125 0.8657031249999999 0.24275000000000002 0.8125 0.24275000000000002
1 0.82390625 0.21237499999999998 0.82390625 0.259 0.866953125 0.259 0.866953125 0.21237499999999998 0.82390625 0.21237499999999998
1 0.99875 0.66025 0.99875 0.627875 0.951875 0.627875 0.951875 0.66025 0.99875 0.66025