1 0.5337500000000001 0.7993750000000001 0.5337500000000001 0.638625 0.3934375 0.638625 0.3934375 0.7993750000000001 0.5337500000000001 0.7993750000000001
1 0.618671875 0.6953750000000001 0.618671875 0.5872499999999999 0.52078125 0.5872499999999999 0.52078125 0.6953750000000001 0.618671875 0.6953750000000001
1 0.679296875 0.634375 0.679296875 0.54575 0.614296875 0.54575 0.614296875 0.634375 0.679296875 0.634375
1 0.71046875 0.565125 0.71046875 0.5125 0.668046875 0.5125 0.668046875 0.565125 0.71046875 0.565125
1 0.746875 0.5443749999999999 0.746875 0.491625 0.701796875 0.491625 0.701796875 0.5443749999999999 0.746875 0.5443749999999999
1 0.787578125 0.5235000000000001 0.787578125 0.468125 0.735625 0.468125 0.735625 0.5235000000000001 0.787578125 0.5235000000000001
1 0.8048437500000001 0.495875 0.8048437500000001 0.44312500000000005 0.766796875 0.44312500000000005 0.766796875 0.495875 0.8048437500000001 0.495875
1 0.4125 0.986375 0.4125 0.7577499999999999 0.11765624999999999 0.7577499999999999 0.11765624999999999 0.986375 0.4125 0.986375
1 0.18 0.990375 0.18 0.876625 0.0053906250000000005 0.876625 0.0053906250000000005 0.990375 0.18 0.990375
1 0.508671875 0.18575 0.508671875 0.0125 0.17265625 0.0125 0.17265625 0.18575 0.508671875 0.18575
1 0.597890625 0.21349999999999997 0.597890625 0.047125 0.37703125000000004 0.047125 0.37703125000000004 0.21349999999999997 0.597890625 0.21349999999999997
1 0.661171875 0.22599999999999998 0.661171875 0.077625 0.526875 0.077625 0.526875 0.22599999999999998 0.661171875 0.22599999999999998
1 0.713984375 0.20237500000000003 0.713984375 0.108125 0.63859375 0.108125 0.63859375 0.20237500000000003 0.713984375 0.20237500000000003
1 0.742578125 0.2065 0.742578125 0.133125 0.69578125 0.133125 0.69578125 0.2065 0.742578125 0.2065
1 0.77890625 0.205125 0.77890625 0.14837499999999998 0.73046875 0.14837499999999998 0.73046875 0.205125 0.77890625 0.205125
1 0.7737499999999999 0.153875 0.7737499999999999 0.21075 0.79625 0.21075 0.79625 0.153875 0.7737499999999999 0.153875
1 0.8153124999999999 0.219 0.8153124999999999 0.1775 0.795390625 0.1775 0.795390625 0.219 0.8153124999999999 0.219
1 0.81703125 0.171875 0.81703125 0.220375 0.835234375 0.220375 0.835234375 0.171875 0.81703125 0.171875
1 0.86640625 0.232875 0.86640625 0.199625 0.835234375 0.199625 0.835234375 0.232875 0.86640625 0.232875
1 0.720078125 0.01675 0.720078125 0.0735 0.822265625 0.0735 0.822265625 0.01675 0.720078125 0.01675
1 0.7815624999999999 0.00425 0.7815624999999999 0.033375 0.814453125 0.033375 0.814453125 0.00425 0.7815624999999999 0.00425
1 0.8413281250000001 0.048625 0.8413281250000001 0.007000000000000001 0.8135937500000001 0.007000000000000001 0.8135937500000001 0.048625 0.8413281250000001 0.048625
1 0.95734375 0.36875 0.95734375 0.33825 0.918359375 0.33825 0.918359375 0.36875 0.95734375 0.36875
1 0.92875 0.3645 0.92875 0.33399999999999996 0.9002343749999999 0.33399999999999996 0.9002343749999999 0.3645 0.92875 0.3645
1 0.9971875000000001 0.359 0.9971875000000001 0.321625 0.9556250000000001 0.321625 0.9556250000000001 0.359 0.9971875000000001 0.359
1 0.8793749999999999 0.105375 0.8793749999999999 0.034749999999999996 0.7928124999999999 0.034749999999999996 0.7928124999999999 0.105375 0.8793749999999999 0.105375