0 0.51015625 0.7098611109374999 0.51015625 0.5851388890625 0.47320312500000006 0.5851388890625 0.47320312500000006 0.7098611109374999 0.51015625 0.7098611109374999
1 0.153125 0.8645833328125001 0.153125 0.800972221875 0.07648437500000001 0.800972221875 0.07648437500000001 0.8645833328125001 0.153125 0.8645833328125001
1 0.08039062500000001 0.8922222218750001 0.08039062500000001 0.800972221875 0.002421875 0.800972221875 0.002421875 0.8922222218750001 0.08039062500000001 0.8922222218750001
1 0.23890625000000001 0.832222221875 0.23890625000000001 0.76180555625 0.14015625 0.76180555625 0.14015625 0.832222221875 0.23890625000000001 0.832222221875
1 0.23695312500000001 0.6023611109375 0.23695312500000001 0.5458333328125 0.199921875 0.5458333328125 0.199921875 0.6023611109375 0.23695312500000001 0.6023611109375
1 0.201171875 0.5873611109375 0.201171875 0.5226388890625 0.147265625 0.5226388890625 0.147265625 0.5873611109375 0.201171875 0.5873611109375
1 0.155703125 0.573472221875 0.155703125 0.482222221875 0.005 0.482222221875 0.005 0.573472221875 0.155703125 0.573472221875
1 0.04984375 0.077777778125 0.04984375 0.007638889062499999 0.0021874999999999998 0.007638889062499999 0.0021874999999999998 0.077777778125 0.04984375 0.077777778125
1 0.044453124999999996 0.002777778125 0.044453124999999996 0.104722221875 0.18031250000000001 0.104722221875 0.18031250000000001 0.002777778125 0.044453124999999996 0.002777778125
1 0.2453125 0.222222221875 0.2453125 0.1336111109375 0.12453125000000001 0.1336111109375 0.12453125000000001 0.222222221875 0.2453125 0.222222221875
1 0.16734374999999999 0.33375 0.16734374999999999 0.2 0.020624999999999998 0.2 0.020624999999999998 0.33375 0.16734374999999999 0.33375
1 0.165703125 0.27125 0.165703125 0.35694444375 0.205234375 0.35694444375 0.205234375 0.27125 0.165703125 0.27125
1 0.20031249999999998 0.3145833328125 0.20031249999999998 0.38388888906249996 0.240390625 0.38388888906249996 0.240390625 0.3145833328125 0.20031249999999998 0.3145833328125
1 0.23562500000000003 0.1316666671875 0.23562500000000003 0.2054166671875 0.274453125 0.2054166671875 0.274453125 0.1316666671875 0.23562500000000003 0.1316666671875
1 0.182421875 0.08194444375 0.182421875 0.13888888906250002 0.286171875 0.13888888906250002 0.286171875 0.08194444375 0.182421875 0.08194444375
1 0.22296875 0.055416667187500004 0.22296875 0.10916666718750001 0.297890625 0.10916666718750001 0.297890625 0.055416667187500004 0.22296875 0.055416667187500004
1 0.17250000000000001 0.0009722218750000001 0.17250000000000001 0.0570833328125 0.290234375 0.0570833328125 0.290234375 0.0009722218750000001 0.17250000000000001 0.0009722218750000001
1 0.26945312499999996 0.0025 0.26945312499999996 0.040277778125000004 0.3078125 0.040277778125000004 0.3078125 0.0025 0.26945312499999996 0.0025
1 0.269921875 0.0345833328125 0.269921875 0.0891666671875 0.317734375 0.0891666671875 0.317734375 0.0345833328125 0.269921875 0.0345833328125
1 0.29609375 0.020972221875 0.29609375 0.07305555625 0.332578125 0.07305555625 0.332578125 0.020972221875 0.29609375 0.020972221875
1 0.28703124999999996 0.00569444375 0.28703124999999996 0.02180555625 0.321796875 0.02180555625 0.321796875 0.00569444375 0.28703124999999996 0.00569444375
1 0.30375 0.10916666718750001 0.30375 0.14125000000000001 0.35203125 0.14125000000000001 0.35203125 0.10916666718750001 0.30375 0.10916666718750001
1 0.31234375000000003 0.0570833328125 0.31234375000000003 0.10916666718750001 0.34703125 0.10916666718750001 0.34703125 0.0570833328125 0.31234375000000003 0.0570833328125
1 0.27664062500000003 0.08430555625 0.27664062500000003 0.1404166671875 0.3271875 0.1404166671875 0.3271875 0.08430555625 0.27664062500000003 0.08430555625
1 0.328515625 0.1404166671875 0.328515625 0.176527778125 0.340703125 0.176527778125 0.340703125 0.1404166671875 0.328515625 0.1404166671875
1 0.309140625 0.15097222187499998 0.309140625 0.193472221875 0.32359375 0.193472221875 0.32359375 0.15097222187499998 0.309140625 0.15097222187499998
1 0.2946875 0.1148611109375 0.2946875 0.170972221875 0.313671875 0.170972221875 0.313671875 0.1148611109375 0.2946875 0.1148611109375
1 0.320859375 0.1813888890625 0.320859375 0.22944444375 0.33484375 0.22944444375 0.33484375 0.1813888890625 0.320859375 0.1813888890625
1 0.332578125 0.22305555625 0.332578125 0.267222221875 0.345234375 0.267222221875 0.345234375 0.22305555625 0.332578125 0.22305555625
1 0.2803125 0.25194444374999997 0.2803125 0.3008333328125 0.3384375 0.3008333328125 0.3384375 0.25194444374999997 0.2803125 0.25194444374999997
1 0.309609375 0.215 0.309609375 0.25916666718750003 0.325859375 0.25916666718750003 0.325859375 0.215 0.309609375 0.215
1 0.286171875 0.1886111109375 0.286171875 0.24319444375 0.306015625 0.24319444375 0.306015625 0.1886111109375 0.286171875 0.1886111109375
1 0.292421875 0.2351388890625 0.292421875 0.2888888890625 0.3109375 0.2888888890625 0.3109375 0.2351388890625 0.292421875 0.2351388890625
1 0.22749999999999998 0.1973611109375 0.22749999999999998 0.25916666718750003 0.29695312500000004 0.25916666718750003 0.29695312500000004 0.1973611109375 0.22749999999999998 0.1973611109375
1 0.17875000000000002 0.2270833328125 0.17875000000000002 0.2961111109375 0.269921875 0.2961111109375 0.269921875 0.2270833328125 0.17875000000000002 0.2270833328125
1 0.260859375 0.275972221875 0.260859375 0.337777778125 0.293359375 0.337777778125 0.293359375 0.275972221875 0.260859375 0.275972221875
1 0.288828125 0.3233333328125 0.288828125 0.3586111109375 0.306015625 0.3586111109375 0.306015625 0.3233333328125 0.288828125 0.3233333328125
1 0.19953125 0.30013888906249997 0.19953125 0.36180555625 0.27078125000000003 0.36180555625 0.27078125000000003 0.30013888906249997 0.19953125 0.30013888906249997
1 0.25671875 0.342222221875 0.25671875 0.3983333328125 0.28828125 0.3983333328125 0.28828125 0.342222221875 0.25671875 0.342222221875
1 0.286015625 0.37569444375 0.286015625 0.41777777812499994 0.30890625 0.41777777812499994 0.30890625 0.37569444375 0.286015625 0.37569444375
1 0.288828125 0.46458333281249997 0.288828125 0.43222222187500003 0.24460937500000002 0.43222222187500003 0.24460937500000002 0.46458333281249997 0.288828125 0.46458333281249997
1 0.287578125 0.4388888890625 0.287578125 0.48680555625000005 0.305703125 0.48680555625000005 0.305703125 0.4388888890625 0.287578125 0.4388888890625
1 0.285625 0.432777778125 0.285625 0.46125 0.32046874999999997 0.46125 0.32046874999999997 0.432777778125 0.285625 0.432777778125
1 0.31820312500000003 0.4579166671875 0.31820312500000003 0.46569444375 0.321380209375 0.46601851875 0.3245138890625 0.4710956796875 0.31820312500000003 0.473472221875 0.31820312500000003 0.48125 0.3265885421875 0.48125 0.3276475703125 0.47617283906249996 0.33078124999999997 0.48125 0.33078124999999997 0.49694444375 0.34359375000000003 0.49694444375 0.34359375000000003 0.46902777812499996 0.33578125000000003 0.46902777812499996 0.33578125000000003 0.4501388890625 0.34578125000000004 0.43555555625000003 0.34578125000000004 0.397777778125 0.30257812500000003 0.397777778125 0.30257812500000003 0.43555555625000003 0.315112846875 0.455864196875 0.31820312500000003 0.4579166671875
1 0.298203125 0.346527778125 0.298203125 0.3720833328125 0.34578125000000004 0.3720833328125 0.34578125000000004 0.346527778125 0.298203125 0.346527778125
1 0.27875 0.3008333328125 0.27875 0.3498611109375 0.33609374999999997 0.3498611109375 0.33609374999999997 0.3008333328125 0.27875 0.3008333328125
1 0.32578125 0.28861111093749997 0.32578125 0.319722221875 0.362421875 0.319722221875 0.362421875 0.28861111093749997 0.32578125 0.28861111093749997
1 0.33703125 0.2673611109375 0.33703125 0.2963888890625 0.357734375 0.2963888890625 0.357734375 0.2673611109375 0.33703125 0.2673611109375
1 0.32953125 0.17555555625000002 0.32953125 0.22458333281249998 0.35867187500000003 0.22458333281249998 0.35867187500000003 0.17555555625000002 0.32953125 0.17555555625000002
1 0.219140625 0.47736111093750005 0.219140625 0.534722221875 0.266484375 0.534722221875 0.266484375 0.47736111093750005 0.219140625 0.47736111093750005
1 0.263984375 0.5013888890625 0.263984375 0.5476388890624999 0.290234375 0.5476388890624999 0.290234375 0.5013888890625 0.263984375 0.5013888890625
1 0.3040625 0.54430555625 0.3040625 0.5698611109375 0.32156250000000003 0.5698611109375 0.32156250000000003 0.54430555625 0.3040625 0.54430555625
1 0.3175 0.5459722218749999 0.3175 0.58319444375 0.335703125 0.58319444375 0.335703125 0.5459722218749999 0.3175 0.5459722218749999
1 0.330703125 0.560972221875 0.330703125 0.5870833328125 0.34445312499999997 0.5870833328125 0.34445312499999997 0.560972221875 0.330703125 0.560972221875
1 0.34382812500000004 0.571527778125 0.34382812500000004 0.5933333328125 0.35828125 0.5933333328125 0.35828125 0.571527778125 0.34382812500000004 0.571527778125
1 0.340390625 0.46291666718749996 0.340390625 0.4936111109375 0.35539062499999996 0.4936111109375 0.35539062499999996 0.46291666718749996 0.340390625 0.46291666718749996
1 0.3078125 0.36319444375 0.3078125 0.39888888906250003 0.355703125 0.39888888906250003 0.355703125 0.36319444375 0.3078125 0.36319444375
1 0.331015625 0.335972221875 0.331015625 0.367777778125 0.37921875 0.367777778125 0.37921875 0.335972221875 0.331015625 0.335972221875
1 0.27171875 0.795277778125 0.27171875 0.7629166671875 0.24132812499999998 0.7629166671875 0.24132812499999998 0.795277778125 0.27171875 0.795277778125
1 0.289296875 0.7841666671875 0.289296875 0.7495833328125 0.26140625 0.7495833328125 0.26140625 0.7841666671875 0.289296875 0.7841666671875
1 0.30867187500000004 0.773472221875 0.30867187500000004 0.7456944437499999 0.283671875 0.7456944437499999 0.283671875 0.773472221875 0.30867187500000004 0.773472221875
1 0.3209375 0.7601388890624999 0.3209375 0.74069444375 0.308359375 0.74069444375 0.308359375 0.7601388890624999 0.3209375 0.7601388890624999
1 0.31875 0.7323611109375 0.31875 0.75680555625 0.3375 0.75680555625 0.3375 0.7323611109375 0.31875 0.7323611109375
1 0.348515625 0.75125 0.348515625 0.7301388890625 0.3353125 0.7301388890625 0.3353125 0.75125 0.348515625 0.75125
1 0.80703125 0.7233333328125 0.80703125 0.6361111109375 0.64640625 0.6361111109375 0.64640625 0.7233333328125 0.80703125 0.7233333328125
1 0.748515625 0.8023611109375001 0.748515625 0.710972221875 0.65421875 0.710972221875 0.65421875 0.8023611109375001 0.748515625 0.8023611109375001
1 0.984140625 0.8751388890625 0.984140625 0.6811111109375 0.7403906250000001 0.6811111109375 0.7403906250000001 0.8751388890625 0.984140625 0.8751388890625
1 0.998984375 0.8727777781249999 0.998984375 0.6811111109375 0.9141406249999999 0.6811111109375 0.9141406249999999 0.8727777781249999 0.998984375 0.8727777781249999
1 0.831015625 0.01180555625 0.831015625 0.18430555625 0.969765625 0.18430555625 0.969765625 0.01180555625 0.831015625 0.01180555625
1 0.92125 0.3608333328125 0.92125 0.11972222187499999 0.71828125 0.11972222187499999 0.71828125 0.3608333328125 0.92125 0.3608333328125
1 0.900703125 0.45069444374999995 0.900703125 0.305972221875 0.6331249999999999 0.305972221875 0.6331249999999999 0.45069444374999995 0.900703125 0.45069444374999995
1 0.736953125 0.3808333328125 0.736953125 0.272777778125 0.594765625 0.272777778125 0.594765625 0.3808333328125 0.736953125 0.3808333328125
1 0.65046875 0.4636111109375 0.65046875 0.40819444374999997 0.562109375 0.40819444374999997 0.562109375 0.4636111109375 0.65046875 0.4636111109375
1 0.6420312499999999 0.49597222187499995 0.6420312499999999 0.46125 0.549765625 0.46125 0.549765625 0.49597222187499995 0.6420312499999999 0.49597222187499995
1 0.640703125 0.5201388890625 0.640703125 0.48555555625 0.5367968750000001 0.48555555625 0.5367968750000001 0.5201388890625 0.640703125 0.5201388890625
1 0.65890625 0.753472221875 0.65890625 0.69680555625 0.587421875 0.69680555625 0.587421875 0.753472221875 0.65890625 0.753472221875
1 0.5965625 0.7361111109375 0.5965625 0.6900000000000001 0.573828125 0.6900000000000001 0.573828125 0.7361111109375 0.5965625 0.7361111109375
1 0.575078125 0.72805555625 0.575078125 0.6945833328125001 0.556875 0.6945833328125001 0.556875 0.72805555625 0.575078125 0.72805555625
1 0.557578125 0.716527778125 0.557578125 0.6841666671875 0.5452343749999999 0.6841666671875 0.5452343749999999 0.716527778125 0.557578125 0.716527778125
1 0.54390625 0.7141666671875 0.54390625 0.6772222218749999 0.5328906250000001 0.6772222218749999 0.5328906250000001 0.7141666671875 0.54390625 0.7141666671875
1 0.459453125 0.70680555625 0.459453125 0.6936111109375 0.437890625 0.6936111109375 0.437890625 0.70680555625 0.459453125 0.70680555625
1 0.6321875 0.23444444375 0.6321875 0.14930555625 0.54953125 0.14930555625 0.54953125 0.23444444375 0.6321875 0.23444444375
1 0.648203125 0.28791666718750003 0.648203125 0.21888888906249998 0.537578125 0.21888888906249998 0.537578125 0.28791666718750003 0.648203125 0.28791666718750003
1 0.349140625 0.39249999999999996 0.349140625 0.41194444375000006 0.359609375 0.41194444375000006 0.359609375 0.39249999999999996 0.349140625 0.39249999999999996
1 0.33703125 0.48319444375 0.33703125 0.5101388890624999 0.360546875 0.5101388890624999 0.360546875 0.48319444375 0.33703125 0.48319444375
1 0.354296875 0.5779166671875 0.354296875 0.59930555625 0.36390625 0.59930555625 0.36390625 0.5779166671875 0.354296875 0.5779166671875