1 0.6598437500000001 0.532375 0.6598437500000001 0.23112499999999997 0.09375 0.23112499999999997 0.09375 0.532375 0.6598437500000001 0.532375
1 0.722578125 0.504 0.722578125 0.3505 0.655078125 0.3505 0.655078125 0.504 0.722578125 0.504
1 0.784140625 0.5135 0.784140625 0.384625 0.72375 0.384625 0.72375 0.5135 0.784140625 0.5135
1 0.8208593750000001 0.528625 0.8208593750000001 0.41500000000000004 0.767578125 0.41500000000000004 0.767578125 0.528625 0.8208593750000001 0.528625
1 0.841015625 0.53625 0.841015625 0.456625 0.8150000000000001 0.456625 0.8150000000000001 0.53625 0.841015625 0.53625
1 0.8611718749999999 0.538125 0.8611718749999999 0.47175 0.8375 0.47175 0.8375 0.538125 0.8611718749999999 0.538125
1 0.8671093750000001 0.7408750000000001 0.8671093750000001 0.672625 0.843359375 0.672625 0.843359375 0.7408750000000001 0.8671093750000001 0.7408750000000001
1 0.8481249999999999 0.756 0.8481249999999999 0.6916249999999999 0.8196875 0.6916249999999999 0.8196875 0.756 0.8481249999999999 0.756
1 0.8350781250000001 0.793875 0.8350781250000001 0.704875 0.801953125 0.704875 0.801953125 0.793875 0.8350781250000001 0.793875
1 0.803125 0.8470000000000001 0.803125 0.750375 0.72140625 0.750375 0.72140625 0.8470000000000001 0.803125 0.8470000000000001
1 0.762890625 0.960625 0.762890625 0.775 0.58640625 0.775 0.58640625 0.960625 0.762890625 0.960625
1 0.7036718750000001 0.9966250000000001 0.7036718750000001 0.8848750000000001 0.510625 0.8848750000000001 0.510625 0.9966250000000001 0.7036718750000001 0.9966250000000001
1 0.138515625 0.011375 0.138515625 0.13187500000000002 0.733984375 0.13187500000000002 0.733984375 0.011375 0.138515625 0.011375
1 0.6203125 0.05225 0.6203125 0.222875 0.7737499999999999 0.222875 0.7737499999999999 0.05225 0.6203125 0.05225
1 0.688515625 0.14550000000000002 0.688515625 0.279625 0.81640625 0.279625 0.81640625 0.14550000000000002 0.688515625 0.14550000000000002
1 0.829140625 0.357 0.829140625 0.222875 0.70984375 0.222875 0.70984375 0.357 0.829140625 0.357
1 0.8533593749999999 0.368375 0.8533593749999999 0.270625 0.8306250000000001 0.270625 0.8306250000000001 0.368375 0.8533593749999999 0.368375
1 0.9741406250000001 0.67075 0.9741406250000001 0.634375 0.9115624999999999 0.634375 0.9115624999999999 0.67075 0.9741406250000001 0.67075