0 0.31906249999999997 0.6135185187500001 0.31906249999999997 0.39638888906249997 0.23640625 0.39638888906249997 0.23640625 0.6135185187500001 0.31906249999999997 0.6135185187500001
1 0.5286979171875 0.5593518515625 0.5286979171875 0.5510185187500001 0.5038541671875 0.5510185187500001 0.5038541671875 0.5593518515625 0.5286979171875 0.5593518515625
1 0.5295833328125 0.566203703125 0.5295833328125 0.5593518515625 0.5034375 0.5593518515625 0.5034375 0.566203703125 0.5295833328125 0.566203703125
1 0.5222916671875 0.58148148125 0.5222916671875 0.567777778125 0.5042708328125001 0.567777778125 0.5042708328125001 0.58148148125 0.5222916671875 0.58148148125
1 0.5257291671875 0.547222221875 0.5257291671875 0.5373148140625 0.5038541671875 0.5373148140625 0.5038541671875 0.547222221875 0.5257291671875 0.547222221875
1 0.8907291671875001 0.46157407343749995 0.8907291671875001 0.33194444375 0.76796875 0.33194444375 0.76796875 0.46157407343749995 0.8907291671875001 0.46157407343749995
1 0.9981770828125001 0.4251851859375 0.9981770828125001 0.313796296875 0.8843229171875 0.313796296875 0.8843229171875 0.4251851859375 0.9981770828125001 0.4251851859375
1 0.7769270828125 0 0.7769270828125 0.019065256250000003 0.77563091875 0.0213678453125 0.7730729171874999 0.0204629625 0.7208333328125 0.0204629625 0.7208333328125 0.13601851874999998 0.7730729171874999 0.13601851874999998 0.7730729171874999 0.025277778125 0.7769270828125 0.02383156875 0.7769270828125 0.1000925921875 0.985007440625 0.1000925921875 0.9853870734375001 0.09556818125 0.98764136875 0.1000925921875 0.9879450750000001 0.0964730640625 0.990275296875 0.1000925921875 0.9905030781249999 0.097377946875 0.9929092265625 0.1000925921875 0.9930610796874999 0.098282828125 0.9955431546875 0.1000925921875 0.9956190812499999 0.09918771093749999 0.9981770828125001 0.1000925921875 0.9981770828125001 0 0.7769270828125 0
1 0.7304166671875 0.18722222187499998 0.7304166671875 0.20425925937499997 0.77734375 0.20425925937499997 0.77734375 0.0678703703125 0.7091145828125 0.0678703703125 0.7091145828125 0.18722222187499998 0.7304166671875 0.18722222187499998
1 0.7933333328125001 0.31222222187500004 0.7933333328125001 0.24787037031249998 0.7357812499999999 0.24787037031249998 0.7357812499999999 0.31222222187500004 0.7933333328125001 0.31222222187500004
1 0.78015625 0.27138888906249997 0.78015625 0.2241666671875 0.7343229171875 0.2241666671875 0.7343229171875 0.27138888906249997 0.78015625 0.27138888906249997
1 0.7403645828125 0.1724074078125 0.7403645828125 0.23333333281250002 0.7724479171875 0.23333333281250002 0.7724479171875 0.1724074078125 0.7403645828125 0.1724074078125
1 0.7874479171875 0.3559259265625 0.7874479171875 0.2874074078125 0.7377604171875001 0.2874074078125 0.7377604171875001 0.3559259265625 0.7874479171875 0.3559259265625
1 0.7797395828125 0.39398148125 0.7797395828125 0.32999999999999996 0.74546875 0.32999999999999996 0.74546875 0.39398148125 0.7797395828125 0.39398148125
1 0.78359375 0.42138888906250005 0.78359375 0.3703703703125 0.7420312499999999 0.3703703703125 0.7420312499999999 0.42138888906250005 0.78359375 0.42138888906250005
1 0.78359375 0.4731481484375 0.78359375 0.4221296296875 0.7424999999999999 0.4221296296875 0.7424999999999999 0.4731481484375 0.78359375 0.4731481484375
1 0.7369270828125 0.4183333328125 0.7369270828125 0.36805555624999997 0.6872395828125 0.36805555624999997 0.6872395828125 0.4183333328125 0.7369270828125 0.4183333328125
1 0.6859375 0.3315740734375 0.6859375 0.3863888890625 0.7467708328125 0.3863888890625 0.7467708328125 0.3315740734375 0.6859375 0.3315740734375
1 0.7416145828125 0.4511111109375 0.7416145828125 0.4015740734375 0.689375 0.4015740734375 0.689375 0.4511111109375 0.7416145828125 0.4511111109375
1 0.69578125 0.48074074062500005 0.69578125 0.5028703703125 0.7519270828125 0.5028703703125 0.7519270828125 0.46629629687499996 0.7429166671874999 0.46629629687499996 0.7429166671874999 0.432777778125 0.6910937500000001 0.432777778125 0.6910937500000001 0.48074074062500005 0.69578125 0.48074074062500005
1 0.7527604171875 0.531759259375 0.7527604171875 0.5028703703125 0.69578125 0.5028703703125 0.69578125 0.531759259375 0.7527604171875 0.531759259375
1 0.7532291671875 0.6354629625 0.7532291671875 0.581759259375 0.6981770828125 0.581759259375 0.6981770828125 0.6354629625 0.7532291671875 0.6354629625
1 0.8180729171875001 0.6575925921875 0.8180729171875001 0.5691666671875 0.7461458328125 0.5691666671875 0.7461458328125 0.6575925921875 0.8180729171875001 0.6575925921875
1 0.8021354171875 0.7704629625 0.8021354171875 0.700277778125 0.7496875000000001 0.700277778125 0.7496875000000001 0.7704629625 0.8021354171875 0.7704629625
0 0.8880208328125001 0.9965740734375 0.8880208328125001 0.363703703125 0.72171875 0.363703703125 0.72171875 0.9965740734375 0.8880208328125001 0.9965740734375
0 0.9977604171875001 0.9909259265625 0.9977604171875001 0.4149074078125 0.8613541671875 0.4149074078125 0.8613541671875 0.9909259265625 0.9977604171875001 0.9909259265625