0 0.2890625 0.781527778125 0.2890625 0.2461111109375 0.1003125 0.2461111109375 0.1003125 0.781527778125 0.2890625 0.781527778125
1 0.9985156249999999 0.6505555562499999 0.9985156249999999 0.60625 0.9657031249999999 0.60625 0.9657031249999999 0.6505555562499999 0.9985156249999999 0.6505555562499999
1 0.1421875 0.31319444375 0.1421875 0.209027778125 0.042734375000000005 0.209027778125 0.042734375000000005 0.31319444375 0.1421875 0.31319444375
1 0.00546875 0.26430555624999996 0.00546875 0.3416666671875 0.062265625000000005 0.3416666671875 0.062265625000000005 0.26430555624999996 0.00546875 0.26430555624999996
1 0.150234375 0.41430555625 0.150234375 0.332222221875 0.058750000000000004 0.332222221875 0.058750000000000004 0.41430555625 0.150234375 0.41430555625
1 0.00453125 0.34319444374999997 0.00453125 0.42694444374999996 0.08359375 0.42694444374999996 0.08359375 0.34319444374999997 0.00453125 0.34319444374999997
1 0.09867187499999999 0.7711111109375001 0.09867187499999999 0.7095833328125 0.035625000000000004 0.7095833328125 0.035625000000000004 0.7711111109375001 0.09867187499999999 0.7711111109375001
1 0.045390625000000004 0.7695833328125 0.045390625000000004 0.7095833328125 0.00453125 0.7095833328125 0.00453125 0.7695833328125 0.045390625000000004 0.7695833328125
1 0.069453125 0.18930555625 0.069453125 0.103472221875 0.000078125 0.103472221875 0.000078125 0.18930555625 0.069453125 0.18930555625
1 0.016015625 0.0045833328125 0.016015625 0.067777778125 0.09078125000000001 0.067777778125 0.09078125000000001 0.0045833328125 0.016015625 0.0045833328125
1 0.051171875 0.08791666718749999 0.051171875 0.00680555625 0.003046875 0.00680555625 0.003046875 0.08791666718749999 0.051171875 0.08791666718749999
1 0.0684375 0.0034722218749999997 0.0684375 0.062777778125 0.14125000000000001 0.062777778125 0.14125000000000001 0.0034722218749999997 0.0684375 0.0034722218749999997
1 0.30609375 0.2313888890625 0.30609375 0.16472222187500002 0.24757812499999998 0.16472222187500002 0.24757812499999998 0.2313888890625 0.30609375 0.2313888890625
1 0.33859374999999997 0.23194444375 0.33859374999999997 0.1729166671875 0.30789062500000003 0.1729166671875 0.30789062500000003 0.23194444375 0.33859374999999997 0.23194444375
1 0.20617187499999998 0.19069444375 0.20617187499999998 0.250972221875 0.266484375 0.250972221875 0.266484375 0.19069444375 0.20617187499999998 0.19069444375
1 0.201171875 0.2488888890625 0.201171875 0.211527778125 0.158515625 0.211527778125 0.158515625 0.2488888890625 0.201171875 0.2488888890625
1 0.336484375 0.320972221875 0.336484375 0.2651388890625 0.28507812499999996 0.2651388890625 0.28507812499999996 0.320972221875 0.336484375 0.320972221875
1 0.24390625 0.27805555625 0.24390625 0.3291666671875 0.292734375 0.3291666671875 0.292734375 0.27805555625 0.24390625 0.27805555625
1 0.3115625 0.4551388890625 0.3115625 0.4086111109375 0.23914062500000002 0.4086111109375 0.23914062500000002 0.4551388890625 0.3115625 0.4551388890625
1 0.340390625 0.44236111093749997 0.340390625 0.40944444375 0.30953125 0.40944444375 0.30953125 0.44236111093749997 0.340390625 0.44236111093749997
1 0.385625 0.4451388890625 0.385625 0.40208333281249997 0.33625 0.40208333281249997 0.33625 0.4451388890625 0.385625 0.4451388890625
1 0.3434375 0.3236111109375 0.3434375 0.3601388890625 0.38453125 0.3601388890625 0.38453125 0.3236111109375 0.3434375 0.3236111109375
1 0.3075 0.327222221875 0.3075 0.36375 0.356796875 0.36375 0.356796875 0.327222221875 0.3075 0.327222221875
1 0.372265625 0.50625 0.372265625 0.48986111093750007 0.33468749999999997 0.48986111093750007 0.33468749999999997 0.50625 0.372265625 0.50625