1 0.9731249999999999 0.29802083281249997 0.9731249999999999 0.0160416671875 0.613359375 0.0160416671875 0.613359375 0.29802083281249997 0.9731249999999999 0.29802083281249997
1 0.674765625 0.41624999999999995 0.674765625 0.2888541671875 0.280859375 0.2888541671875 0.280859375 0.41624999999999995 0.674765625 0.41624999999999995
1 0.551953125 0.4798958328125 0.551953125 0.3798958328125 0.198984375 0.3798958328125 0.198984375 0.4798958328125 0.551953125 0.4798958328125
1 0.355859375 0.49583333281249997 0.355859375 0.40260416718750003 0.11882812499999999 0.40260416718750003 0.11882812499999999 0.49583333281249997 0.355859375 0.49583333281249997
1 0.14953125 0.21156250000000001 0.14953125 0.1297916671875 0.004609375000000001 0.1297916671875 0.004609375000000001 0.21156250000000001 0.14953125 0.21156250000000001
1 0.13468750000000002 0.0636458328125 0.13468750000000002 0.0144791671875 0.00984375 0.0144791671875 0.00984375 0.0636458328125 0.13468750000000002 0.0636458328125
1 0.128203125 0.38416666718750003 0.128203125 0.3114583328125 0.0053906250000000005 0.3114583328125 0.0053906250000000005 0.38416666718750003 0.128203125 0.38416666718750003
1 0.017812500000000002 0.73625 0.017812500000000002 0.7072916671875 0.00296875 0.7072916671875 0.00296875 0.73625 0.017812500000000002 0.73625
1 0.043437500000000004 0.76125 0.043437500000000004 0.7125 0.007890625 0.7125 0.007890625 0.76125 0.043437500000000004 0.76125
1 0.078984375 0.7796875 0.078984375 0.7178125 0.035546875 0.7178125 0.035546875 0.7796875 0.078984375 0.7796875
1 0.09867187499999999 0.7888541671875 0.09867187499999999 0.7257291671874999 0.067109375 0.7257291671874999 0.067109375 0.7888541671875 0.09867187499999999 0.7888541671875
1 0.145078125 0.8178124999999999 0.145078125 0.7441666671875 0.09671874999999999 0.7441666671875 0.09671874999999999 0.8178124999999999 0.145078125 0.8178124999999999
1 0.22007812499999999 0.8441666671875 0.22007812499999999 0.7402083328125 0.135234375 0.7402083328125 0.135234375 0.8441666671875 0.22007812499999999 0.8441666671875
1 0.36320312499999996 0.8967708328124999 0.36320312499999996 0.7822916671875 0.189453125 0.7822916671875 0.189453125 0.8967708328124999 0.36320312499999996 0.8967708328124999
1 0.410546875 0.9493750000000001 0.410546875 0.8269791671875 0.282265625 0.8269791671875 0.282265625 0.9493750000000001 0.410546875 0.9493750000000001
1 0.9046875 0.9859375 0.9046875 0.8760416671875 0.38882812499999997 0.8760416671875 0.38882812499999997 0.9859375 0.9046875 0.9859375
1 0.9536718750000001 0.4686458328125 0.9536718750000001 0.3455208328125 0.785546875 0.3455208328125 0.785546875 0.4686458328125 0.9536718750000001 0.4686458328125
1 0.5072656249999999 0.5302083328125 0.5072656249999999 0.4717708328125 0.37820312500000003 0.4717708328125 0.37820312500000003 0.5302083328125 0.5072656249999999 0.5302083328125
1 0.5203125 0.6060416671875 0.5203125 0.5665625000000001 0.334375 0.5665625000000001 0.334375 0.6060416671875 0.5203125 0.6060416671875
1 0.79734375 0.5650000000000001 0.79734375 0.5176041671875 0.66359375 0.5176041671875 0.66359375 0.5650000000000001 0.79734375 0.5650000000000001
1 0.9276562500000001 0.5333333328125 0.9276562500000001 0.4922916671875 0.8364843750000001 0.4922916671875 0.8364843750000001 0.5333333328125 0.9276562500000001 0.5333333328125
1 0.646953125 0.568125 0.646953125 0.5222916671875 0.5463281249999999 0.5222916671875 0.5463281249999999 0.568125 0.646953125 0.568125