0 0.2609375 0.680277778125 0.2609375 0.5658333328125 0.20835937499999999 0.5658333328125 0.20835937499999999 0.680277778125 0.2609375 0.680277778125
1 0.680625 0.9908333328125 0.680625 0.85 0.576953125 0.85 0.576953125 0.9908333328125 0.680625 0.9908333328125
1 0.59546875 0.9079166671875001 0.59546875 0.8026388890625 0.514765625 0.8026388890625 0.514765625 0.9079166671875001 0.59546875 0.9079166671875001
1 0.52296875 0.8526388890625001 0.52296875 0.7737499999999999 0.46375 0.7737499999999999 0.46375 0.8526388890625001 0.52296875 0.8526388890625001
1 0.491875 0.768472221875 0.491875 0.73944444375 0.478515625 0.73944444375 0.478515625 0.768472221875 0.491875 0.768472221875
1 0.486640625 0.7723611109374999 0.486640625 0.71319444375 0.4578125 0.71319444375 0.4578125 0.7723611109374999 0.486640625 0.7723611109374999
1 0.46890625 0.76180555625 0.46890625 0.7144444437499999 0.43859375 0.7144444437499999 0.43859375 0.76180555625 0.46890625 0.76180555625
1 0.443046875 0.73944444375 0.443046875 0.6973611109375 0.414921875 0.6973611109375 0.414921875 0.73944444375 0.443046875 0.73944444375
1 0.46820312499999994 0.643472221875 0.46820312499999994 0.5908333328125 0.4459375 0.5908333328125 0.4459375 0.643472221875 0.46820312499999994 0.643472221875
1 0.5021875 0.643472221875 0.5021875 0.5829166671875 0.46671874999999996 0.5829166671875 0.46671874999999996 0.643472221875 0.5021875 0.643472221875
1 0.45335937499999995 0.6487499999999999 0.45335937499999995 0.6091666671875 0.43414062500000006 0.6091666671875 0.43414062500000006 0.6487499999999999 0.45335937499999995 0.6487499999999999
1 0.43562500000000004 0.6408333328125 0.43562500000000004 0.6158333328125 0.42601562499999995 0.6158333328125 0.42601562499999995 0.6408333328125 0.43562500000000004 0.6408333328125
1 0.42523437499999994 0.6473611109374999 0.42523437499999994 0.6158333328125 0.41414062500000004 0.6158333328125 0.41414062500000004 0.6473611109374999 0.42523437499999994 0.6473611109374999
1 0.46375 0.52805555625 0.46375 0.46027777812500004 0.43671875 0.46027777812500004 0.43671875 0.52805555625 0.46375 0.52805555625
1 0.45257812499999994 0.5409722218749999 0.45257812499999994 0.49069444375 0.426875 0.49069444375 0.426875 0.5409722218749999 0.45257812499999994 0.5409722218749999
1 0.435859375 0.558472221875 0.435859375 0.5241666671874999 0.41531250000000003 0.5241666671874999 0.41531250000000003 0.558472221875 0.435859375 0.558472221875
1 0.479609375 0.49749999999999994 0.479609375 0.432777778125 0.45601562500000004 0.432777778125 0.45601562500000004 0.49749999999999994 0.479609375 0.49749999999999994
1 0.623125 0.4576388890625 0.623125 0.3754166671875 0.473046875 0.3754166671875 0.473046875 0.4576388890625 0.623125 0.4576388890625
1 0.727265625 0.43347222187499995 0.727265625 0.27291666718749996 0.501484375 0.27291666718749996 0.501484375 0.43347222187499995 0.727265625 0.43347222187499995
1 0.87625 0.4175 0.87625 0.10819444375000001 0.520703125 0.10819444375000001 0.520703125 0.4175 0.87625 0.4175
1 0.655625 0.000277778125 0.655625 0.11861111093750001 0.790625 0.11861111093750001 0.790625 0.000277778125 0.655625 0.000277778125
1 0.66625 0.1770833328125 0.66625 0.00805555625 0.491328125 0.00805555625 0.491328125 0.1770833328125 0.66625 0.1770833328125
1 0.625390625 0.27180555625 0.625390625 0.150277778125 0.47531249999999997 0.150277778125 0.47531249999999997 0.27180555625 0.625390625 0.27180555625
1 0.588125 0.3129166671875 0.588125 0.2023611109375 0.43890624999999994 0.2023611109375 0.43890624999999994 0.3129166671875 0.588125 0.3129166671875
1 0.5463281249999999 0.4091666671875 0.5463281249999999 0.2986111109375 0.428203125 0.2986111109375 0.428203125 0.4091666671875 0.5463281249999999 0.4091666671875
1 0.5330468749999999 0.0791666671875 0.5330468749999999 0.0033333328125 0.46734375000000006 0.0033333328125 0.46734375000000006 0.0791666671875 0.5330468749999999 0.0791666671875
1 0.55078125 0.16125 0.55078125 0.07125000000000001 0.44070312500000003 0.07125000000000001 0.44070312500000003 0.16125 0.55078125 0.16125
1 0.48328125 0.1076388890625 0.48328125 0.0191666671875 0.41312499999999996 0.0191666671875 0.41312499999999996 0.1076388890625 0.48328125 0.1076388890625
1 0.474453125 0.275 0.474453125 0.17069444375 0.417578125 0.17069444375 0.417578125 0.275 0.474453125 0.275
1 0.150234375 0.7786111109375 0.150234375 0.72180555625 0.088046875 0.72180555625 0.088046875 0.7786111109375 0.150234375 0.7786111109375
1 0.10406249999999999 0.81805555625 0.10406249999999999 0.73125 0.025 0.73125 0.025 0.81805555625 0.10406249999999999 0.81805555625
1 0.0365625 0.8133333328125 0.0365625 0.7533333328125 0.0028125 0.7533333328125 0.0028125 0.8133333328125 0.0365625 0.8133333328125
0 0.431796875 0.73125 0.431796875 0.5623611109375 0.39273437499999997 0.5623611109375 0.39273437499999997 0.73125 0.431796875 0.73125
0 0.401171875 0.7084722218749999 0.401171875 0.58319444375 0.38890625 0.58319444375 0.38890625 0.7084722218749999 0.401171875 0.7084722218749999
0 0.39125 0.585 0.39125 0.70569444375 0.408515625 0.70569444375 0.408515625 0.585 0.39125 0.585