0 0.5695833328125001 0.6684259265625 0.5695833328125001 0.48685185156250005 0.52296875 0.48685185156250005 0.52296875 0.6684259265625 0.5695833328125001 0.6684259265625
0 0.3408854171875 0.5908333328125 0.3408854171875 0.4328703703125 0.2876041671875 0.4328703703125 0.2876041671875 0.5908333328125 0.3408854171875 0.5908333328125
1 0.9976041671875 0.4516666671875 0.9976041671875 0.21101851875 0.8366666671875 0.21101851875 0.8366666671875 0.4516666671875 0.9976041671875 0.4516666671875
1 0.8547916671875001 0.48388888906250005 0.8547916671875001 0.3038888890625 0.7301041671874999 0.3038888890625 0.7301041671874999 0.48388888906250005 0.8547916671875001 0.48388888906250005
1 0.7375520828125001 0.485740740625 0.7375520828125001 0.355 0.6608333328125 0.355 0.6608333328125 0.485740740625 0.7375520828125001 0.485740740625
1 0.6715104171874999 0.476296296875 0.6715104171874999 0.3966666671875 0.6224479171875 0.3966666671875 0.6224479171875 0.476296296875 0.6715104171874999 0.476296296875
1 0.62671875 0.4933333328125 0.62671875 0.40805555625 0.5979687499999999 0.40805555625 0.5979687499999999 0.4933333328125 0.62671875 0.4933333328125
1 0.6021875 0.502777778125 0.6021875 0.44592592656249996 0.5830208328125 0.44592592656249996 0.5830208328125 0.502777778125 0.6021875 0.502777778125
1 0.5872916671875 0.4876851859375 0.5872916671875 0.44592592656249996 0.5584895828125 0.44592592656249996 0.5584895828125 0.4876851859375 0.5872916671875 0.4876851859375
1 0.6245833328125 0.6392592593749999 0.6245833328125 0.5766666671875 0.5894270828125 0.5766666671875 0.5894270828125 0.6392592593749999 0.6245833328125 0.6392592593749999
1 0.745 0.684722221875 0.745 0.5634259265625 0.615 0.5634259265625 0.615 0.684722221875 0.745 0.684722221875
1 0.7034374999999999 0.8609259265625001 0.7034374999999999 0.7718518515625 0.65015625 0.7718518515625 0.65015625 0.8609259265625001 0.7034374999999999 0.8609259265625001
1 0.6757291671875 0.8116666671875 0.6757291671875 0.7131481484375 0.6203125 0.7131481484375 0.6203125 0.8116666671875 0.6757291671875 0.8116666671875
1 0.6363020828125 0.7718518515625 0.6363020828125 0.6923148140625 0.5841145828125 0.6923148140625 0.5841145828125 0.7718518515625 0.6363020828125 0.7718518515625
1 0.7525000000000001 0.99351851875 0.7525000000000001 0.855277778125 0.65125 0.855277778125 0.65125 0.99351851875 0.7525000000000001 0.99351851875
1 0.19828125000000002 0.8703703703125001 0.19828125000000002 0.7263888890625 0.1034375 0.7263888890625 0.1034375 0.8703703703125001 0.19828125000000002 0.8703703703125001
1 0.1545833328125 0.9840740734375 0.1545833328125 0.7946296296875001 0.0000520828125 0.7946296296875001 0.0000520828125 0.9840740734375 0.1545833328125 0.9840740734375
1 0.86546875 0.1295370375 0.86546875 0.0022222218750000003 0.7107291671875 0.0022222218750000003 0.7107291671875 0.1295370375 0.86546875 0.1295370375
1 0.7247916671875 0.23638888906250002 0.7247916671875 0.056759259375 0.6569791671874999 0.056759259375 0.6569791671874999 0.23638888906250002 0.7247916671875 0.23638888906250002
1 0.65828125 0.2796296296875 0.65828125 0.1409259265625 0.6071354171875 0.1409259265625 0.6071354171875 0.2796296296875 0.65828125 0.2796296296875
1 0.595625 0.011296296875 0.595625 0.0863888890625 0.6851041671875 0.0863888890625 0.6851041671875 0.011296296875 0.595625 0.011296296875
1 0.6533854171875 0.1600925921875 0.6533854171875 0.06527777812499999 0.5547916671875 0.06527777812499999 0.5547916671875 0.1600925921875 0.6533854171875 0.1600925921875
1 0.6152083328125 0.33851851875 0.6152083328125 0.23898148125000002 0.57078125 0.23898148125000002 0.57078125 0.33851851875 0.6152083328125 0.33851851875