1 0.309921875 0.5644791671875 0.309921875 0.48239583281250004 0.025703125 0.48239583281250004 0.025703125 0.5644791671875 0.309921875 0.5644791671875
1 0.025703125 0.551875 0.025703125 0.5108333328125 0.00203125 0.5108333328125 0.00203125 0.551875 0.025703125 0.551875
1 0.06476562500000001 0.2660416671875 0.06476562500000001 0.19343749999999998 0.0221875 0.19343749999999998 0.0221875 0.2660416671875 0.06476562500000001 0.2660416671875
1 0.49468750000000006 0.21239583281250002 0.49468750000000006 0.0939583328125 0.315859375 0.0939583328125 0.315859375 0.21239583281250002 0.49468750000000006 0.21239583281250002
1 0.970703125 0.6291666671875 0.970703125 0.5929166671874999 0.8985156249999999 0.5929166671874999 0.8985156249999999 0.6291666671875 0.970703125 0.6291666671875
1 0.9956250000000001 0.7965625000000001 0.9956250000000001 0.7523958328125 0.894921875 0.7523958328125 0.894921875 0.7965625000000001 0.9956250000000001 0.7965625000000001
1 0.890234375 0.7791666671875 0.890234375 0.7396874999999999 0.80140625 0.7396874999999999 0.80140625 0.7791666671875 0.890234375 0.7791666671875
1 0.89375 0.6308333328125 0.89375 0.5865625 0.796640625 0.5865625 0.796640625 0.6308333328125 0.89375 0.6308333328125
1 0.9991406250000001 0.46343750000000006 0.9991406250000001 0.42083333281249996 0.88546875 0.42083333281249996 0.88546875 0.46343750000000006 0.9991406250000001 0.46343750000000006
1 0.987265625 0.2929166671875 0.987265625 0.2060416671875 0.883125 0.2060416671875 0.883125 0.2929166671875 0.987265625 0.2929166671875
1 0.9210156250000001 0.3260416671875 0.9210156250000001 0.2503125 0.794296875 0.2503125 0.794296875 0.3260416671875 0.9210156250000001 0.3260416671875
1 0.7907031250000001 0.3196875 0.7907031250000001 0.2755208328125 0.72203125 0.2755208328125 0.72203125 0.3196875 0.7907031250000001 0.3196875
1 0.718515625 0.34968750000000004 0.718515625 0.3023958328125 0.659296875 0.3023958328125 0.659296875 0.34968750000000004 0.718515625 0.34968750000000004
1 0.714921875 0.1870833328125 0.714921875 0.1365625 0.663984375 0.1365625 0.663984375 0.1870833328125 0.714921875 0.1870833328125
1 0.838125 0.191875 0.838125 0.0970833328125 0.710234375 0.0970833328125 0.710234375 0.191875 0.838125 0.191875
1 0.9221875 0.1603125 0.9221875 0.071875 0.7954687500000001 0.071875 0.7954687500000001 0.1603125 0.9221875 0.1603125
1 0.980234375 0.1223958328125 0.980234375 0.0323958328125 0.89140625 0.0323958328125 0.89140625 0.1223958328125 0.980234375 0.1223958328125
1 0.796640625 0.5203125 0.796640625 0.4413541671875 0.7208593750000001 0.4413541671875 0.7208593750000001 0.5203125 0.796640625 0.5203125
1 0.8878125000000001 0.5076041671875 0.8878125000000001 0.43499999999999994 0.8025781249999999 0.43499999999999994 0.8025781249999999 0.5076041671875 0.8878125000000001 0.5076041671875
1 0.7232031250000001 0.5155208328125 0.7232031250000001 0.45395833281250003 0.649765625 0.45395833281250003 0.649765625 0.5155208328125 0.7232031250000001 0.5155208328125
1 0.791875 0.6403125000000001 0.791875 0.5834374999999999 0.726796875 0.5834374999999999 0.726796875 0.6403125000000001 0.791875 0.6403125000000001
1 0.6521874999999999 0.33708333281249997 0.6521874999999999 0.315 0.60359375 0.315 0.60359375 0.33708333281249997 0.6521874999999999 0.33708333281249997
1 0.602421875 0.34689583281249997 0.602421875 0.3639583328125 0.6066193171875 0.3639583328125 0.6104575890625 0.3594791671875 0.6108167625 0.3639583328125 0.6150142046875 0.3639583328125 0.613671875 0.36906249999999996 0.6297433031249999 0.4169791671875 0.600078125 0.46968750000000004 0.600078125 0.5108333328125 0.647421875 0.5108333328125 0.647421875 0.46968750000000004 0.6313504453125 0.4217708328125 0.6234090906249999 0.3639583328125 0.6485937500000001 0.3639583328125 0.6485937500000001 0.3355208328125 0.602421875 0.3355208328125 0.60402901875 0.3403125 0.602421875 0.3412083328125 0.6056361609375001 0.34510416718750003 0.602421875 0.34689583281249997
1 0.656875 0.1744791671875 0.656875 0.1270833328125 0.6060156250000001 0.1270833328125 0.6060156250000001 0.1744791671875 0.656875 0.1744791671875
1 0.545625 0.2108333328125 0.545625 0.1886458328125 0.50296875 0.1886458328125 0.50296875 0.2108333328125 0.545625 0.2108333328125
1 0.563359375 0.191875 0.563359375 0.1665625 0.504140625 0.1665625 0.504140625 0.191875 0.563359375 0.191875
1 0.5385156249999999 0.6213541671875 0.5385156249999999 0.5960416671875 0.506484375 0.5960416671875 0.506484375 0.6213541671875 0.5385156249999999 0.6213541671875