1 0.65625 0.47862499999999997 0.65625 0.20224999999999999 0.100625 0.20224999999999999 0.100625 0.47862499999999997 0.65625 0.47862499999999997
1 0.73125 0.477 0.73125 0.319125 0.301953125 0.319125 0.301953125 0.477 0.73125 0.477
1 0.727265625 0.353875 0.727265625 0.49124999999999996 0.7875 0.49124999999999996 0.7875 0.353875 0.727265625 0.353875
1 0.814140625 0.49437499999999995 0.814140625 0.40750000000000003 0.76875 0.40750000000000003 0.76875 0.49437499999999995 0.814140625 0.49437499999999995
1 0.841796875 0.500625 0.841796875 0.429625 0.8121875 0.429625 0.8121875 0.500625 0.841796875 0.500625
1 0.8358593750000001 0.44699999999999995 0.8358593750000001 0.499125 0.8585156250000001 0.499125 0.8585156250000001 0.44699999999999995 0.8358593750000001 0.44699999999999995
1 0.7006249999999999 0.9775 0.7006249999999999 0.775375 0.292109375 0.775375 0.292109375 0.9775 0.7006249999999999 0.9775
1 0.706015625 0.9964999999999999 0.706015625 0.8765000000000001 0.11882812499999999 0.8765000000000001 0.11882812499999999 0.9964999999999999 0.706015625 0.9964999999999999
1 0.805625 0.859125 0.805625 0.739125 0.628984375 0.739125 0.628984375 0.859125 0.805625 0.859125
1 0.837265625 0.784875 0.837265625 0.694875 0.6685156250000001 0.694875 0.6685156250000001 0.784875 0.837265625 0.784875
1 0.87671875 0.70275 0.87671875 0.65225 0.813515625 0.65225 0.813515625 0.70275 0.87671875 0.70275
1 0.763203125 0.928625 0.763203125 0.8086249999999999 0.660625 0.8086249999999999 0.660625 0.928625 0.763203125 0.928625
1 0.095625 0.031875 0.095625 0.1705 0.44234375000000004 0.1705 0.44234375000000004 0.031875 0.095625 0.031875
1 0.008984375 0.016 0.008984375 0.14325000000000002 0.328671875 0.14325000000000002 0.328671875 0.016 0.008984375 0.016
1 0.48359375 0.011375 0.48359375 0.104625 0.57734375 0.104625 0.57734375 0.011375 0.48359375 0.011375
1 0.095625 0.368375 0.095625 0.27975 0.00046875 0.27975 0.00046875 0.368375 0.095625 0.368375