1 0.7221875 0.44731481406249995 0.7221875 0.39055555625 0.6278645828125 0.39055555625 0.6278645828125 0.44731481406249995 0.7221875 0.44731481406249995
1 0.7151562499999999 0.3018518515625 0.7151562499999999 0.2533333328125 0.6371875 0.2533333328125 0.6371875 0.3018518515625 0.7151562499999999 0.3018518515625
1 0.7230208328125001 0.21138888906250003 0.7230208328125001 0.15953703749999998 0.6803645828125 0.15953703749999998 0.6803645828125 0.21138888906250003 0.7230208328125001 0.21138888906250003
1 0.72078125 0.6763888890625 0.72078125 0.64444444375 0.6567708328124999 0.64444444375 0.6567708328124999 0.6763888890625 0.72078125 0.6763888890625
1 0.1998958328125 0.937777778125 0.1998958328125 0.8479629624999999 0.057343750000000006 0.8479629624999999 0.057343750000000006 0.937777778125 0.1998958328125 0.937777778125
1 0.2493229171875 0.8699999999999999 0.2493229171875 0.7941666671875 0.0921354171875 0.7941666671875 0.0921354171875 0.8699999999999999 0.2493229171875 0.8699999999999999
1 0.2863541671875 0.8360185187500001 0.2863541671875 0.756203703125 0.17296875 0.756203703125 0.17296875 0.8360185187500001 0.2863541671875 0.8360185187500001
1 0.48119791718749994 0.3515740734375 0.48119791718749994 0.3321296296875 0.45406250000000004 0.3321296296875 0.45406250000000004 0.3515740734375 0.48119791718749994 0.3515740734375
1 0.47807291718749995 0.3873148140625 0.47807291718749995 0.3771296296875 0.4566666671875 0.3771296296875 0.4566666671875 0.3873148140625 0.47807291718749995 0.3873148140625
1 0.48463541718750003 0.43861111093750005 0.48463541718750003 0.4179629625 0.45927083281250003 0.4179629625 0.45927083281250003 0.43861111093750005 0.48463541718750003 0.43861111093750005
1 0.4840104171875 0.46981481406250003 0.4840104171875 0.4591666671875 0.45864583281250004 0.4591666671875 0.45864583281250004 0.46981481406250003 0.4840104171875 0.46981481406250003
1 0.48588541718749995 0.4720370375 0.4885995375 0.4720370375 0.49016493125 0.4689969140625 0.4913136578125 0.4720370375 0.494027778125 0.4720370375 0.49444444374999996 0.474382715625 0.4987239578125 0.47976851875 0.4911979171875 0.49592592656249995 0.4911979171875 0.5099074078125 0.5115624999999999 0.5099074078125 0.5115624999999999 0.49592592656249995 0.500863715625 0.48246141875 0.5021701390625 0.4720370375 0.5103125000000001 0.4720370375 0.5103125000000001 0.4636111109375 0.4885995375 0.4636111109375 0.4880251734375 0.46630401250000003 0.48588541718749995 0.4636111109375 0.48588541718749995 0.4720370375
1 0.45989583281249996 0.49648148125 0.45989583281249996 0.5132407406249999 0.48463541718750003 0.5132407406249999 0.48463541718750003 0.49648148125 0.45989583281249996 0.49648148125
1 0.4580208328125 0.5171296296875 0.4580208328125 0.4970370375 0.43609375000000006 0.4970370375 0.43609375000000006 0.5171296296875 0.4580208328125 0.5171296296875
1 0.41166666718749995 0.4998148140625 0.41166666718749995 0.5171296296875 0.43578124999999995 0.5171296296875 0.43578124999999995 0.4998148140625 0.41166666718749995 0.4998148140625
1 0.40822916718749996 0.5176851859375 0.40822916718749996 0.5009259265625 0.38406250000000003 0.5009259265625 0.38406250000000003 0.5176851859375 0.40822916718749996 0.5176851859375
1 0.3615104171875 0.5026851859375 0.3615104171875 0.5193518515625 0.38406250000000003 0.5193518515625 0.38406250000000003 0.5026851859375 0.3615104171875 0.5026851859375
1 0.3611979171875 0.5215740734375001 0.3611979171875 0.503240740625 0.3383333328125 0.503240740625 0.3383333328125 0.5215740734375001 0.3611979171875 0.5215740734375001
1 0.3630729171875 0.5483333328125 0.3630729171875 0.5343518515625 0.33645833281250004 0.5343518515625 0.33645833281250004 0.5483333328125 0.3630729171875 0.5483333328125
1 0.3615104171875 0.5349074078125 0.3615104171875 0.5488888890625 0.383125 0.5488888890625 0.383125 0.5349074078125 0.3615104171875 0.5349074078125
1 0.40854166718749996 0.5461111109375001 0.40854166718749996 0.5349074078125 0.384375 0.5349074078125 0.384375 0.5461111109375001 0.40854166718749996 0.5461111109375001
1 0.40786458281250004 0.5795370375 0.40786458281250004 0.5661111109375 0.3821875 0.5661111109375 0.3821875 0.5795370375 0.40786458281250004 0.5795370375
1 0.35901041718750004 0.5683333328125 0.35901041718750004 0.57898148125 0.3821875 0.57898148125 0.3821875 0.5683333328125 0.35901041718750004 0.5683333328125
1 0.44921875 0.5917592593750001 0.44921875 0.5772222218749999 0.41541666718750003 0.5772222218749999 0.41541666718750003 0.5917592593750001 0.44921875 0.5917592593750001
1 0.43359375 0.4770370375 0.43359375 0.45861111093750007 0.4107291671875 0.45861111093750007 0.4107291671875 0.4770370375 0.43359375 0.4770370375
1 0.4580208328125 0.474259259375 0.4580208328125 0.45583333281250005 0.43421875 0.45583333281250005 0.43421875 0.474259259375 0.4580208328125 0.474259259375
1 0.43546874999999996 0.41851851875 0.43546874999999996 0.43194444374999996 0.4564583328125 0.43194444374999996 0.4564583328125 0.41851851875 0.43546874999999996 0.41851851875
1 0.43546874999999996 0.43916666718749997 0.43546874999999996 0.41851851875 0.4107291671875 0.41851851875 0.4107291671875 0.43916666718749997 0.43546874999999996 0.43916666718749997
1 0.38 0.41851851875 0.38 0.44138888906249996 0.40854166718749996 0.44138888906249996 0.40854166718749996 0.41851851875 0.38 0.41851851875
1 0.3796875 0.4441666671875 0.3796875 0.420740740625 0.3546354171875 0.420740740625 0.3546354171875 0.4441666671875 0.3796875 0.4441666671875
1 0.3333333328125 0.41962962968750006 0.3333333328125 0.4441666671875 0.3552604171875 0.4441666671875 0.3552604171875 0.41962962968750006 0.3333333328125 0.41962962968750006
1 0.3611979171875 0.479259259375 0.3611979171875 0.4659259265625 0.3373958328125 0.4659259265625 0.3373958328125 0.479259259375 0.3611979171875 0.479259259375
1 0.3605729171875 0.4625 0.3605729171875 0.4798148140625 0.38156249999999997 0.4798148140625 0.38156249999999997 0.4625 0.3605729171875 0.4625
1 0.41166666718749995 0.47648148125 0.41166666718749995 0.4613888890625 0.38406250000000003 0.4613888890625 0.38406250000000003 0.47648148125 0.41166666718749995 0.47648148125
1 0.3305208328125 0.48037037031249996 0.3305208328125 0.4636111109375 0.30640625 0.4636111109375 0.30640625 0.48037037031249996 0.3305208328125 0.48037037031249996
1 0.2866666671875 0.4675925921875 0.2866666671875 0.48037037031249996 0.30640625 0.48037037031249996 0.30640625 0.4675925921875 0.2866666671875 0.4675925921875
1 0.30578125 0.439722221875 0.30578125 0.41851851875 0.2813541671875 0.41851851875 0.2813541671875 0.439722221875 0.30578125 0.439722221875
1 0.30453125000000003 0.4240740734375 0.30453125000000003 0.439722221875 0.3248958328125 0.439722221875 0.3248958328125 0.4240740734375 0.30453125000000003 0.4240740734375
1 0.32645833281250003 0.39851851875 0.32645833281250003 0.37898148125 0.3010416671875 0.37898148125 0.3010416671875 0.39851851875 0.32645833281250003 0.39851851875
1 0.2788020828125 0.37842592656249996 0.2788020828125 0.3990740734375 0.3010416671875 0.3990740734375 0.3010416671875 0.37842592656249996 0.2788020828125 0.37842592656249996
1 0.30890625 0.356759259375 0.30890625 0.3366666671875 0.2813541671875 0.3366666671875 0.2813541671875 0.356759259375 0.30890625 0.356759259375
1 0.30953125 0.3411111109375 0.30953125 0.356759259375 0.3280208328125 0.356759259375 0.3280208328125 0.3411111109375 0.30953125 0.3411111109375
1 0.3280208328125 0.32444444375 0.3280208328125 0.2921296296875 0.30041666718750004 0.2921296296875 0.30041666718750004 0.32444444375 0.3280208328125 0.32444444375
1 0.27848958281249997 0.293796296875 0.27848958281249997 0.32444444375 0.3001041671875 0.32444444375 0.3001041671875 0.293796296875 0.27848958281249997 0.293796296875
1 0.27848958281249997 0.3183333328125 0.27848958281249997 0.293796296875 0.26036458281249997 0.293796296875 0.26036458281249997 0.3183333328125 0.27848958281249997 0.3183333328125
1 0.2794270828125 0.356759259375 0.2794270828125 0.3411111109375 0.26598958281249996 0.3411111109375 0.26598958281249996 0.356759259375 0.2794270828125 0.356759259375
1 0.3277083328125 0.2865740734375 0.3277083328125 0.2559259265625 0.30265624999999996 0.2559259265625 0.30265624999999996 0.2865740734375 0.3277083328125 0.2865740734375
1 0.2803645828125 0.25648148125 0.2803645828125 0.2849074078125 0.30921875 0.2849074078125 0.30921875 0.25648148125 0.2803645828125 0.25648148125
1 0.3527604171875 0.2821296296875 0.3527604171875 0.25259259218749996 0.3277083328125 0.25259259218749996 0.3277083328125 0.2821296296875 0.3527604171875 0.2821296296875
1 0.3558854171875 0.25259259218749996 0.3558854171875 0.27935185156250003 0.3775 0.27935185156250003 0.3775 0.25259259218749996 0.3558854171875 0.25259259218749996
1 0.336362846875 0.313796296875 0.3389725375 0.309124578125 0.33939236093749997 0.313796296875 0.3408522734375 0.3125673390625 0.342421875 0.313796296875 0.3427320078125 0.3160101015625 0.3446117421875 0.3194528625 0.3302083328125 0.3366666671875 0.3302083328125 0.35398148125 0.3540104171875 0.35398148125 0.3540104171875 0.3366666671875 0.3464914765625 0.3228956234375 0.3454513890625 0.313796296875 0.3515104171875 0.313796296875 0.3515104171875 0.298796296875 0.3333333328125 0.298796296875 0.33521306875 0.3022390578125 0.3333333328125 0.303796296875 0.3333333328125 0.313796296875 0.336362846875 0.313796296875
1 0.3577604171875 0.3946296296875 0.3577604171875 0.376203703125 0.3358333328125 0.376203703125 0.3358333328125 0.3946296296875 0.3577604171875 0.3946296296875
1 0.38468749999999996 0.39018518593749996 0.38468749999999996 0.381203703125 0.3574479171875 0.381203703125 0.3574479171875 0.39018518593749996 0.38468749999999996 0.39018518593749996
1 0.383125 0.37898148125 0.383125 0.391296296875 0.40598958281249997 0.391296296875 0.40598958281249997 0.37898148125 0.383125 0.37898148125
1 0.4066145828125 0.356759259375 0.4066145828125 0.335 0.3821875 0.335 0.3821875 0.356759259375 0.4066145828125 0.356759259375
1 0.34901041718750003 0.3333333328125 0.34901041718750003 0.356759259375 0.38093750000000004 0.356759259375 0.38093750000000004 0.3333333328125 0.34901041718750003 0.3333333328125
1 0.379375 0.3121296296875 0.379375 0.29657407343750003 0.3540104171875 0.29657407343750003 0.3540104171875 0.3121296296875 0.379375 0.3121296296875
1 0.379375 0.2999074078125 0.379375 0.3121296296875 0.4028645828125 0.3121296296875 0.4028645828125 0.2999074078125 0.379375 0.2999074078125
1 0.40130208281249996 0.2865740734375 0.40130208281249996 0.2548148140625 0.3728125 0.2548148140625 0.3728125 0.2865740734375 0.40130208281249996 0.2865740734375
1 0.43171875000000004 0.278796296875 0.43171875000000004 0.2553703703125 0.4069270828125 0.2553703703125 0.4069270828125 0.278796296875 0.43171875000000004 0.278796296875
1 0.45677083281249997 0.27768518593749997 0.45677083281249997 0.2520370375 0.42885416718749997 0.2520370375 0.42885416718749997 0.27768518593749997 0.45677083281249997 0.27768518593749997
1 0.4614583328125 0.2498148140625 0.4614583328125 0.27768518593749997 0.47494791718749996 0.27768518593749997 0.47494791718749996 0.2498148140625 0.4614583328125 0.2498148140625
1 0.47838541718750005 0.317777778125 0.47838541718750005 0.293240740625 0.45677083281249997 0.293240740625 0.45677083281249997 0.317777778125 0.47838541718750005 0.317777778125
1 0.43203125 0.293796296875 0.43203125 0.3183333328125 0.4577083328125 0.3183333328125 0.4577083328125 0.293796296875 0.43203125 0.293796296875
1 0.43671875 0.3115740734375 0.43671875 0.2976851859375 0.4091666671875 0.2976851859375 0.4091666671875 0.3115740734375 0.43671875 0.3115740734375
1 0.43265624999999996 0.35 0.43265624999999996 0.3361111109375 0.4066145828125 0.3361111109375 0.4066145828125 0.35 0.43265624999999996 0.35
1 0.43203125 0.3366666671875 0.43203125 0.3483333328125 0.4577083328125 0.3483333328125 0.4577083328125 0.3366666671875 0.43203125 0.3366666671875
1 0.45520833281249995 0.3924074078125 0.45520833281249995 0.376759259375 0.43328125 0.376759259375 0.43328125 0.3924074078125 0.45520833281249995 0.3924074078125
1 0.4028645828125 0.37898148125 0.4028645828125 0.3924074078125 0.43328125 0.3924074078125 0.43328125 0.37898148125 0.4028645828125 0.37898148125
1 0.5156770828125 0.401296296875 0.5156770828125 0.3856481484375 0.4843229171875 0.3856481484375 0.4843229171875 0.401296296875 0.5156770828125 0.401296296875
1 0.5153645828125 0.43861111093750005 0.5153645828125 0.41629629687499997 0.4840104171875 0.41629629687499997 0.4840104171875 0.43861111093750005 0.5153645828125 0.43861111093750005
1 0.4849479171875 0.35398148125 0.4849479171875 0.3673148140625 0.5081249999999999 0.3673148140625 0.5081249999999999 0.35398148125 0.4849479171875 0.35398148125
1 0.5322395828125 0.366203703125 0.5322395828125 0.35 0.51 0.35 0.51 0.366203703125 0.5322395828125 0.366203703125
1 0.5288020828125 0.33555555625 0.5288020828125 0.31555555625 0.5084375 0.31555555625 0.5084375 0.33555555625 0.5288020828125 0.33555555625
1 0.48619791718750005 0.308240740625 0.48619791718750005 0.33555555625 0.5084375 0.33555555625 0.5084375 0.308240740625 0.48619791718750005 0.308240740625
1 0.5071875 0.29601851875 0.5071875 0.28379629687499996 0.4830729171875 0.28379629687499996 0.4830729171875 0.29601851875 0.5071875 0.29601851875
1 0.5071875 0.278796296875 0.5071875 0.29657407343750003 0.5316145828125001 0.29657407343750003 0.5316145828125001 0.278796296875 0.5071875 0.278796296875
1 0.5300520828125 0.2675925921875 0.5300520828125 0.2453703703125 0.5090625 0.2453703703125 0.5090625 0.2675925921875 0.5300520828125 0.2675925921875
1 0.4808854171875 0.24037037031250003 0.4808854171875 0.2765740734375 0.503125 0.2765740734375 0.503125 0.24037037031250003 0.4808854171875 0.24037037031250003
1 0.5042708328125001 0.6211111109375 0.5042708328125001 0.5783333328125 0.44515625 0.5783333328125 0.44515625 0.6211111109375 0.5042708328125001 0.6211111109375
0 0.49921875 0.2768518515625 0.49921875 0.6953703703125 0.635625 0.6953703703125 0.635625 0.2768518515625 0.49921875 0.2768518515625