1 0.8803906250000001 0.4597916671875 0.8803906250000001 0.16739583281249998 0.501015625 0.16739583281249998 0.501015625 0.4597916671875 0.8803906250000001 0.4597916671875
1 0.5545312499999999 0.5411458328125 0.5545312499999999 0.24802083281249998 0.30234375 0.24802083281249998 0.30234375 0.5411458328125 0.5545312499999999 0.5411458328125
1 0.33414062499999997 0.5338541671875 0.33414062499999997 0.3641666671875 0.199453125 0.3641666671875 0.199453125 0.5338541671875 0.33414062499999997 0.5338541671875
1 0.191796875 0.5317708328124999 0.191796875 0.41947916718749995 0.121171875 0.41947916718749995 0.121171875 0.5317708328124999 0.191796875 0.5317708328124999
1 0.13359375 0.5372916671875 0.13359375 0.45968749999999997 0.06296874999999999 0.45968749999999997 0.06296874999999999 0.5372916671875 0.13359375 0.5372916671875
1 0.06085937500000001 0.5580208328125 0.06085937500000001 0.469375 0.030703124999999998 0.469375 0.030703124999999998 0.5580208328125 0.06085937500000001 0.5580208328125
1 0.034921875000000005 0.5594791671875 0.034921875000000005 0.49291666718749994 0.004765625 0.49291666718749994 0.004765625 0.5594791671875 0.034921875000000005 0.5594791671875
1 0.0296875 0.7035416671875 0.0296875 0.6439583328125 0.000625 0.6439583328125 0.000625 0.7035416671875 0.0296875 0.7035416671875
1 0.075390625 0.7090625 0.075390625 0.6397916671874999 0.027578125 0.6397916671874999 0.027578125 0.7090625 0.075390625 0.7090625
1 0.16789062500000002 0.7257291671874999 0.16789062500000002 0.6454166671875 0.06296874999999999 0.6454166671875 0.06296874999999999 0.7257291671874999 0.16789062500000002 0.7257291671874999
1 0.320703125 0.7645833328125 0.320703125 0.6661458328125 0.10968750000000001 0.6661458328125 0.10968750000000001 0.7645833328125 0.320703125 0.7645833328125
1 0.253125 0.9640625 0.253125 0.8643750000000001 0.145078125 0.8643750000000001 0.145078125 0.9640625 0.253125 0.9640625
1 0.22609374999999998 0.9405208328124999 0.22609374999999998 0.8241666671875001 0.08375 0.8241666671875001 0.08375 0.9405208328124999 0.22609374999999998 0.9405208328124999
1 0.175234375 0.9275 0.175234375 0.8171875 0.0234375 0.8171875 0.0234375 0.9275 0.175234375 0.9275
1 0.09953125 0.8577083328124999 0.09953125 0.7828125 0.006015625 0.7828125 0.006015625 0.8577083328124999 0.09953125 0.8577083328124999
1 0.071484375 0.17614583281250001 0.071484375 0.31197916718749996 0.34585937499999997 0.31197916718749996 0.34585937499999997 0.2622916671875 0.47992187499999994 0.2622916671875 0.47992187499999994 0.109375 0.10703125 0.109375 0.10703125 0.17614583281250001 0.071484375 0.17614583281250001
1 0.35726562500000003 0.35625 0.35726562500000003 0.2551041671875 0.031953125 0.2551041671875 0.031953125 0.35625 0.35726562500000003 0.35625
1 0.283515625 0.3909375 0.283515625 0.29812500000000003 0.006015625 0.29812500000000003 0.006015625 0.3909375 0.283515625 0.3909375
1 0.563125 0.2163541671875 0.563125 0.0222916671875 0.20140625 0.0222916671875 0.20140625 0.2163541671875 0.563125 0.2163541671875
1 0.28421875 0.0045833328125 0.28421875 0.1023958328125 0.71671875 0.1023958328125 0.71671875 0.0045833328125 0.28421875 0.0045833328125
1 0.28976562499999997 0.14156249999999998 0.28976562499999997 0.0195833328125 0.033046874999999996 0.0195833328125 0.033046874999999996 0.14156249999999998 0.28976562499999997 0.14156249999999998
1 0.13382812500000002 0.215 0.13382812500000002 0.1110416671875 0.018437500000000002 0.1110416671875 0.018437500000000002 0.215 0.13382812500000002 0.215