1 0.7606770828125 0.5033333328125 0.7606770828125 0.5468518515625 0.8533854171874999 0.5468518515625 0.8533854171874999 0.5033333328125 0.7606770828125 0.5033333328125
1 0.7606770828125 0.4673148140625 0.7606770828125 0.5109259265625 0.8491145828125 0.5109259265625 0.8491145828125 0.4673148140625 0.7606770828125 0.4673148140625
1 0.7564062500000001 0.42944444375 0.7564062500000001 0.4673148140625 0.8416666671874999 0.4673148140625 0.8416666671874999 0.42944444375 0.7564062500000001 0.42944444375
1 0.7575000000000001 0.37444444374999997 0.7575000000000001 0.4218518515625 0.83953125 0.4218518515625 0.83953125 0.37444444374999997 0.7575000000000001 0.37444444374999997
1 0.75109375 0.33851851875 0.75109375 0.38398148125 0.8373958328125 0.38398148125 0.8373958328125 0.33851851875 0.75109375 0.33851851875
1 0.75109375 0.29675925937500003 0.75109375 0.332777778125 0.8310416671875 0.332777778125 0.8310416671875 0.29675925937500003 0.75109375 0.29675925937500003
1 0.7489583328125 0.2721296296875 0.7489583328125 0.30055555625 0.8331250000000001 0.30055555625 0.8331250000000001 0.2721296296875 0.7489583328125 0.2721296296875
1 0.9471875000000001 0.9106481484375 0.9471875000000001 0.7988888890625 0.8544791671875 0.7988888890625 0.8544791671875 0.9106481484375 0.9471875000000001 0.9106481484375
1 0.8864583328125001 0.7950925921875001 0.8864583328125001 0.838703703125 0.9482291671875 0.838703703125 0.9482291671875 0.7950925921875001 0.8864583328125001 0.7950925921875001
1 0.9354687500000001 0.7268518515625 0.9354687500000001 0.6511111109375001 0.8502083328125 0.6511111109375001 0.8502083328125 0.7268518515625 0.9354687500000001 0.7268518515625
1 0.9376041671875001 0.694722221875 0.9376041671875001 0.6018518515625 0.8502083328125 0.6018518515625 0.8502083328125 0.694722221875 0.9376041671875001 0.694722221875
1 0.9354687500000001 0.6321296296875001 0.9354687500000001 0.5563888890625 0.8544791671875 0.5563888890625 0.8544791671875 0.6321296296875001 0.9354687500000001 0.6321296296875001
1 0.934375 0.5772222218749999 0.934375 0.5071296296875001 0.85234375 0.5071296296875001 0.85234375 0.5772222218749999 0.934375 0.5772222218749999
1 0.9333333328125001 0.5109259265625 0.9333333328125001 0.45592592656250003 0.8502083328125 0.45592592656250003 0.8502083328125 0.5109259265625 0.9333333328125001 0.5109259265625
1 0.9311979171875 0.4578703703125 0.9311979171875 0.39148148125 0.8448958328125 0.39148148125 0.8448958328125 0.4578703703125 0.9311979171875 0.4578703703125
1 0.9280208328124999 0.4066666671875 0.9280208328124999 0.332777778125 0.8416666671874999 0.332777778125 0.8416666671874999 0.4066666671875 0.9280208328124999 0.4066666671875
1 0.9237500000000001 0.35361111093750003 0.9237500000000001 0.2759259265625 0.8373958328125 0.2759259265625 0.8373958328125 0.35361111093750003 0.9237500000000001 0.35361111093750003
1 0.9258854171875001 0.2740740734375 0.9258854171875001 0.19638888906250002 0.8619270828125 0.19638888906250002 0.8619270828125 0.2740740734375 0.9258854171875001 0.2740740734375
1 0.9237500000000001 0.2248148140625 0.9237500000000001 0.133796296875 0.88109375 0.133796296875 0.88109375 0.2248148140625 0.9237500000000001 0.2248148140625
1 0.9983333328124999 0.3990740734375 0.9983333328124999 0.30055555625 0.9631770828124999 0.30055555625 0.9631770828124999 0.3990740734375 0.9983333328124999 0.3990740734375
0 0.9983333328124999 0.9978703703124999 0.9983333328124999 0.4370370375 0.9301562499999999 0.4370370375 0.9301562499999999 0.9978703703124999 0.9983333328124999 0.9978703703124999
0 0.28531249999999997 0.613240740625 0.28531249999999997 0.44268518593749995 0.2427083328125 0.44268518593749995 0.2427083328125 0.613240740625 0.28531249999999997 0.613240740625