0 0.35109375 0.22555555625 0.35109375 0.8561111109375 0.600546875 0.8561111109375 0.600546875 0.22555555625 0.35109375 0.22555555625
1 0.591171875 0.752222221875 0.591171875 0.713472221875 0.552265625 0.713472221875 0.552265625 0.752222221875 0.591171875 0.752222221875
1 0.803984375 0.7633333328125 0.803984375 0.7162499999999999 0.71828125 0.7162499999999999 0.71828125 0.7633333328125 0.803984375 0.7633333328125
1 0.7931250000000001 0.706527778125 0.7931250000000001 0.7508333328125001 0.84765625 0.7508333328125001 0.84765625 0.706527778125 0.7931250000000001 0.706527778125
1 0.99671875 0.9949999999999999 0.99671875 0.949027778125 0.829453125 0.949027778125 0.829453125 0.9949999999999999 0.99671875 0.9949999999999999
1 0.8221875000000001 0.5741666671875 0.8221875000000001 0.5375 0.787578125 0.5375 0.787578125 0.5741666671875 0.8221875000000001 0.5741666671875
1 0.7896875 0.5866666671874999 0.7896875 0.54819444375 0.7464062499999999 0.54819444375 0.7464062499999999 0.5866666671874999 0.7896875 0.5866666671874999
1 0.7464062499999999 0.5962500000000001 0.7464062499999999 0.5626388890625 0.7047656250000001 0.5626388890625 0.7047656250000001 0.5962500000000001 0.7464062499999999 0.5962500000000001
1 0.7025781249999999 0.60875 0.7025781249999999 0.5751388890625 0.659296875 0.5751388890625 0.659296875 0.60875 0.7025781249999999 0.60875
1 0.6619531249999999 0.6126388890625 0.6619531249999999 0.58375 0.6251562500000001 0.58375 0.6251562500000001 0.6126388890625 0.6619531249999999 0.6126388890625
1 0.625703125 0.616527778125 0.625703125 0.5933333328125 0.588359375 0.5933333328125 0.588359375 0.616527778125 0.625703125 0.616527778125
0 0.588359375 0.597222221875 0.588359375 0.7213888890625 0.63109375 0.7213888890625 0.63109375 0.597222221875 0.588359375 0.597222221875
0 0.666875 0.716527778125 0.666875 0.60305555625 0.62734375 0.60305555625 0.62734375 0.716527778125 0.666875 0.716527778125
0 0.6619531249999999 0.5933333328125 0.6619531249999999 0.71555555625 0.693359375 0.71555555625 0.693359375 0.5933333328125 0.6619531249999999 0.5933333328125
1 0.7036718750000001 0.7108333328125 0.7036718750000001 0.693472221875 0.68578125 0.693472221875 0.68578125 0.7108333328125 0.7036718750000001 0.7108333328125
1 0.636484375 0.7213888890625 0.636484375 0.6973611109375 0.61375 0.6973611109375 0.61375 0.7213888890625 0.636484375 0.7213888890625
1 0.7275 0.6587500000000001 0.7275 0.62319444375 0.7052343750000001 0.62319444375 0.7052343750000001 0.6587500000000001 0.7275 0.6587500000000001
1 0.823828125 0.49805555625000003 0.823828125 0.45388888906249997 0.7826562499999999 0.45388888906249997 0.7826562499999999 0.49805555625000003 0.823828125 0.49805555625000003
1 0.783203125 0.507777778125 0.783203125 0.475 0.742109375 0.475 0.742109375 0.507777778125 0.783203125 0.507777778125
1 0.743203125 0.520277778125 0.743203125 0.48555555625 0.703125 0.48555555625 0.703125 0.520277778125 0.743203125 0.520277778125
1 0.69765625 0.534722221875 0.69765625 0.49430555624999994 0.65546875 0.49430555624999994 0.65546875 0.534722221875 0.69765625 0.534722221875
1 0.6576562499999999 0.5413888890624999 0.6576562499999999 0.5 0.6203125 0.5 0.6203125 0.5413888890624999 0.6576562499999999 0.5413888890624999
1 0.62734375 0.54819444375 0.62734375 0.51444444375 0.5900000000000001 0.51444444375 0.5900000000000001 0.54819444375 0.62734375 0.54819444375
1 0.633828125 0.48847222187500006 0.633828125 0.44319444375000006 0.5802343750000001 0.44319444375000006 0.5802343750000001 0.48847222187500006 0.633828125 0.48847222187500006
1 0.6625 0.47402777812499997 0.6625 0.43069444375000004 0.614296875 0.43069444375000004 0.614296875 0.47402777812499997 0.6625 0.47402777812499997
1 0.6928124999999999 0.45569444375 0.6928124999999999 0.424027778125 0.651640625 0.424027778125 0.651640625 0.45569444375 0.6928124999999999 0.45569444375
1 0.6928124999999999 0.404722221875 0.6928124999999999 0.43944444374999997 0.735546875 0.43944444374999997 0.735546875 0.404722221875 0.6928124999999999 0.404722221875
1 0.733984375 0.39416666718750004 0.733984375 0.4345833328125 0.773515625 0.4345833328125 0.773515625 0.39416666718750004 0.733984375 0.39416666718750004
1 0.8162499999999999 0.4125 0.8162499999999999 0.38069444375 0.771875 0.38069444375 0.771875 0.4125 0.8162499999999999 0.4125
1 0.8114062499999999 0.3566666671875 0.8114062499999999 0.30180555625 0.77078125 0.30180555625 0.77078125 0.3566666671875 0.8114062499999999 0.3566666671875
1 0.771875 0.3595833328125 0.771875 0.31625000000000003 0.73234375 0.31625000000000003 0.73234375 0.3595833328125 0.771875 0.3595833328125
1 0.73125 0.39027777812500003 0.73125 0.33638888906250003 0.687421875 0.33638888906250003 0.687421875 0.39027777812500003 0.73125 0.39027777812500003
1 0.700390625 0.417222221875 0.700390625 0.3508333328125 0.645703125 0.3508333328125 0.645703125 0.417222221875 0.700390625 0.417222221875
1 0.66734375 0.424027778125 0.66734375 0.3633333328125 0.6153906250000001 0.3633333328125 0.6153906250000001 0.424027778125 0.66734375 0.424027778125
1 0.638671875 0.43361111093750004 0.638671875 0.377777778125 0.586171875 0.377777778125 0.586171875 0.43361111093750004 0.638671875 0.43361111093750004
1 0.63546875 0.3586111109375 0.63546875 0.3123611109375 0.58078125 0.3123611109375 0.58078125 0.3586111109375 0.63546875 0.3586111109375
1 0.670625 0.354722221875 0.670625 0.292222221875 0.614296875 0.292222221875 0.614296875 0.354722221875 0.670625 0.354722221875
1 0.696640625 0.33347222187500003 0.696640625 0.28152777812499996 0.6478906249999999 0.28152777812499996 0.6478906249999999 0.33347222187500003 0.696640625 0.33347222187500003
1 0.731796875 0.3238888890625 0.731796875 0.2661111109375 0.6814843749999999 0.2661111109375 0.6814843749999999 0.3238888890625 0.731796875 0.3238888890625
1 0.7659374999999999 0.3008333328125 0.7659374999999999 0.2508333328125 0.7171875 0.2508333328125 0.7171875 0.3008333328125 0.7659374999999999 0.3008333328125
1 0.768046875 0.22861111093750003 0.768046875 0.3008333328125 0.8038281250000001 0.3008333328125 0.8038281250000001 0.22861111093750003 0.768046875 0.22861111093750003
1 0.8184374999999999 0.2661111109375 0.8184374999999999 0.22861111093750003 0.8038281250000001 0.22861111093750003 0.8038281250000001 0.2661111109375 0.8184374999999999 0.2661111109375
1 0.6478125 0.24125000000000002 0.6478125 0.17194444375 0.5990624999999999 0.17194444375 0.5990624999999999 0.24125000000000002 0.6478125 0.24125000000000002
1 0.68515625 0.21236111093750001 0.68515625 0.145 0.635390625 0.145 0.635390625 0.21236111093750001 0.68515625 0.21236111093750001
1 0.72953125 0.1941666671875 0.72953125 0.13055555624999998 0.669453125 0.13055555624999998 0.669453125 0.1941666671875 0.72953125 0.1941666671875
1 0.75828125 0.170972221875 0.75828125 0.10944444375 0.707890625 0.10944444375 0.707890625 0.170972221875 0.75828125 0.170972221875
1 0.79234375 0.1633333328125 0.79234375 0.09694444375 0.743125 0.09694444375 0.743125 0.1633333328125 0.79234375 0.1633333328125
1 0.8194531250000001 0.10555555624999999 0.8194531250000001 0.08055555625000001 0.783671875 0.08055555625000001 0.783671875 0.10555555624999999 0.8194531250000001 0.10555555624999999
1 0.788046875 0.23930555625 0.788046875 0.1508333328125 0.75171875 0.1508333328125 0.75171875 0.23930555625 0.788046875 0.23930555625
1 0.710078125 0.177777778125 0.710078125 0.23930555625 0.77125 0.23930555625 0.77125 0.177777778125 0.710078125 0.177777778125
1 0.638046875 0.2133333328125 0.638046875 0.288472221875 0.7046875 0.288472221875 0.7046875 0.274027778125 0.7360156250000001 0.274027778125 0.7360156250000001 0.1941666671875 0.67484375 0.1941666671875 0.67484375 0.2133333328125 0.638046875 0.2133333328125
1 0.6657031250000001 0.300972221875 0.6657031250000001 0.2316666671875 0.606640625 0.2316666671875 0.606640625 0.300972221875 0.6657031250000001 0.300972221875
1 0.6359375 0.3095833328125 0.6359375 0.2470833328125 0.57578125 0.2470833328125 0.57578125 0.3095833328125 0.6359375 0.3095833328125
1 0.858984375 0.09375 0.858984375 0.057222221875 0.8221875000000001 0.057222221875 0.8221875000000001 0.09375 0.858984375 0.09375
1 0.8546875 0.0513888890625 0.8546875 0.0783333328125 0.8936718750000001 0.0783333328125 0.8936718750000001 0.0513888890625 0.8546875 0.0513888890625
1 0.9321093749999999 0.058194443750000005 0.9321093749999999 0.017777778124999997 0.889296875 0.017777778124999997 0.889296875 0.058194443750000005 0.9321093749999999 0.058194443750000005
1 0.963515625 0.053055556250000004 0.963515625 0.00680555625 0.92453125 0.00680555625 0.92453125 0.053055556250000004 0.963515625 0.053055556250000004
1 0.9960156250000001 0.03805555625 0.9960156250000001 0.0045833328125 0.96484375 0.0045833328125 0.96484375 0.03805555625 0.9960156250000001 0.03805555625