1 0.950859375 0.47750000000000004 0.950859375 0.1565625 0.546796875 0.1565625 0.546796875 0.47750000000000004 0.950859375 0.47750000000000004
1 0.549765625 0.4597916671875 0.549765625 0.330625 0.351875 0.330625 0.351875 0.4597916671875 0.549765625 0.4597916671875
1 0.357109375 0.5252083328125 0.357109375 0.3810416671875 0.248046875 0.3810416671875 0.248046875 0.5252083328125 0.357109375 0.5252083328125
1 0.25406249999999997 0.5235416671875 0.25406249999999997 0.42552083281249997 0.1696875 0.42552083281249997 0.1696875 0.5235416671875 0.25406249999999997 0.5235416671875
1 0.18640625 0.5425 0.18640625 0.45499999999999996 0.11125 0.45499999999999996 0.11125 0.5425 0.18640625 0.5425
1 0.1221875 0.5470833328125 0.1221875 0.47489583281250003 0.0665625 0.47489583281250003 0.0665625 0.5470833328125 0.1221875 0.5470833328125
1 0.077578125 0.553125 0.077578125 0.49093749999999997 0.041484375000000004 0.49093749999999997 0.041484375000000004 0.553125 0.077578125 0.553125
1 0.046953125 0.5558333328125 0.046953125 0.5083333328124999 0.01390625 0.5083333328124999 0.01390625 0.5558333328125 0.046953125 0.5558333328125
1 0.09812499999999999 0.41947916718749995 0.09812499999999999 0.3633333328125 0.009375 0.3633333328125 0.009375 0.41947916718749995 0.09812499999999999 0.41947916718749995
1 0.11968749999999999 0.4073958328125 0.11968749999999999 0.33125 0.017890625 0.33125 0.017890625 0.4073958328125 0.11968749999999999 0.4073958328125
1 0.22140624999999997 0.3860416671875 0.22140624999999997 0.30583333281249997 0.052968749999999995 0.30583333281249997 0.052968749999999995 0.3860416671875 0.22140624999999997 0.3860416671875
1 0.09078125000000001 0.2107291671875 0.09078125000000001 0.2938541671875 0.173125 0.2938541671875 0.173125 0.2107291671875 0.09078125000000001 0.2107291671875
1 0.595234375 0.364375 0.595234375 0.1508333328125 0.14921875 0.1508333328125 0.14921875 0.364375 0.595234375 0.364375
1 0.21812499999999999 0.0211458328125 0.21812499999999999 0.19468749999999999 0.354296875 0.19468749999999999 0.354296875 0.0211458328125 0.21812499999999999 0.0211458328125
1 0.762890625 0.1867708328125 0.762890625 0.0091666671875 0.34234375 0.0091666671875 0.34234375 0.1867708328125 0.762890625 0.1867708328125
1 0.08492187500000001 0.06302083281250001 0.08492187500000001 0.1428125 0.318359375 0.1428125 0.318359375 0.0051041671875 0.098359375 0.0051041671875 0.098359375 0.06302083281250001 0.08492187500000001 0.06302083281250001
1 0.24656250000000002 0.2345833328125 0.24656250000000002 0.12291666718750001 0.041484375000000004 0.12291666718750001 0.041484375000000004 0.2345833328125 0.24656250000000002 0.2345833328125
1 0.186015625 0.7289583328125 0.186015625 0.6513541671875 0.11640625 0.6513541671875 0.11640625 0.7289583328125 0.186015625 0.7289583328125
1 0.12468749999999999 0.7082291671875 0.12468749999999999 0.6403125000000001 0.07585937499999999 0.6403125000000001 0.07585937499999999 0.7082291671875 0.12468749999999999 0.7082291671875
1 0.093515625 0.6860416671875 0.093515625 0.6319791671874999 0.048828125 0.6319791671874999 0.048828125 0.6860416671875 0.093515625 0.6860416671875
1 0.05609375 0.6845833328125 0.05609375 0.6291666671875 0.0321875 0.6291666671875 0.0321875 0.6845833328125 0.05609375 0.6845833328125
1 0.0384375 0.6790625 0.0384375 0.630625 0.003125 0.630625 0.003125 0.6790625 0.0384375 0.6790625
1 0.028046875 0.8010416671874999 0.028046875 0.7469791671875 0.009375 0.7469791671875 0.009375 0.8010416671874999 0.028046875 0.8010416671874999
1 0.0478125 0.8135416671875 0.0478125 0.7511458328125 0.02078125 0.7511458328125 0.02078125 0.8135416671875 0.0478125 0.8135416671875
1 0.17976562499999998 0.8412499999999999 0.17976562499999998 0.7678125 0.0415625 0.7678125 0.0415625 0.8412499999999999 0.17976562499999998 0.8412499999999999
1 0.177734375 0.8994791671875 0.177734375 0.7955208328125 0.093515625 0.7955208328125 0.093515625 0.8994791671875 0.177734375 0.8994791671875
1 0.2359375 0.9008333328125 0.2359375 0.8177083328125001 0.1278125 0.8177083328125001 0.1278125 0.9008333328125 0.2359375 0.9008333328125
1 0.25671875 0.9867708328125 0.25671875 0.8731249999999999 0.1434375 0.8731249999999999 0.1434375 0.9867708328125 0.25671875 0.9867708328125
1 0.32632812499999997 0.9978125 0.32632812499999997 0.9576041671875 0.2140625 0.9576041671875 0.2140625 0.9978125 0.32632812499999997 0.9978125