1 0.9917187500000001 0.42458333281250005 0.9917187500000001 0.09125 0.598125 0.09125 0.598125 0.42458333281250005 0.9917187500000001 0.42458333281250005
1 0.596640625 0.4884375 0.596640625 0.2848958328125 0.369140625 0.2848958328125 0.369140625 0.4884375 0.596640625 0.4884375
1 0.372109375 0.5283333328125 0.372109375 0.38468749999999996 0.244921875 0.38468749999999996 0.244921875 0.5283333328125 0.372109375 0.5283333328125
1 0.38406250000000003 0.37666666718749997 0.38406250000000003 0.2569791671875 0.170078125 0.2569791671875 0.170078125 0.37666666718749997 0.38406250000000003 0.37666666718749997
1 0.291328125 0.4485416671875 0.291328125 0.3546875 0.08625000000000001 0.3546875 0.08625000000000001 0.4485416671875 0.291328125 0.4485416671875
1 0.24562499999999998 0.4810416671875 0.24562499999999998 0.40895833281250005 0.069921875 0.40895833281250005 0.069921875 0.4810416671875 0.24562499999999998 0.4810416671875
1 0.091796875 0.4810416671875 0.091796875 0.4421875 0.03671875 0.4421875 0.03671875 0.4810416671875 0.091796875 0.4810416671875
1 0.10218750000000001 0.000625 0.10218750000000001 0.0872916671875 0.41140625000000003 0.0872916671875 0.41140625000000003 0.000625 0.10218750000000001 0.000625
1 0.258984375 0.1738541671875 0.258984375 0.0745833328125 0.071015625 0.0745833328125 0.071015625 0.1738541671875 0.258984375 0.1738541671875
1 0.10390625 0.08499999999999999 0.10390625 0.0330208328125 0.00953125 0.0330208328125 0.00953125 0.08499999999999999 0.10390625 0.08499999999999999
1 0.094375 0.13229166718750002 0.094375 0.076875 0.0017187500000000002 0.076875 0.0017187500000000002 0.13229166718750002 0.094375 0.13229166718750002
1 0.1134375 0.228125 0.1134375 0.1888541671875 0.0008593750000000001 0.1888541671875 0.0008593750000000001 0.228125 0.1134375 0.228125
1 0.082734375 0.3977083328125 0.082734375 0.3514583328125 0.003046875 0.3514583328125 0.003046875 0.3977083328125 0.082734375 0.3977083328125
1 0.44125 0.9868750000000001 0.44125 0.8191666671875 0.23859375 0.8191666671875 0.23859375 0.9868750000000001 0.44125 0.9868750000000001
1 0.41218750000000004 0.9965624999999999 0.41218750000000004 0.8926041671875 0.23960937499999999 0.8926041671875 0.23960937499999999 0.9965624999999999 0.41218750000000004 0.9965624999999999
1 0.29578125 0.871875 0.29578125 0.7872916671875 0.11382812499999999 0.7872916671875 0.11382812499999999 0.871875 0.29578125 0.871875
1 0.12875 0.8338541671874999 0.12875 0.7625 0.09031249999999999 0.7625 0.09031249999999999 0.8338541671874999 0.12875 0.8338541671874999
1 0.140234375 0.7969791671875 0.140234375 0.7423958328125 0.059609375 0.7423958328125 0.059609375 0.7969791671875 0.140234375 0.7969791671875
1 0.12335937500000001 0.765625 0.12335937500000001 0.7191666671875 0.039765625 0.7191666671875 0.039765625 0.765625 0.12335937500000001 0.765625