1 0.791875 0.64275 0.791875 0.61225 0.7399218750000001 0.61225 0.7399218750000001 0.64275 0.791875 0.64275
1 0.7424999999999999 0.63575 0.7424999999999999 0.601125 0.68796875 0.601125 0.68796875 0.63575 0.7424999999999999 0.63575
1 0.819609375 0.64825 0.819609375 0.61775 0.789296875 0.61775 0.789296875 0.64825 0.819609375 0.64825
1 0.64640625 0.735625 0.64640625 0.68575 0.569296875 0.68575 0.569296875 0.735625 0.64640625 0.735625
1 0.6290625000000001 0.7618750000000001 0.6290625000000001 0.716125 0.5510937499999999 0.716125 0.5510937499999999 0.7618750000000001 0.6290625000000001 0.7618750000000001
1 0.5701562499999999 0.77025 0.5701562499999999 0.70375 0.49828124999999995 0.70375 0.49828124999999995 0.77025 0.5701562499999999 0.77025
1 0.5357031250000001 0.9914999999999999 0.5357031250000001 0.89175 0.45218749999999996 0.89175 0.45218749999999996 0.9914999999999999 0.5357031250000001 0.9914999999999999
1 0.5992968750000001 0.851875 0.5992968750000001 0.75 0.482109375 0.75 0.482109375 0.851875 0.5992968750000001 0.851875
1 0.569375 0.89975 0.569375 0.8398749999999999 0.480859375 0.8398749999999999 0.480859375 0.89975 0.569375 0.89975
1 0.9934375 0.34900000000000003 0.9934375 0.29700000000000004 0.93234375 0.29700000000000004 0.93234375 0.34900000000000003 0.9934375 0.34900000000000003
1 0.9921875 0.472625 0.9921875 0.42074999999999996 0.92609375 0.42074999999999996 0.92609375 0.472625 0.9921875 0.472625
1 0.9959374999999999 0.67825 0.9959374999999999 0.64025 0.94109375 0.64025 0.94109375 0.67825 0.9959374999999999 0.67825
0 0.79015625 0.33375 0.79015625 0.69675 0.9252343749999999 0.69675 0.9252343749999999 0.33375 0.79015625 0.33375