0 0.42359375000000005 0.385 0.42359375000000005 0.5845370375 0.50703125 0.5845370375 0.50703125 0.385 0.42359375000000005 0.385
1 0.5359895828125001 0.5774074078125 0.5359895828125001 0.5509259265625001 0.5003645828125001 0.5509259265625001 0.5003645828125001 0.5774074078125 0.5359895828125001 0.5774074078125
1 0.44348958281249995 0.6070370375 0.44348958281249995 0.583796296875 0.4033333328125 0.583796296875 0.4033333328125 0.6070370375 0.44348958281249995 0.6070370375
1 0.7944791671875 0.9513888890625 0.7944791671875 0.757777778125 0.7102604171875 0.757777778125 0.7102604171875 0.9513888890625 0.7944791671875 0.9513888890625
1 0.9920312499999999 0.997222221875 0.9920312499999999 0.8356481484374999 0.7866145828125 0.8356481484374999 0.7866145828125 0.997222221875 0.9920312499999999 0.997222221875
1 0.7596875 0.0075 0.7596875 0.2788888890625 0.9954166671875001 0.2788888890625 0.9954166671875001 0.0075 0.7596875 0.0075
1 0.94265625 0.332777778125 0.94265625 0.19703703749999998 0.7046875 0.19703703749999998 0.7046875 0.332777778125 0.94265625 0.332777778125
1 0.9111979171875 0.3746296296875 0.9111979171875 0.2788888890625 0.6519270828125 0.2788888890625 0.6519270828125 0.3746296296875 0.9111979171875 0.3746296296875
1 0.6584895828125 0.40870370312500004 0.6584895828125 0.342222221875 0.60859375 0.342222221875 0.60859375 0.40870370312500004 0.6584895828125 0.40870370312500004
1 0.7294270828125 0.809259259375 0.7294270828125 0.7052777781249999 0.6655208328125 0.7052777781249999 0.6655208328125 0.809259259375 0.7294270828125 0.809259259375
1 0.6732812499999999 0.748240740625 0.6732812499999999 0.663703703125 0.6390104171875 0.663703703125 0.6390104171875 0.748240740625 0.6732812499999999 0.748240740625
1 0.6663020828125 0.69694444375 0.6663020828125 0.6415740734375001 0.6171875 0.6415740734375001 0.6171875 0.69694444375 0.6663020828125 0.69694444375
1 0.5813020828125001 0.6083333328125 0.5813020828125001 0.5722222218749999 0.5547916671875 0.5722222218749999 0.5547916671875 0.6083333328125 0.5813020828125001 0.6083333328125
1 0.049062499999999995 0.8945370374999999 0.049062499999999995 0.7831481484375 0.0041666671875 0.7831481484375 0.0041666671875 0.8945370374999999 0.049062499999999995 0.8945370374999999
1 0.1454166671875 0.8429629625 0.1454166671875 0.7299074078125 0.060312500000000005 0.7299074078125 0.060312500000000005 0.8429629625 0.1454166671875 0.8429629625
1 0.20249999999999999 0.7831481484375 0.20249999999999999 0.6950000000000001 0.1369791671875 0.6950000000000001 0.1369791671875 0.7831481484375 0.20249999999999999 0.7831481484375
1 0.2483333328125 0.7465740734375 0.2483333328125 0.675 0.1875 0.675 0.1875 0.7465740734375 0.2483333328125 0.7465740734375
1 0.2803125 0.7036111109375 0.2803125 0.64351851875 0.2458854171875 0.64351851875 0.2458854171875 0.7036111109375 0.2803125 0.7036111109375
1 0.30822916718750004 0.674722221875 0.30822916718750004 0.62851851875 0.2796354171875 0.62851851875 0.2796354171875 0.674722221875 0.30822916718750004 0.674722221875
1 0.3283854171875 0.671296296875 0.3283854171875 0.6158333328125 0.2997916671875 0.6158333328125 0.2997916671875 0.671296296875 0.3283854171875 0.671296296875
1 0.35046875 0.6424074078124999 0.35046875 0.60194444375 0.32578125 0.60194444375 0.32578125 0.6424074078124999 0.35046875 0.6424074078124999
1 0.36203124999999997 0.6306481484375001 0.36203124999999997 0.60055555625 0.3458854171875 0.60055555625 0.3458854171875 0.6306481484375001 0.36203124999999997 0.6306481484375001
1 0.3740625 0.613240740625 0.3740625 0.5912037031249999 0.3597916671875 0.5912037031249999 0.3597916671875 0.613240740625 0.3740625 0.613240740625
1 0.3808333328125 0.613240740625 0.3808333328125 0.5804629625 0.3654166671875 0.5804629625 0.3654166671875 0.613240740625 0.3808333328125 0.613240740625
1 0.38609375 0.60055555625 0.38609375 0.5785185187499999 0.37145833281249996 0.5785185187499999 0.37145833281249996 0.60055555625 0.38609375 0.60055555625
1 0.39625 0.5958333328125 0.39625 0.5791666671875 0.3827083328125 0.5791666671875 0.3827083328125 0.5958333328125 0.39625 0.5958333328125
1 0.4022916671875 0.5918518515625 0.4022916671875 0.5704629625 0.3936458328125 0.5704629625 0.3936458328125 0.5918518515625 0.4022916671875 0.5918518515625
1 0.40151041718749997 0.5176851859375 0.40151041718749997 0.4956481484375 0.39249999999999996 0.4956481484375 0.39249999999999996 0.5176851859375 0.40151041718749997 0.5176851859375
1 0.38421875 0.498240740625 0.38421875 0.5196296296875 0.39249999999999996 0.5196296296875 0.39249999999999996 0.498240740625 0.38421875 0.498240740625
1 0.38421875 0.5276851859375 0.38421875 0.498240740625 0.37859375 0.498240740625 0.37859375 0.5276851859375 0.38421875 0.5276851859375
1 0.3706770828125 0.49490740781250003 0.3706770828125 0.523703703125 0.3789583328125 0.523703703125 0.3789583328125 0.49490740781250003 0.3706770828125 0.49490740781250003
1 0.36921875000000004 0.5203703703125 0.36921875000000004 0.500277778125 0.3586979171875 0.500277778125 0.3586979171875 0.5203703703125 0.36921875000000004 0.5203703703125
1 0.3466666671875 0.49490740781250003 0.3466666671875 0.5216666671875 0.3594270828125 0.5216666671875 0.3594270828125 0.49490740781250003 0.3466666671875 0.49490740781250003
1 0.3466666671875 0.5310185187500001 0.3466666671875 0.49490740781250003 0.3270833328125 0.49490740781250003 0.3270833328125 0.5310185187500001 0.3466666671875 0.5310185187500001
1 0.3038020828125 0.49296296249999993 0.3038020828125 0.5310185187500001 0.3270833328125 0.5310185187500001 0.3270833328125 0.49296296249999993 0.3038020828125 0.49296296249999993
1 0.3033854171875 0.533703703125 0.3033854171875 0.49296296249999993 0.2819791671875 0.49296296249999993 0.2819791671875 0.533703703125 0.3033854171875 0.533703703125
1 0.2504166671875 0.4875925921875 0.2504166671875 0.533703703125 0.28234375 0.533703703125 0.28234375 0.4875925921875 0.2504166671875 0.4875925921875
1 0.24703124999999998 0.5343518515625 0.24703124999999998 0.49296296249999993 0.1973958328125 0.49296296249999993 0.1973958328125 0.5343518515625 0.24703124999999998 0.5343518515625
1 0.140625 0.4766666671875 0.140625 0.5459259265624999 0.19973958281249998 0.5459259265624999 0.19973958281249998 0.4766666671875 0.140625 0.4766666671875
1 0.14125000000000001 0.567222221875 0.14125000000000001 0.4766666671875 0.041510417187499996 0.4766666671875 0.041510417187499996 0.567222221875 0.14125000000000001 0.567222221875
1 0.00375 0.326759259375 0.00375 0.3906481484375 0.0441666671875 0.3906481484375 0.0441666671875 0.326759259375 0.00375 0.326759259375
1 0.14109375 0.330740740625 0.14109375 0.1976851859375 0.048333332812500004 0.1976851859375 0.048333332812500004 0.330740740625 0.14109375 0.330740740625
1 0.141875 0.2484259265625 0.141875 0.34175925937499996 0.20197916718750003 0.34175925937499996 0.20197916718750003 0.2484259265625 0.141875 0.2484259265625
1 0.2414583328125 0.368703703125 0.2414583328125 0.2821296296875 0.1981770828125 0.2821296296875 0.1981770828125 0.368703703125 0.2414583328125 0.368703703125
1 0.27989583281249997 0.39953703749999997 0.27989583281249997 0.3321296296875 0.19328125000000002 0.3321296296875 0.19328125000000002 0.39953703749999997 0.27989583281249997 0.39953703749999997
1 0.30807291718749996 0.40240740781250006 0.30807291718749996 0.355277778125 0.27718750000000003 0.355277778125 0.27718750000000003 0.40240740781250006 0.30807291718749996 0.40240740781250006
1 0.3243229171875 0.40046296249999996 0.3243229171875 0.3754629625 0.3015625 0.3754629625 0.3015625 0.40046296249999996 0.3243229171875 0.40046296249999996
1 0.3215104171875 0.3670370375 0.3215104171875 0.3890740734375 0.3406770828125 0.3890740734375 0.3406770828125 0.3670370375 0.3215104171875 0.3670370375
1 0.3421354171875 0.42055555624999996 0.3421354171875 0.38444444375 0.3244791671875 0.38444444375 0.3244791671875 0.42055555624999996 0.3421354171875 0.42055555624999996
1 0.3586979171875 0.4278703703125 0.3586979171875 0.3904629625 0.3440625 0.3904629625 0.3440625 0.4278703703125 0.3586979171875 0.4278703703125
1 0.36921875000000004 0.4299074078125 0.36921875000000004 0.40046296249999996 0.3575520828125 0.40046296249999996 0.3575520828125 0.4299074078125 0.36921875000000004 0.4299074078125
1 0.368125 0.4058333328125 0.368125 0.4365740734375 0.379375 0.4365740734375 0.379375 0.4058333328125 0.368125 0.4058333328125
1 0.3767708328125 0.4171296296875 0.3767708328125 0.44194444375 0.38875000000000004 0.44194444375 0.38875000000000004 0.4171296296875 0.3767708328125 0.4171296296875
1 0.3594791671875 0.34027777812500004 0.3594791671875 0.363703703125 0.3966666671875 0.363703703125 0.3966666671875 0.34027777812500004 0.3594791671875 0.34027777812500004
1 0.3846354171875 0.3229629625 0.3846354171875 0.34898148125 0.3929166671875 0.34898148125 0.3929166671875 0.3229629625 0.3846354171875 0.3229629625
1 0.375625 0.3115740734375 0.375625 0.34101851875 0.38578125 0.34101851875 0.38578125 0.3115740734375 0.375625 0.3115740734375
1 0.36546875 0.306203703125 0.36546875 0.33166666718750004 0.375625 0.33166666718750004 0.375625 0.306203703125 0.36546875 0.306203703125
1 0.30041666718750004 0.28481481406250003 0.30041666718750004 0.31962962968749997 0.3666145828125 0.31962962968749997 0.3666145828125 0.28481481406250003 0.30041666718750004 0.28481481406250003
1 0.3406770828125 0.26277777812499997 0.3406770828125 0.2968518515625 0.3530729171875 0.2968518515625 0.3530729171875 0.26277777812499997 0.3406770828125 0.26277777812499997
1 0.29515625 0.236759259375 0.29515625 0.2875 0.34328125 0.2875 0.34328125 0.236759259375 0.29515625 0.236759259375
1 0.3203645828125 0.2173148140625 0.3203645828125 0.26277777812499997 0.3436458328125 0.26277777812499997 0.3436458328125 0.2173148140625 0.3203645828125 0.2173148140625
1 0.35494791718749996 0.2888888890625 0.35494791718749996 0.2521296296875 0.3410416671875 0.2521296296875 0.3410416671875 0.2888888890625 0.35494791718749996 0.2888888890625
1 0.3500520828125 0.26212962968750003 0.3500520828125 0.29555555624999996 0.3703645828125 0.29555555624999996 0.3703645828125 0.26212962968750003 0.3500520828125 0.26212962968750003
1 0.20296875 0.15129629687499999 0.20296875 0.21370370312500003 0.3308333328125 0.21370370312500003 0.3308333328125 0.15129629687499999 0.20296875 0.15129629687499999
1 0.29140625 0.16944444375 0.29140625 0.062777778125 0.1129166671875 0.062777778125 0.1129166671875 0.16944444375 0.29140625 0.16944444375
1 0.0513541671875 0.0003703703125 0.0513541671875 0.0849074078125 0.25166666718749997 0.0849074078125 0.25166666718749997 0.0003703703125 0.0513541671875 0.0003703703125
1 0.34265625 0.0843518515625 0.34265625 0.03305555625 0.25921875 0.03305555625 0.25921875 0.0843518515625 0.34265625 0.0843518515625
1 0.29578125 0.06833333281250001 0.29578125 0.12046296249999999 0.3539583328125 0.12046296249999999 0.3539583328125 0.06833333281250001 0.29578125 0.06833333281250001
1 0.3129166671875 0.1124074078125 0.3129166671875 0.14851851875 0.3611979171875 0.14851851875 0.3611979171875 0.1124074078125 0.3129166671875 0.1124074078125
1 0.37244791718750003 0.2118518515625 0.37244791718750003 0.17898148125 0.343125 0.17898148125 0.343125 0.2118518515625 0.37244791718750003 0.2118518515625
1 0.3575520828125 0.2054629625 0.3575520828125 0.2399074078125 0.3828125 0.2399074078125 0.3828125 0.2054629625 0.3575520828125 0.2054629625
1 0.3801041671875 0.21749999999999997 0.3801041671875 0.2479629625 0.3895833328125 0.2479629625 0.3895833328125 0.21749999999999997 0.3801041671875 0.21749999999999997
1 0.35890625 0.2423148140625 0.35890625 0.27203703749999997 0.40401041718749997 0.27203703749999997 0.40401041718749997 0.2423148140625 0.35890625 0.2423148140625
1 0.34989583281250003 0.13805555625000002 0.34989583281250003 0.1774074078125 0.3981770828125 0.1774074078125 0.3981770828125 0.13805555625000002 0.34989583281250003 0.13805555625000002
1 0.3692708328125 0.11000000000000001 0.3692708328125 0.1421296296875 0.3936458328125 0.1421296296875 0.3936458328125 0.11000000000000001 0.3692708328125 0.11000000000000001
1 0.7196354171875 0.1254629625 0.7196354171875 0.025 0.6059375 0.025 0.6059375 0.1254629625 0.7196354171875 0.1254629625
1 0.7223958328125 0.1774074078125 0.7223958328125 0.1020370375 0.5916145828125 0.1020370375 0.5916145828125 0.1774074078125 0.7223958328125 0.1774074078125
1 0.6836458328125 0.2190740734375 0.6836458328125 0.15972222187500001 0.584375 0.15972222187500001 0.584375 0.2190740734375 0.6836458328125 0.2190740734375
1 0.6403125000000001 0.24472222187499998 0.6403125000000001 0.19583333281249998 0.5740104171875 0.19583333281249998 0.5740104171875 0.24472222187499998 0.6403125000000001 0.24472222187499998
1 0.6292708328125001 0.26601851875000004 0.6292708328125001 0.22981481406249998 0.5669270828124999 0.22981481406249998 0.5669270828124999 0.26601851875000004 0.6292708328125001 0.26601851875000004
1 0.61953125 0.293240740625 0.61953125 0.2575925921875 0.5599999999999999 0.2575925921875 0.5599999999999999 0.293240740625 0.61953125 0.293240740625
1 0.7554166671875 0.48879629687500004 0.7554166671875 0.46555555625 0.7391666671875 0.46555555625 0.7391666671875 0.48879629687500004 0.7554166671875 0.48879629687500004
1 0.7554166671875 0.46555555625 0.7554166671875 0.48805555624999997 0.76890625 0.48805555624999997 0.76890625 0.46555555625 0.7554166671875 0.46555555625
1 0.8171875 0.4863888890625 0.8171875 0.46074074062500003 0.8005208328125001 0.46074074062500003 0.8005208328125001 0.4863888890625 0.8171875 0.4863888890625
1 0.8722395828125 0.483240740625 0.8722395828125 0.4471296296875 0.8356770828125001 0.4471296296875 0.8356770828125001 0.483240740625 0.8722395828125 0.483240740625