1 0.778515625 0.6426388890625 0.778515625 0.6220833328125 0.754140625 0.6220833328125 0.754140625 0.6426388890625 0.778515625 0.6426388890625
1 0.754140625 0.6426388890625 0.754140625 0.6236111109375 0.735234375 0.6236111109375 0.735234375 0.6426388890625 0.754140625 0.6426388890625
1 0.737421875 0.685972221875 0.737421875 0.65319444375 0.68515625 0.65319444375 0.68515625 0.685972221875 0.737421875 0.685972221875
1 0.6830468749999999 0.6981944437500001 0.6830468749999999 0.6669444437500001 0.58796875 0.6669444437500001 0.58796875 0.6981944437500001 0.6830468749999999 0.6981944437500001
1 0.47890625 0.79375 0.47890625 0.737222221875 0.35085937500000003 0.737222221875 0.35085937500000003 0.79375 0.47890625 0.79375
1 0.5425 0.76875 0.5425 0.7213888890625 0.48187499999999994 0.7213888890625 0.48187499999999994 0.76875 0.5425 0.76875
1 0.34562499999999996 0.7925 0.34562499999999996 0.74375 0.24203125 0.74375 0.24203125 0.7925 0.34562499999999996 0.7925
1 0.17265625 0.7223611109375 0.17265625 0.6970833328125 0.12828124999999999 0.6970833328125 0.12828124999999999 0.7223611109375 0.17265625 0.7223611109375
1 0.025078125 0.7256944437499999 0.025078125 0.70069444375 0.006562500000000001 0.70069444375 0.006562500000000001 0.7256944437499999 0.025078125 0.7256944437499999
1 0.034687499999999996 0.7204166671875 0.034687499999999996 0.705972221875 0.022890625 0.705972221875 0.022890625 0.7204166671875 0.034687499999999996 0.7204166671875
1 0.28781249999999997 0.5862499999999999 0.28781249999999997 0.554722221875 0.213125 0.554722221875 0.213125 0.5862499999999999 0.28781249999999997 0.5862499999999999
1 0.366328125 0.40208333281249997 0.366328125 0.365277778125 0.29453125 0.365277778125 0.29453125 0.40208333281249997 0.366328125 0.40208333281249997
1 0.37296874999999996 0.23625 0.37296874999999996 0.18763888906249998 0.30484374999999997 0.18763888906249998 0.30484374999999997 0.23625 0.37296874999999996 0.23625
1 0.296015625 0.1888888890625 0.296015625 0.1336111109375 0.22570312499999998 0.1336111109375 0.22570312499999998 0.1888888890625 0.296015625 0.1888888890625
1 0.583125 0.21000000000000002 0.583125 0.1573611109375 0.526171875 0.1573611109375 0.526171875 0.21000000000000002 0.583125 0.21000000000000002
1 0.5928125 0.305972221875 0.5928125 0.25736111093749997 0.5298437500000001 0.25736111093749997 0.5298437500000001 0.305972221875 0.5928125 0.305972221875
1 0.602421875 0.404722221875 0.602421875 0.3679166671875 0.535078125 0.3679166671875 0.535078125 0.404722221875 0.602421875 0.404722221875
1 0.6490625 0.21000000000000002 0.6490625 0.154722221875 0.59203125 0.154722221875 0.59203125 0.21000000000000002 0.6490625 0.21000000000000002
1 0.66234375 0.31124999999999997 0.66234375 0.2586111109375 0.605390625 0.2586111109375 0.605390625 0.31124999999999997 0.66234375 0.31124999999999997
1 0.671953125 0.42569444375 0.671953125 0.3770833328125 0.615703125 0.3770833328125 0.615703125 0.42569444375 0.671953125 0.42569444375
1 0.715625 0.22833333281249998 0.715625 0.18625 0.6778906250000001 0.18625 0.6778906250000001 0.22833333281249998 0.715625 0.22833333281249998
1 0.72453125 0.30333333281249997 0.72453125 0.26527777812500003 0.6793750000000001 0.26527777812500003 0.6793750000000001 0.30333333281249997 0.72453125 0.30333333281249997
1 0.7296875 0.37305555625000003 0.7296875 0.33625 0.686015625 0.33625 0.686015625 0.37305555625000003 0.7296875 0.37305555625000003
1 0.7415625 0.46125 0.7415625 0.4323611109375 0.6919531250000001 0.4323611109375 0.6919531250000001 0.46125 0.7415625 0.46125
1 0.534296875 0.415277778125 0.534296875 0.38236111093749997 0.511328125 0.38236111093749997 0.511328125 0.415277778125 0.534296875 0.415277778125
1 0.5298437500000001 0.3138888890625 0.5298437500000001 0.2783333328125 0.5061718749999999 0.2783333328125 0.5061718749999999 0.3138888890625 0.5298437500000001 0.3138888890625
1 0.5060955671875 0.19815891562500001 0.503203125 0.2007870375 0.503203125 0.23236111093749998 0.5115553984375001 0.23236111093749998 0.513326671875 0.2310562015625 0.515731534375 0.23236111093749998 0.5147728921875 0.23763565781249998 0.54080486875 0.3560658921875 0.53578125 0.46791666718749997 0.53578125 0.48624999999999996 0.565390625 0.48624999999999996 0.565390625 0.46791666718749997 0.542251090625 0.36264534843749996 0.5407883515624999 0.23236111093749998 0.5491406249999999 0.23236111093749998 0.5491406249999999 0.185 0.503203125 0.185 0.5046493453124999 0.19157945625 0.503203125 0.19289351875 0.5060955671875 0.19815891562500001
1 0.62015625 0.5691666671875 0.62015625 0.54805555625 0.543203125 0.54805555625 0.543203125 0.5691666671875 0.62015625 0.5691666671875
1 0.573515625 0.6626388890625 0.573515625 0.6376388890625 0.545390625 0.6376388890625 0.545390625 0.6626388890625 0.573515625 0.6626388890625
1 0.5328125 0.51 0.5328125 0.480972221875 0.509140625 0.480972221875 0.509140625 0.51 0.5328125 0.51
1 0.50984375 0.42305555625 0.50984375 0.39805555625 0.489140625 0.39805555625 0.489140625 0.42305555625 0.50984375 0.42305555625
1 0.518046875 0.335 0.518046875 0.305972221875 0.483203125 0.305972221875 0.483203125 0.335 0.518046875 0.335
1 0.523203125 0.24805555625000003 0.523203125 0.2204166671875 0.4846875 0.2204166671875 0.4846875 0.24805555625000003 0.523203125 0.24805555625000003
1 0.51359375 0.266527778125 0.51359375 0.24152777812499998 0.46476562499999996 0.24152777812499998 0.46476562499999996 0.266527778125 0.51359375 0.266527778125
1 0.48765625 0.34680555625 0.48765625 0.32180555625 0.4684375 0.32180555625 0.4684375 0.34680555625 0.48765625 0.34680555625
1 0.486953125 0.4376388890625 0.486953125 0.4179166671875 0.469921875 0.4179166671875 0.469921875 0.4376388890625 0.486953125 0.4376388890625
1 0.50984375 0.5191666671874999 0.50984375 0.504722221875 0.490625 0.504722221875 0.490625 0.5191666671874999 0.50984375 0.5191666671874999
1 0.48765625 0.52180555625 0.48765625 0.5006944437499999 0.47062499999999996 0.5006944437499999 0.47062499999999996 0.52180555625 0.48765625 0.52180555625
1 0.2915625 0.2823611109375 0.2915625 0.2270833328125 0.22421875 0.2270833328125 0.22421875 0.2823611109375 0.2915625 0.2823611109375
1 0.28484375 0.385 0.28484375 0.341527778125 0.22046875 0.341527778125 0.22046875 0.385 0.28484375 0.385
0 0.86875 0.6386111109375 0.86875 0.39055555625 0.77515625 0.39055555625 0.77515625 0.6386111109375 0.86875 0.6386111109375