0 0.9544791671875 0.6108333328125 0.9544791671875 0.2865740734375 0.85625 0.2865740734375 0.85625 0.6108333328125 0.9544791671875 0.6108333328125
1 0.8001041671875001 0.9171296296874999 0.8001041671875001 0.76194444375 0.5951041671875 0.76194444375 0.5951041671875 0.9171296296874999 0.8001041671875001 0.9171296296874999
1 0.6855208328125 0.9199074078124999 0.6855208328125 0.7411111109374999 0.4602604171875 0.7411111109374999 0.4602604171875 0.9199074078124999 0.6855208328125 0.9199074078124999
1 0.5179166671875 0.8894444437500001 0.5179166671875 0.7397222218749999 0.3768229171875 0.7397222218749999 0.3768229171875 0.8894444437500001 0.5179166671875 0.8894444437500001
1 0.86328125 0.800740740625 0.86328125 0.6871296296875 0.7393229171875 0.6871296296875 0.7393229171875 0.800740740625 0.86328125 0.800740740625
1 0.6870833328125 0.612222221875 0.6870833328125 0.5664814812500001 0.6013541671875 0.5664814812500001 0.6013541671875 0.612222221875 0.6870833328125 0.612222221875
1 0.6566666671875 0.515277778125 0.6566666671875 0.48194444374999995 0.5966666671875 0.48194444374999995 0.5966666671875 0.515277778125 0.6566666671875 0.515277778125
1 0.6597916671874999 0.3891666671875 0.6597916671874999 0.3378703703125 0.5919791671875 0.3378703703125 0.5919791671875 0.3891666671875 0.6597916671874999 0.3891666671875
1 0.6636979171874999 0.3101851859375 0.6636979171874999 0.26305555625 0.5865104171875 0.26305555625 0.5865104171875 0.3101851859375 0.6636979171874999 0.3101851859375
1 0.6660416671875 0.23805555625000002 0.6660416671875 0.175740740625 0.5896354171875 0.175740740625 0.5896354171875 0.23805555625000002 0.6660416671875 0.23805555625000002
1 0.6574479171875 0.168796296875 0.6574479171875 0.11333333281249999 0.5966666671875 0.11333333281249999 0.5966666671875 0.168796296875 0.6574479171875 0.168796296875