1 0.96578125 0.3829166671875 0.96578125 0.2920833328125 0.8 0.2920833328125 0.8 0.3829166671875 0.96578125 0.3829166671875
1 0.8927343750000001 0.38416666718750003 0.8927343750000001 0.3236458328125 0.7318749999999999 0.3236458328125 0.7318749999999999 0.38416666718750003 0.8927343750000001 0.38416666718750003
1 0.7496875000000001 0.38947916718750003 0.7496875000000001 0.3329166671875 0.685546875 0.3329166671875 0.685546875 0.38947916718750003 0.7496875000000001 0.38947916718750003
1 0.686484375 0.40395833281250004 0.686484375 0.3565625 0.6233593749999999 0.3565625 0.6233593749999999 0.40395833281250004 0.686484375 0.40395833281250004
1 0.6361718749999999 0.4 0.6361718749999999 0.35 0.573046875 0.35 0.573046875 0.4 0.6361718749999999 0.4
1 0.6361718749999999 0.4236458328125 0.6361718749999999 0.3855208328125 0.570078125 0.3855208328125 0.570078125 0.4236458328125 0.6361718749999999 0.4236458328125
1 0.5779687499999999 0.40791666718749997 0.5779687499999999 0.3776041671875 0.536484375 0.3776041671875 0.536484375 0.40791666718749997 0.5779687499999999 0.40791666718749997
1 0.58390625 0.4341666671875 0.58390625 0.3973958328125 0.5404687499999999 0.3973958328125 0.5404687499999999 0.4341666671875 0.58390625 0.4341666671875
1 0.558203125 0.5341666671875 0.558203125 0.4815625 0.5118750000000001 0.4815625 0.5118750000000001 0.5341666671875 0.558203125 0.5341666671875
1 0.578984375 0.5303125 0.578984375 0.48687500000000006 0.545390625 0.48687500000000006 0.545390625 0.5303125 0.578984375 0.5303125
1 0.6233593749999999 0.5236458328125 0.6233593749999999 0.4855208328125 0.573984375 0.4855208328125 0.573984375 0.5236458328125 0.6233593749999999 0.5236458328125
1 0.682578125 0.5303125 0.682578125 0.4658333328125 0.6214062499999999 0.4658333328125 0.6214062499999999 0.5303125 0.682578125 0.5303125
1 0.73390625 0.5158333328125 0.73390625 0.46312499999999995 0.682578125 0.46312499999999995 0.682578125 0.5158333328125 0.73390625 0.5158333328125
1 0.7970312500000001 0.5053124999999999 0.7970312500000001 0.45531249999999995 0.726953125 0.45531249999999995 0.726953125 0.5053124999999999 0.7970312500000001 0.5053124999999999
1 0.932265625 0.5026041671875 0.932265625 0.45 0.79015625 0.45 0.79015625 0.5026041671875 0.932265625 0.5026041671875
1 0.9766406249999999 0.6368750000000001 0.9766406249999999 0.5696875 0.796015625 0.5696875 0.796015625 0.6368750000000001 0.9766406249999999 0.6368750000000001
1 0.803984375 0.6315625 0.803984375 0.5908333328125 0.74375 0.5908333328125 0.74375 0.6315625 0.803984375 0.6315625
1 0.67765625 0.5992361109375001 0.676640625 0.6037946421875 0.67765625 0.6047916671875 0.676640625 0.6094345234375 0.67765625 0.610347221875 0.676640625 0.6150744046875001 0.67765625 0.6159027781249999 0.676640625 0.6207142859375 0.67765625 0.6214583328125001 0.676640625 0.6263541671875 0.635859375 0.6263541671875 0.61546875 0.586875 0.61546875 0.6263541671875 0.67765625 0.6270138890625 0.67765625 0.6381249999999999 0.741796875 0.6381249999999999 0.741796875 0.588125 0.67765625 0.588125 0.676640625 0.586875 0.676640625 0.59251488125 0.67765625 0.5936805546875 0.676640625 0.5981547609375 0.67765625 0.5992361109375001
1 0.385546875 0.6013541671875 0.385546875 0.5026041671875 0.15265625 0.5026041671875 0.15265625 0.6013541671875 0.385546875 0.6013541671875
1 0.1625 0.6 0.1625 0.5394791671875 0.118125 0.5394791671875 0.118125 0.6 0.1625 0.6
1 0.12203125 0.6118750000000001 0.12203125 0.5473958328124999 0.069765625 0.5473958328124999 0.069765625 0.6118750000000001 0.12203125 0.6118750000000001
1 0.098359375 0.536875 0.098359375 0.4973958328125 0.070703125 0.4973958328125 0.070703125 0.536875 0.098359375 0.536875
1 0.21875 0.8658333328125 0.21875 0.7736458328125 0.148671875 0.7736458328125 0.148671875 0.8658333328125 0.21875 0.8658333328125
1 0.301640625 0.9276041671874999 0.301640625 0.811875 0.192109375 0.811875 0.192109375 0.9276041671874999 0.301640625 0.9276041671874999
1 0.39835937499999996 0.9946875000000001 0.39835937499999996 0.8553124999999999 0.24148437500000003 0.8553124999999999 0.24148437500000003 0.9946875000000001 0.39835937499999996 0.9946875000000001
1 0.5446875 0.9997916671875 0.5446875 0.9316666671875 0.37984375 0.9316666671875 0.37984375 0.9997916671875 0.5446875 0.9997916671875
1 0.333203125 0.2427083328125 0.333203125 0.1682291671875 0.11851562499999999 0.1682291671875 0.11851562499999999 0.2427083328125 0.333203125 0.2427083328125
1 0.3471875 0.28552083281249996 0.3471875 0.2 0.121796875 0.2 0.121796875 0.28552083281249996 0.3471875 0.28552083281249996
1 0.5001562500000001 0.3260416671875 0.5001562500000001 0.21749999999999997 0.333984375 0.21749999999999997 0.333984375 0.3260416671875 0.5001562500000001 0.3260416671875
1 0.49437499999999995 0.34802083281249996 0.49437499999999995 0.2789583328125 0.290390625 0.2789583328125 0.290390625 0.34802083281249996 0.49437499999999995 0.34802083281249996
1 0.2534375 0.40062499999999995 0.2534375 0.3327083328125 0.16296875 0.3327083328125 0.16296875 0.40062499999999995 0.2534375 0.40062499999999995
1 0.16703125000000002 0.42802083281250003 0.16703125000000002 0.3579166671875 0.13664062500000002 0.3579166671875 0.13664062500000002 0.42802083281250003 0.16703125000000002 0.42802083281250003
1 0.135 0.44125 0.135 0.3952083328125 0.10953125 0.3952083328125 0.10953125 0.44125 0.135 0.44125
1 0.11281250000000001 0.4577083328125 0.11281250000000001 0.40833333281249995 0.07578125 0.40833333281249995 0.07578125 0.4577083328125 0.11281250000000001 0.4577083328125
1 0.211484375 0.3436458328125 0.211484375 0.3008333328125 0.0765625 0.3008333328125 0.0765625 0.3436458328125 0.211484375 0.3436458328125
1 0.15640625 0.3896875 0.15640625 0.3327083328125 0.047031250000000004 0.3327083328125 0.047031250000000004 0.3896875 0.15640625 0.3896875
1 0.071640625 0.5398958328125001 0.071640625 0.49489583281250005 0.056874999999999995 0.49489583281250005 0.056874999999999995 0.5398958328125001 0.071640625 0.5398958328125001
1 0.067578125 0.5541666671875001 0.067578125 0.5069791671874999 0.04453125 0.5069791671874999 0.04453125 0.5541666671875001 0.067578125 0.5541666671875001
1 0.18265625000000002 0.2438541671875 0.18265625000000002 0.1692708328125 0.043671875 0.1692708328125 0.043671875 0.2438541671875 0.18265625000000002 0.2438541671875
1 0.16789062500000002 0.213125 0.16789062500000002 0.133125 0.0453125 0.133125 0.0453125 0.213125 0.16789062500000002 0.213125
1 0.142421875 0.1440625 0.142421875 0.0870833328125 0.059296875000000006 0.0870833328125 0.059296875000000006 0.1440625 0.142421875 0.1440625
1 0.21968749999999998 0.19343749999999998 0.21968749999999998 0.12104166718750001 0.087265625 0.12104166718750001 0.087265625 0.19343749999999998 0.21968749999999998 0.19343749999999998
1 0.268203125 0.1769791671875 0.268203125 0.07718749999999999 0.121796875 0.07718749999999999 0.121796875 0.1769791671875 0.268203125 0.1769791671875
1 0.979453125 0.1001041671875 0.979453125 0.0001041671875 0.7544531250000001 0.0001041671875 0.7544531250000001 0.1001041671875 0.979453125 0.1001041671875
1 0.95578125 0.11322916718750001 0.95578125 0.0369791671875 0.695234375 0.0369791671875 0.695234375 0.11322916718750001 0.95578125 0.11322916718750001
1 0.79 0.13427083281250002 0.79 0.06593750000000001 0.64296875 0.06593750000000001 0.64296875 0.13427083281250002 0.79 0.13427083281250002
1 0.704140625 0.1421875 0.704140625 0.08562499999999999 0.614375 0.08562499999999999 0.614375 0.1421875 0.704140625 0.1421875
1 0.950859375 0.22770833281249997 0.950859375 0.12375 0.793984375 0.12375 0.793984375 0.22770833281249997 0.950859375 0.22770833281249997
1 0.857109375 0.260625 0.857109375 0.1619791671875 0.731796875 0.1619791671875 0.731796875 0.260625 0.857109375 0.260625
1 0.7752343749999999 0.2816666671875 0.7752343749999999 0.18562499999999998 0.67359375 0.18562499999999998 0.67359375 0.2816666671875 0.7752343749999999 0.2816666671875
1 0.689375 0.27510416718749997 0.689375 0.22510416718749998 0.6331249999999999 0.22510416718749998 0.6331249999999999 0.27510416718749997 0.689375 0.27510416718749997
1 0.662734375 0.2632291671875 0.662734375 0.1895833328125 0.576875 0.1895833328125 0.576875 0.2632291671875 0.662734375 0.2632291671875
1 0.657734375 0.2921875 0.657734375 0.2264583328125 0.5235937500000001 0.2264583328125 0.5235937500000001 0.2921875 0.657734375 0.2921875