1 0.6603125000000001 0.32675 0.6603125000000001 0.3915 0.791953125 0.3915 0.791953125 0.32675 0.6603125000000001 0.32675
1 0.683671875 0.35150000000000003 0.683671875 0.406125 0.81578125 0.406125 0.81578125 0.35150000000000003 0.683671875 0.35150000000000003
1 0.747578125 0.3705 0.747578125 0.41500000000000004 0.828828125 0.41500000000000004 0.828828125 0.3705 0.747578125 0.3705
1 0.707890625 0.28112499999999996 0.707890625 0.32487499999999997 0.828828125 0.32487499999999997 0.828828125 0.28112499999999996 0.707890625 0.28112499999999996
1 0.786015625 0.239875 0.786015625 0.296375 0.808203125 0.296375 0.808203125 0.239875 0.786015625 0.239875
1 0.636484375 0.21125 0.636484375 0.2785 0.79234375 0.2785 0.79234375 0.21125 0.636484375 0.21125
1 0.779921875 0.14550000000000002 0.779921875 0.04725 0.6534375 0.04725 0.6534375 0.14550000000000002 0.779921875 0.14550000000000002
1 0.7993750000000001 0.172875 0.7993750000000001 0.078875 0.6328125 0.078875 0.6328125 0.172875 0.7993750000000001 0.172875
1 0.6799999999999999 0.13925 0.6799999999999999 0.20387499999999997 0.8207812499999999 0.20387499999999997 0.8207812499999999 0.13925 0.6799999999999999 0.13925
1 0.752421875 0.007625 0.752421875 0.072375 0.8135937500000001 0.072375 0.8135937500000001 0.007625 0.752421875 0.007625
1 0.79765625 0.005625 0.79765625 0.050375 0.8501562500000001 0.050375 0.8501562500000001 0.005625 0.79765625 0.005625
1 0.9979687500000001 0.631875 0.9979687500000001 0.5945 0.9589062500000001 0.5945 0.9589062500000001 0.631875 0.9979687500000001 0.631875
1 0.12796875000000002 0.008125 0.12796875000000002 0.052375000000000005 0.276015625 0.052375000000000005 0.276015625 0.008125 0.12796875000000002 0.008125