1 0.994921875 0.6041666671875 0.994921875 0.47729166718749994 0.6140625 0.47729166718749994 0.6140625 0.6041666671875 0.994921875 0.6041666671875
1 0.996328125 0.2839583328125 0.996328125 0.11541666718750002 0.892578125 0.11541666718750002 0.892578125 0.2839583328125 0.996328125 0.2839583328125
1 0.6140625 0.005520832812499999 0.6140625 0.1911458328125 0.99921875 0.1911458328125 0.99921875 0.005520832812499999 0.6140625 0.005520832812499999
1 0.82578125 0.263125 0.82578125 0.0528125 0.484765625 0.0528125 0.484765625 0.263125 0.82578125 0.263125
1 0.33273437499999997 0.12291666718750001 0.33273437499999997 0.3105208328125 0.743359375 0.3105208328125 0.743359375 0.12291666718750001 0.33273437499999997 0.12291666718750001
1 0.544453125 0.3540625 0.544453125 0.2290625 0.20484375 0.2290625 0.20484375 0.3540625 0.544453125 0.3540625
1 0.49468750000000006 0.1476041671875 0.49468750000000006 0.050937500000000004 0.351171875 0.050937500000000004 0.351171875 0.1476041671875 0.49468750000000006 0.1476041671875
1 0.5015625 0.3860416671875 0.5015625 0.32437499999999997 0.426953125 0.32437499999999997 0.426953125 0.3860416671875 0.5015625 0.3860416671875
1 0.606953125 0.3955208328125 0.606953125 0.3117708328125 0.494453125 0.3117708328125 0.494453125 0.3955208328125 0.606953125 0.3955208328125
1 0.426953125 0.4302083328125 0.426953125 0.354375 0.3725 0.354375 0.3725 0.4302083328125 0.426953125 0.4302083328125
1 0.48382812499999994 0.594375 0.48382812499999994 0.5296875 0.3784375 0.5296875 0.3784375 0.594375 0.48382812499999994 0.594375
1 0.6365624999999999 0.5786458328124999 0.6365624999999999 0.4996875 0.486171875 0.4996875 0.486171875 0.5786458328124999 0.6365624999999999 0.5786458328124999
1 0.3275 0.5548958328125 0.3275 0.4886458328125 0.171171875 0.4886458328125 0.171171875 0.5548958328125 0.3275 0.5548958328125
1 0.339375 0.4491666671875 0.339375 0.37333333281250003 0.13804687499999999 0.37333333281250003 0.13804687499999999 0.4491666671875 0.339375 0.4491666671875
1 0.20789062500000002 0.468125 0.20789062500000002 0.41125 0.089453125 0.41125 0.089453125 0.468125 0.20789062500000002 0.468125
1 0.156953125 0.7648958328125001 0.156953125 0.7112499999999999 0.10960937500000001 0.7112499999999999 0.10960937500000001 0.7648958328125001 0.156953125 0.7648958328125001
1 0.107265625 0.7491666671874999 0.107265625 0.7191666671875 0.0859375 0.7191666671875 0.0859375 0.7491666671874999 0.107265625 0.7491666671874999
1 0.248125 0.7776041671875 0.248125 0.7270833328124999 0.142734375 0.7270833328124999 0.142734375 0.7776041671875 0.248125 0.7776041671875
1 0.232734375 0.8802083328125001 0.232734375 0.804375 0.16765625 0.804375 0.16765625 0.8802083328125001 0.232734375 0.8802083328125001
1 0.303828125 0.9055208328125 0.303828125 0.8155208328124999 0.22328125000000001 0.8155208328124999 0.22328125000000001 0.9055208328125 0.303828125 0.9055208328125
1 0.395 0.9260416671874999 0.395 0.8502083328125 0.286015625 0.8502083328125 0.286015625 0.9260416671874999 0.395 0.9260416671874999
1 0.564375 0.9891666671875001 0.564375 0.9102083328124999 0.395 0.9102083328124999 0.395 0.9891666671875001 0.564375 0.9891666671875001