1 0.37101562499999996 0.853375 0.37101562499999996 0.6 0.05171875 0.6 0.05171875 0.853375 0.37101562499999996 0.853375
1 0.146484375 0.877375 0.146484375 0.6877500000000001 0.001875 0.6877500000000001 0.001875 0.877375 0.146484375 0.877375
1 0.494453125 0.66175 0.494453125 0.530125 0.362265625 0.530125 0.362265625 0.66175 0.494453125 0.66175
1 0.63046875 0.5559999999999999 0.63046875 0.46224999999999994 0.565546875 0.46224999999999994 0.565546875 0.5559999999999999 0.63046875 0.5559999999999999
1 0.669140625 0.505875 0.669140625 0.43099999999999994 0.624375 0.43099999999999994 0.624375 0.505875 0.669140625 0.505875
1 0.7017187500000001 0.4835 0.7017187500000001 0.428125 0.657734375 0.428125 0.657734375 0.4835 0.7017187500000001 0.4835
1 0.7349218750000001 0.460375 0.7349218750000001 0.41425 0.696015625 0.41425 0.696015625 0.460375 0.7349218750000001 0.460375
1 0.756640625 0.43962500000000004 0.756640625 0.40037500000000004 0.72921875 0.40037500000000004 0.72921875 0.43962500000000004 0.756640625 0.43962500000000004
1 0.7746875 0.42925 0.7746875 0.396875 0.755859375 0.396875 0.755859375 0.42925 0.7746875 0.42925
1 0.79484375 0.426875 0.79484375 0.379625 0.7674218749999999 0.379625 0.7674218749999999 0.426875 0.79484375 0.426875
1 0.8086718749999999 0.40787500000000004 0.8086718749999999 0.3725 0.7915625000000001 0.3725 0.7915625000000001 0.40787500000000004 0.8086718749999999 0.40787500000000004
1 0.82453125 0.40062499999999995 0.82453125 0.3665 0.8045312499999999 0.3665 0.8045312499999999 0.40062499999999995 0.82453125 0.40062499999999995
1 0.83203125 0.38925 0.83203125 0.3625 0.82203125 0.3625 0.82203125 0.38925 0.83203125 0.38925
1 0.916796875 0.386625 0.916796875 0.357875 0.8651562500000001 0.357875 0.8651562500000001 0.386625 0.916796875 0.386625
1 0.665390625 0.3375 0.665390625 0.257375 0.49093749999999997 0.257375 0.49093749999999997 0.3375 0.665390625 0.3375
1 0.699453125 0.311875 0.699453125 0.257375 0.66140625 0.257375 0.66140625 0.311875 0.699453125 0.311875
1 0.728515625 0.30462500000000003 0.728515625 0.2565 0.70046875 0.2565 0.70046875 0.30462500000000003 0.728515625 0.30462500000000003
1 0.76109375 0.296625 0.76109375 0.25975000000000004 0.72 0.25975000000000004 0.72 0.296625 0.76109375 0.296625
1 0.7796875 0.29900000000000004 0.7796875 0.2645 0.748125 0.2645 0.748125 0.29900000000000004 0.7796875 0.29900000000000004
1 0.7971874999999999 0.29500000000000004 0.7971874999999999 0.2645 0.7716406250000001 0.2645 0.7716406250000001 0.29500000000000004 0.7971874999999999 0.29500000000000004
1 0.6246875000000001 0.23149999999999998 0.6246875000000001 0.12887500000000002 0.5328906250000001 0.12887500000000002 0.5328906250000001 0.23149999999999998 0.6246875000000001 0.23149999999999998
1 0.55796875 0.25225 0.55796875 0.10400000000000001 0.33195312499999996 0.10400000000000001 0.33195312499999996 0.25225 0.55796875 0.25225
1 0.477421875 0.238375 0.477421875 0.08875 0.15437499999999998 0.08875 0.15437499999999998 0.238375 0.477421875 0.238375
1 0.238359375 0.35475 0.238359375 0.31462500000000004 0.165625 0.31462500000000004 0.165625 0.35475 0.238359375 0.35475
1 0.293828125 0.34375 0.293828125 0.298 0.238359375 0.298 0.238359375 0.34375 0.293828125 0.34375
1 0.2946875 0.30074999999999996 0.2946875 0.345125 0.34578125000000004 0.345125 0.34578125000000004 0.30074999999999996 0.2946875 0.30074999999999996
1 0.38390625 0.34925 0.38390625 0.299375 0.34578125000000004 0.299375 0.34578125000000004 0.34925 0.38390625 0.34925
1 0.383046875 0.298 0.383046875 0.34925 0.43156249999999996 0.34925 0.43156249999999996 0.298 0.383046875 0.298
1 0.65796875 0.134125 0.65796875 0.0625 0.566328125 0.0625 0.566328125 0.134125 0.65796875 0.134125
1 0.699140625 0.152625 0.699140625 0.079875 0.6060156250000001 0.079875 0.6060156250000001 0.152625 0.699140625 0.152625
1 0.725859375 0.194125 0.725859375 0.098375 0.6334375 0.098375 0.6334375 0.194125 0.725859375 0.194125
1 0.7517968749999999 0.178 0.7517968749999999 0.12137500000000001 0.699140625 0.12137500000000001 0.699140625 0.178 0.7517968749999999 0.178
1 0.7720312500000001 0.180375 0.7720312500000001 0.13525 0.7366406249999999 0.13525 0.7366406249999999 0.180375 0.7720312500000001 0.180375
1 0.78359375 0.185 0.78359375 0.156125 0.7611718749999999 0.156125 0.7611718749999999 0.185 0.78359375 0.185
1 0.778125 0.139625 0.778125 0.1605 0.7921875 0.1605 0.7921875 0.139625 0.778125 0.139625
1 0.796171875 0.1925 0.796171875 0.1565 0.780625 0.1565 0.780625 0.1925 0.796171875 0.1925
1 0.8107031250000001 0.1965 0.8107031250000001 0.163625 0.798203125 0.163625 0.798203125 0.1965 0.8107031250000001 0.1965
1 0.8087500000000001 0.1685 0.8087500000000001 0.20212500000000003 0.825234375 0.20212500000000003 0.825234375 0.1685 0.8087500000000001 0.1685
1 0.807265625 0.301625 0.807265625 0.270375 0.79015625 0.270375 0.79015625 0.301625 0.807265625 0.301625
1 0.765625 0.008125 0.765625 0.034499999999999996 0.7907031250000001 0.034499999999999996 0.7907031250000001 0.008125 0.765625 0.008125
1 0.7892187500000001 0.066625 0.7892187500000001 0.0225 0.764140625 0.0225 0.764140625 0.066625 0.7892187500000001 0.066625
1 0.788671875 0.044125 0.788671875 0.0755 0.808203125 0.0755 0.808203125 0.044125 0.788671875 0.044125
1 0.7846875 0.01525 0.7846875 0.049 0.8067187499999999 0.049 0.8067187499999999 0.01525 0.7846875 0.01525
1 0.80921875 0.039375 0.80921875 0.063375 0.82125 0.063375 0.82125 0.039375 0.80921875 0.039375
1 0.82578125 0.105125 0.82578125 0.059375 0.81171875 0.059375 0.81171875 0.105125 0.82578125 0.105125
1 0.8202343750000001 0.08512499999999999 0.8202343750000001 0.1155 0.83828125 0.1155 0.83828125 0.08512499999999999 0.8202343750000001 0.08512499999999999
1 0.8364062499999999 0.21425 0.8364062499999999 0.179 0.8153124999999999 0.179 0.8153124999999999 0.21425 0.8364062499999999 0.21425
1 0.0978125 0.098875 0.0978125 0.0017500000000000003 0.001015625 0.0017500000000000003 0.001015625 0.098875 0.0978125 0.098875