0 0.323828125 0.5776388890625 0.323828125 0.71069444375 0.377578125 0.71069444375 0.377578125 0.5776388890625 0.323828125 0.5776388890625
1 0.500390625 0.7150000000000001 0.500390625 0.688472221875 0.47289062499999995 0.688472221875 0.47289062499999995 0.7150000000000001 0.500390625 0.7150000000000001
1 0.15265625 0.9077777781249999 0.15265625 0.80805555625 0.03484375 0.80805555625 0.03484375 0.9077777781249999 0.15265625 0.9077777781249999
1 0.046015625 0.917777778125 0.046015625 0.8119444437500001 0.002265625 0.8119444437500001 0.002265625 0.917777778125 0.046015625 0.917777778125
1 0.866953125 0.0141666671875 0.866953125 0.16069444375 0.9962500000000001 0.16069444375 0.9962500000000001 0.0141666671875 0.866953125 0.0141666671875
1 0.9042187500000001 0.3691666671875 0.9042187500000001 0.1363888890625 0.76015625 0.1363888890625 0.76015625 0.3691666671875 0.9042187500000001 0.3691666671875
1 0.799453125 0.462222221875 0.799453125 0.27430555624999997 0.69375 0.27430555624999997 0.69375 0.462222221875 0.799453125 0.462222221875
1 0.726484375 0.502222221875 0.726484375 0.3725 0.664765625 0.3725 0.664765625 0.502222221875 0.726484375 0.502222221875
1 0.676484375 0.5236111109375 0.676484375 0.4345833328125 0.6309375 0.4345833328125 0.6309375 0.5236111109375 0.676484375 0.5236111109375
1 0.6390625 0.5348611109375 0.6390625 0.485972221875 0.61921875 0.485972221875 0.61921875 0.5348611109375 0.6390625 0.5348611109375
1 0.62234375 0.56055555625 0.62234375 0.51569444375 0.60390625 0.51569444375 0.60390625 0.56055555625 0.62234375 0.56055555625
1 0.636328125 0.5701388890625 0.636328125 0.5301388890625 0.584453125 0.5301388890625 0.584453125 0.5701388890625 0.636328125 0.5701388890625
1 0.793046875 0.6516666671875 0.793046875 0.55319444375 0.713515625 0.55319444375 0.713515625 0.6516666671875 0.793046875 0.6516666671875
1 0.7260156249999999 0.6627777781249999 0.7260156249999999 0.568472221875 0.67375 0.568472221875 0.67375 0.6627777781249999 0.7260156249999999 0.6627777781249999
1 0.680859375 0.66555555625 0.680859375 0.60319444375 0.649609375 0.60319444375 0.649609375 0.66555555625 0.680859375 0.66555555625
1 0.62109375 0.6136111109375 0.62109375 0.66555555625 0.6489843750000001 0.66555555625 0.6489843750000001 0.6136111109375 0.62109375 0.6136111109375
1 0.623671875 0.6677777781249999 0.623671875 0.6170833328125 0.60546875 0.6170833328125 0.60546875 0.6677777781249999 0.623671875 0.6677777781249999
1 0.913359375 0.63430555625 0.913359375 0.48541666718750004 0.78671875 0.48541666718750004 0.78671875 0.63430555625 0.913359375 0.63430555625
1 0.9425000000000001 0.9225 0.9425000000000001 0.7951388890625 0.80296875 0.7951388890625 0.80296875 0.9225 0.9425000000000001 0.9225
1 0.999375 0.9848611109375 0.999375 0.8768055562500001 0.92609375 0.8768055562500001 0.92609375 0.9848611109375 0.999375 0.9848611109375
1 0.8525 0.8688888890625 0.8525 0.7654166671875 0.729296875 0.7654166671875 0.729296875 0.8688888890625 0.8525 0.8688888890625
1 0.798359375 0.8400000000000001 0.798359375 0.7429166671874999 0.678828125 0.7429166671874999 0.678828125 0.8400000000000001 0.798359375 0.8400000000000001
1 0.72890625 0.8119444437500001 0.72890625 0.7333333328125 0.6467968749999999 0.7333333328125 0.6467968749999999 0.8119444437500001 0.72890625 0.8119444437500001
1 0.67296875 0.78305555625 0.67296875 0.7229166671875 0.626484375 0.7229166671875 0.626484375 0.78305555625 0.67296875 0.78305555625
1 0.873046875 0.1788888890625 0.873046875 0.02305555625 0.66515625 0.02305555625 0.66515625 0.1788888890625 0.873046875 0.1788888890625
1 0.873671875 0.2920833328125 0.873671875 0.12 0.639140625 0.12 0.639140625 0.2920833328125 0.873671875 0.2920833328125
1 0.7846875 0.3533333328125 0.7846875 0.24472222187499998 0.6228906249999999 0.24472222187499998 0.6228906249999999 0.3533333328125 0.7846875 0.3533333328125
1 0.698046875 0.3858333328125 0.698046875 0.3188888890625 0.6040625000000001 0.3188888890625 0.6040625000000001 0.3858333328125 0.698046875 0.3858333328125
1 0.710078125 0.417222221875 0.710078125 0.3563888890625 0.5939062500000001 0.3563888890625 0.5939062500000001 0.417222221875 0.710078125 0.417222221875
1 0.617265625 0.45055555625 0.617265625 0.40319444375 0.58078125 0.40319444375 0.58078125 0.45055555625 0.617265625 0.45055555625
1 0.621015625 0.47069444374999997 0.621015625 0.43055555625 0.57359375 0.43055555625 0.57359375 0.47069444374999997 0.621015625 0.47069444374999997
1 0.6334375 0.48624999999999996 0.6334375 0.44986111093750003 0.5603125 0.44986111093750003 0.5603125 0.48624999999999996 0.6334375 0.48624999999999996
1 0.59875 0.5836111109375001 0.59875 0.5525 0.567421875 0.5525 0.567421875 0.5836111109375001 0.59875 0.5836111109375001
0 0.559765625 0.5720833328125 0.559765625 0.7538888890625 0.621796875 0.7538888890625 0.621796875 0.5720833328125 0.559765625 0.5720833328125
0 0.586796875 0.76125 0.586796875 0.5754166671875 0.55 0.5754166671875 0.55 0.76125 0.586796875 0.76125
1 0.6859375 0.2413888890625 0.6859375 0.16999999999999998 0.594375 0.16999999999999998 0.594375 0.2413888890625 0.6859375 0.2413888890625
1 0.708046875 0.17791666718750002 0.708046875 0.0761111109375 0.60609375 0.0761111109375 0.60609375 0.17791666718750002 0.708046875 0.17791666718750002
1 0.6228125 0.004722221875 0.6228125 0.07375000000000001 0.6896093750000001 0.07375000000000001 0.6896093750000001 0.004722221875 0.6228125 0.004722221875
1 0.65171875 0.3175 0.65171875 0.2276388890625 0.5871875 0.2276388890625 0.5871875 0.3175 0.65171875 0.3175
1 0.621015625 0.35444444375 0.621015625 0.27819444375 0.5740624999999999 0.27819444375 0.5740624999999999 0.35444444375 0.621015625 0.35444444375
1 0.620078125 0.384027778125 0.620078125 0.3238888890625 0.5641406250000001 0.3238888890625 0.5641406250000001 0.384027778125 0.620078125 0.384027778125
1 0.6065625 0.247777778125 0.6065625 0.16680555625 0.56734375 0.16680555625 0.56734375 0.247777778125 0.6065625 0.247777778125
1 0.572734375 0.1026388890625 0.572734375 0.16833333281250001 0.609296875 0.16833333281250001 0.609296875 0.1026388890625 0.572734375 0.1026388890625
1 0.5857812499999999 0.024027778125 0.5857812499999999 0.1058333328125 0.633671875 0.1058333328125 0.633671875 0.024027778125 0.5857812499999999 0.024027778125