0 0.9978645828125 0.6586111109375 0.9978645828125 0.20120370312500002 0.8981770828125001 0.20120370312500002 0.8981770828125001 0.6586111109375 0.9978645828125 0.6586111109375
1 0.6319270828125 0.35907407343750003 0.6319270828125 0.3233333328125 0.5864583328124999 0.3233333328125 0.5864583328124999 0.35907407343750003 0.6319270828125 0.35907407343750003
1 0.6747916671875 0.348703703125 0.6747916671875 0.3175 0.6299479171875 0.3175 0.6299479171875 0.348703703125 0.6747916671875 0.348703703125
1 0.6747916671875 0.3221296296875 0.6747916671875 0.348703703125 0.7189583328125 0.348703703125 0.7189583328125 0.3221296296875 0.6747916671875 0.3221296296875
1 0.7066145828125 0.41342592656250005 0.7066145828125 0.3799074078125 0.6741666671875 0.3799074078125 0.6741666671875 0.41342592656250005 0.7066145828125 0.41342592656250005
1 0.6371354171875 0.3845370375 0.6371354171875 0.41685185156250004 0.6747916671875 0.41685185156250004 0.6747916671875 0.3845370375 0.6371354171875 0.3845370375
1 0.6371354171875 0.420277778125 0.6371354171875 0.3845370375 0.60203125 0.3845370375 0.60203125 0.420277778125 0.6371354171875 0.420277778125
1 0.6410416671875 0.4953703703125 0.6410416671875 0.4653703703125 0.5955208328125 0.4653703703125 0.5955208328125 0.4953703703125 0.6410416671875 0.4953703703125
1 0.6416666671875 0.46305555624999994 0.6416666671875 0.4953703703125 0.6826041671875 0.4953703703125 0.6826041671875 0.46305555624999994 0.6416666671875 0.46305555624999994
1 0.6293229171875 0.2736111109375 0.6293229171875 0.24361111093750001 0.5831770828125 0.24361111093750001 0.5831770828125 0.2736111109375 0.6293229171875 0.2736111109375
1 0.63125 0.229722221875 0.63125 0.17314814843749998 0.5903645828124999 0.17314814843749998 0.5903645828124999 0.229722221875 0.63125 0.229722221875
1 0.6741666671875 0.22629629687500002 0.6741666671875 0.177777778125 0.6371354171875 0.177777778125 0.6371354171875 0.22629629687500002 0.6741666671875 0.22629629687500002
1 0.7222395828125 0.22749999999999998 0.7222395828125 0.1720370375 0.6644270828125001 0.1720370375 0.6644270828125001 0.22749999999999998 0.7222395828125 0.22749999999999998
1 0.7105208328125 0.2851851859375 0.7105208328125 0.2493518515625 0.6624479171875 0.2493518515625 0.6624479171875 0.2851851859375 0.7105208328125 0.2851851859375
1 0.7625 0.2921296296875 0.7625 0.2551851859375 0.7098958328125 0.2551851859375 0.7098958328125 0.2921296296875 0.7625 0.2921296296875
1 0.8014583328124999 0.29555555624999996 0.8014583328124999 0.25055555625000003 0.7677083328125 0.25055555625000003 0.7677083328125 0.29555555624999996 0.8014583328124999 0.29555555624999996
1 0.66578125 0.1001851859375 0.66578125 0.036481481249999996 0.6174479171875 0.036481481249999996 0.6174479171875 0.1001851859375 0.66578125 0.1001851859375
1 0.6315104171875 0.166759259375 0.6315104171875 0.0933333328125 0.5816145828125 0.0933333328125 0.5816145828125 0.166759259375 0.6315104171875 0.166759259375
1 0.6260416671875 0.10851851875 0.6260416671875 0.16398148125 0.6696875 0.16398148125 0.6696875 0.10851851875 0.6260416671875 0.10851851875
1 0.7071354171875 0.1723148140625 0.7071354171875 0.1001851859375 0.67125 0.1001851859375 0.67125 0.1723148140625 0.7071354171875 0.1723148140625
1 0.7086979171875 0.0974074078125 0.7086979171875 0.0253703703125 0.6634375 0.0253703703125 0.6634375 0.0974074078125 0.7086979171875 0.0974074078125
1 0.75078125 0.0891666671875 0.75078125 0.039259259375 0.7032291671875 0.039259259375 0.7032291671875 0.0891666671875 0.75078125 0.0891666671875
1 0.7920833328125 0.075277778125 0.7920833328125 0.0420370375 0.74609375 0.0420370375 0.74609375 0.075277778125 0.7920833328125 0.075277778125
1 0.7959895828125 0.1473148140625 0.7959895828125 0.10851851875 0.75390625 0.10851851875 0.75390625 0.1473148140625 0.7959895828125 0.1473148140625
1 0.7102083328125001 0.1099074078125 0.7102083328125001 0.1473148140625 0.75390625 0.1473148140625 0.75390625 0.1099074078125 0.7102083328125001 0.1099074078125
1 0.7546875 0.2138888890625 0.7546875 0.1750925921875 0.7156770828125001 0.1750925921875 0.7156770828125001 0.2138888890625 0.7546875 0.2138888890625
1 0.75546875 0.184722221875 0.75546875 0.2138888890625 0.7920833328125 0.2138888890625 0.7920833328125 0.184722221875 0.75546875 0.184722221875
1 0.4947916671875 0.39953703749999997 0.4947916671875 0.388240740625 0.4569270828125 0.388240740625 0.4569270828125 0.39953703749999997 0.4947916671875 0.39953703749999997
1 0.4956770828125 0.4138888890625 0.4956770828125 0.400277778125 0.4569270828125 0.400277778125 0.4569270828125 0.4138888890625 0.4956770828125 0.4138888890625
1 0.4956770828125 0.42592592656250006 0.4956770828125 0.41472222187499996 0.45463541718749995 0.41472222187499996 0.45463541718749995 0.42592592656250006 0.4956770828125 0.42592592656250006
1 0.49749999999999994 0.438796296875 0.49749999999999994 0.42592592656250006 0.45463541718749995 0.42592592656250006 0.45463541718749995 0.438796296875 0.49749999999999994 0.438796296875
1 0.49703125000000004 0.4484259265625 0.49703125000000004 0.438796296875 0.45828125000000003 0.438796296875 0.45828125000000003 0.4484259265625 0.49703125000000004 0.4484259265625
1 0.49526041718749997 0.461203703125 0.49526041718749997 0.4484259265625 0.45828125000000003 0.4484259265625 0.45828125000000003 0.461203703125 0.49526041718749997 0.461203703125
1 0.4947916671875 0.4756481484375 0.4947916671875 0.461203703125 0.4609375 0.461203703125 0.4609375 0.4756481484375 0.4947916671875 0.4756481484375
1 0.49703125000000004 0.49972222187500004 0.49703125000000004 0.48851851875 0.4605208328125 0.48851851875 0.4605208328125 0.49972222187500004 0.49703125000000004 0.49972222187500004
1 0.4956770828125 0.5213888890625 0.4956770828125 0.5086111109375 0.46187500000000004 0.5086111109375 0.46187500000000004 0.5213888890625 0.4956770828125 0.5213888890625
1 0.5006770828125 0.5334259265625 0.5006770828125 0.5229629625000001 0.46140625 0.5229629625000001 0.46140625 0.5334259265625 0.5006770828125 0.5334259265625
1 0.5015625 0.5478703703125001 0.5015625 0.534259259375 0.46140625 0.534259259375 0.46140625 0.5478703703125001 0.5015625 0.5478703703125001
1 0.5575 0.5478703703125001 0.5575 0.5334259265625 0.5191666671874999 0.5334259265625 0.5191666671874999 0.5478703703125001 0.5575 0.5478703703125001
1 0.5566145828125 0.564722221875 0.5566145828125 0.5478703703125001 0.5195833328125 0.5478703703125001 0.5195833328125 0.564722221875 0.5566145828125 0.564722221875
1 0.5556770828125 0.5823148140625001 0.5556770828125 0.564722221875 0.5195833328125 0.564722221875 0.5195833328125 0.5823148140625001 0.5556770828125 0.5823148140625001
1 0.5615625 0.6024074078125 0.5615625 0.5863888890625 0.5209374999999999 0.5863888890625 0.5209374999999999 0.6024074078125 0.5615625 0.6024074078125
1 0.5638020828125 0.59194444375 0.5638020828125 0.5823148140625001 0.51734375 0.5823148140625001 0.51734375 0.59194444375 0.5638020828125 0.59194444375
1 0.516875 0.5229629625000001 0.516875 0.534259259375 0.5593229171874999 0.534259259375 0.5593229171874999 0.5229629625000001 0.516875 0.5229629625000001
1 0.51734375 0.5141666671875 0.51734375 0.5229629625000001 0.5597395828125 0.5229629625000001 0.5597395828125 0.5141666671875 0.51734375 0.5141666671875
1 0.51734375 0.49898148124999997 0.51734375 0.515 0.55796875 0.515 0.55796875 0.49898148124999997 0.51734375 0.49898148124999997
1 0.5155208328125 0.4893518515625 0.5155208328125 0.49972222187500004 0.55796875 0.49972222187500004 0.55796875 0.4893518515625 0.5155208328125 0.4893518515625
1 0.5155208328125 0.4773148140625 0.5155208328125 0.4893518515625 0.5552604171875 0.4893518515625 0.5552604171875 0.4773148140625 0.5155208328125 0.4773148140625
1 0.5128645828125 0.4620370375 0.5128645828125 0.4773148140625 0.5552604171875 0.4773148140625 0.5552604171875 0.4620370375 0.5128645828125 0.4620370375
1 0.5128645828125 0.45083333281250004 0.5128645828125 0.4620370375 0.5547916671875 0.4620370375 0.5547916671875 0.45083333281250004 0.5128645828125 0.45083333281250004
1 0.51328125 0.4379629625 0.51328125 0.45083333281250004 0.5547916671875 0.45083333281250004 0.5547916671875 0.4379629625 0.51328125 0.4379629625
1 0.51328125 0.4251851859375 0.51328125 0.4379629625 0.5552604171875 0.4379629625 0.5552604171875 0.4251851859375 0.51328125 0.4251851859375
1 0.5155208328125 0.41231481406250003 0.5155208328125 0.4251851859375 0.55390625 0.4251851859375 0.55390625 0.41231481406250003 0.5155208328125 0.41231481406250003
1 0.5155208328125 0.4011111109375 0.5155208328125 0.41231481406250003 0.55390625 0.41231481406250003 0.55390625 0.4011111109375 0.5155208328125 0.4011111109375
1 0.51375 0.39305555625 0.51375 0.4011111109375 0.55390625 0.4011111109375 0.55390625 0.39305555625 0.51375 0.39305555625
1 0.51375 0.380277778125 0.51375 0.39305555625 0.5480208328125 0.39305555625 0.5480208328125 0.380277778125 0.51375 0.380277778125