0 0.641875 0.5596296296875 0.641875 0.394722221875 0.5849479171875 0.394722221875 0.5849479171875 0.5596296296875 0.641875 0.5596296296875
1 0.6754166671874999 0.728703703125 0.6754166671874999 0.6565740734375 0.6434375 0.6565740734375 0.6434375 0.728703703125 0.6754166671874999 0.728703703125
1 0.70578125 0.7633333328125 0.70578125 0.6704629625 0.6699479171875 0.6704629625 0.6699479171875 0.7633333328125 0.70578125 0.7633333328125
1 0.7650520828125 0.8228703703125 0.7650520828125 0.7162037031249999 0.70578125 0.7162037031249999 0.70578125 0.8228703703125 0.7650520828125 0.8228703703125
1 0.99765625 0.94055555625 0.99765625 0.75898148125 0.75515625 0.75898148125 0.75515625 0.94055555625 0.99765625 0.94055555625
1 0.91328125 0.04055555625 0.91328125 0.11814814843749999 0.9639583328124999 0.11814814843749999 0.9639583328124999 0.0784259265625 0.99765625 0.0784259265625 0.99765625 0.0225925921875 0.9594791671875 0.0225925921875 0.9594791671875 0.04055555625 0.91328125 0.04055555625
1 0.84078125 0.20962962968749999 0.84078125 0.15972222187500001 0.8127604171874999 0.15972222187500001 0.8127604171874999 0.20962962968749999 0.84078125 0.20962962968749999
1 0.8439062500000001 0.12648148125 0.8439062500000001 0.17361111093749998 0.8977083328125 0.17361111093749998 0.8977083328125 0.12648148125 0.8439062500000001 0.12648148125
1 0.8696354171875 0.3065740734375 0.8696354171875 0.23037037031250002 0.79015625 0.23037037031250002 0.79015625 0.3065740734375 0.8696354171875 0.3065740734375
1 0.39046875000000003 0.755277778125 0.39046875000000003 0.676759259375 0.2780729171875 0.676759259375 0.2780729171875 0.755277778125 0.39046875000000003 0.755277778125
1 0.30859375 0.773796296875 0.30859375 0.7079629625 0.2657291671875 0.7079629625 0.2657291671875 0.773796296875 0.30859375 0.773796296875
1 0.2657291671875 0.755277778125 0.2657291671875 0.6975925921874999 0.2157291671875 0.6975925921874999 0.2157291671875 0.755277778125 0.2657291671875 0.755277778125
1 0.22156250000000002 0.8061111109375 0.22156250000000002 0.71601851875 0.1422916671875 0.71601851875 0.1422916671875 0.8061111109375 0.22156250000000002 0.8061111109375
1 0.0589973953125 0.7541666671875 0.0585232203125 0.7501192125 0.055924479687499994 0.75043055625 0.0563621796875 0.7541666671875 0.053726962499999996 0.7541666671875 0.053325737500000005 0.7507418984374999 0.0455295140625 0.7516759265624999 0.0458213140625 0.7541666671875 0.0431860984375 0.7541666671875 0.042930771875 0.75198726875 0.04033203125 0.7522986109375001 0.04055088125 0.7541666671875 0.037915665625 0.7541666671875 0.037733290625 0.752609953125 0.0352804484375 0.7541666671875 0.0351345484375 0.752921296875 0.0326452328125 0.7541666671875 0.0325358078125 0.7532326390625 0.030010015625000004 0.7541666671875 0.029937065625 0.75354398125 0.0247395828125 0.7541666671875 0.0247395828125 0.86851851875 0.1617708328125 0.86851851875 0.1617708328125 0.7541666671875 0.15386518437500002 0.7541666671875 0.15467665 0.7385995375000001 0.6068576390625 0.6844259265625 0.6081770828125 0.6890305015625 0.6081770828125 0.7609259265625 0.6484375 0.7609259265625 0.6484375 0.67944444375 0.6081770828125 0.6842374734375001 0.6081770828125 0.67944444375 0.1520779078125 0.7389108796875 0.0611219625 0.7498078703125 0.061632612499999996 0.7541666671875 0.0589973953125 0.7541666671875
1 0.07781249999999999 0.942222221875 0.07781249999999999 0.8191666671875 0.00484375 0.8191666671875 0.00484375 0.942222221875 0.07781249999999999 0.942222221875
1 0.0890104171875 0.57305555625 0.0890104171875 0.48157407343749997 0.0010937499999999999 0.48157407343749997 0.0010937499999999999 0.57305555625 0.0890104171875 0.57305555625
1 0.14890625 0.554722221875 0.14890625 0.4699074078125 0.0703125 0.4699074078125 0.0703125 0.554722221875 0.14890625 0.554722221875
1 0.14984375 0.47990740781249996 0.14984375 0.554722221875 0.2134375 0.554722221875 0.2134375 0.47990740781249996 0.14984375 0.47990740781249996
1 0.2648958328125 0.5463888890625 0.2648958328125 0.47990740781249996 0.2134375 0.47990740781249996 0.2134375 0.5463888890625 0.2648958328125 0.5463888890625
1 0.2648958328125 0.35351851875 0.2648958328125 0.2803703703125 0.1105729171875 0.2803703703125 0.1105729171875 0.35351851875 0.2648958328125 0.35351851875
1 0.15546875 0.2271296296875 0.15546875 0.32694444375 0.21625 0.32694444375 0.21625 0.2271296296875 0.15546875 0.2271296296875
1 0.00484375 0.17555555625000002 0.00484375 0.295277778125 0.1732291671875 0.295277778125 0.1732291671875 0.17555555625000002 0.00484375 0.17555555625000002
1 0.0759375 0.23379629687499998 0.0759375 0.1124074078125 0.0010937499999999999 0.1124074078125 0.0010937499999999999 0.23379629687499998 0.0759375 0.23379629687499998
1 0.0619270828125 0.043981481249999996 0.0619270828125 0.15259259218750001 0.26005208281250003 0.15259259218750001 0.26005208281250003 0.043981481249999996 0.0619270828125 0.043981481249999996
1 0.03265625 0.0024074078125 0.03265625 0.07055555625 0.2353645828125 0.07055555625 0.2353645828125 0.0024074078125 0.03265625 0.0024074078125