1 0.80828125 0.006527778125 0.80828125 0.25319444375 0.9874218750000001 0.25319444375 0.9874218750000001 0.006527778125 0.80828125 0.006527778125
1 0.8392968749999999 0.38486111093750003 0.8392968749999999 0.18847222187499998 0.72609375 0.18847222187499998 0.72609375 0.38486111093750003 0.8392968749999999 0.38486111093750003
1 0.7692187500000001 0.33458333281249997 0.7692187500000001 0.1861111109375 0.639921875 0.1861111109375 0.639921875 0.33458333281249997 0.7692187500000001 0.33458333281249997
1 0.7375 0.46708333281250003 0.7375 0.35402777812499997 0.58125 0.35402777812499997 0.58125 0.46708333281250003 0.7375 0.46708333281250003
1 0.880546875 0.731527778125 0.880546875 0.6466666671875 0.7375 0.6466666671875 0.7375 0.731527778125 0.880546875 0.731527778125
1 0.8618750000000001 0.8245833328125001 0.8618750000000001 0.70819444375 0.7253125 0.70819444375 0.7253125 0.8245833328125001 0.8618750000000001 0.8245833328125001
1 0.997265625 0.8573611109374999 0.997265625 0.718472221875 0.84640625 0.718472221875 0.84640625 0.8573611109374999 0.997265625 0.8573611109374999
1 0.7322656249999999 0.7563888890625 0.7322656249999999 0.6870833328125 0.627734375 0.6870833328125 0.627734375 0.7563888890625 0.7322656249999999 0.7563888890625
1 0.63546875 0.7424999999999999 0.63546875 0.6870833328125 0.6056250000000001 0.6870833328125 0.6056250000000001 0.7424999999999999 0.63546875 0.7424999999999999
1 0.612109375 0.7333333328125 0.612109375 0.6766666671875 0.5900000000000001 0.6766666671875 0.5900000000000001 0.7333333328125 0.612109375 0.7333333328125
1 0.595625 0.7283333328125 0.595625 0.680277778125 0.576640625 0.680277778125 0.576640625 0.7283333328125 0.595625 0.7283333328125
1 0.579375 0.7211111109375 0.579375 0.6866666671874999 0.569453125 0.6866666671874999 0.569453125 0.7211111109375 0.579375 0.7211111109375
1 0.5703125 0.711527778125 0.5703125 0.6883333328125001 0.56359375 0.6883333328125001 0.56359375 0.711527778125 0.5703125 0.711527778125
1 0.564921875 0.7091666671875 0.564921875 0.6866666671874999 0.552734375 0.6866666671874999 0.552734375 0.7091666671875 0.564921875 0.7091666671875
1 0.5563281250000001 0.7051388890625 0.5563281250000001 0.683472221875 0.5504687500000001 0.683472221875 0.5504687500000001 0.7051388890625 0.5563281250000001 0.7051388890625
1 0.55 0.700277778125 0.55 0.6866666671874999 0.54375 0.6866666671874999 0.54375 0.700277778125 0.55 0.700277778125
1 0.59953125 0.5145833328125 0.59953125 0.46958333281250003 0.563125 0.46958333281250003 0.563125 0.5145833328125 0.59953125 0.5145833328125
1 0.684609375 0.5308333328125 0.684609375 0.4995833328125 0.626171875 0.4995833328125 0.626171875 0.5308333328125 0.684609375 0.5308333328125
1 0.62421875 0.5388888890625 0.62421875 0.51805555625 0.6150781249999999 0.51805555625 0.6150781249999999 0.5388888890625 0.62421875 0.5388888890625
1 0.012265624999999999 0.438472221875 0.012265624999999999 0.5549999999999999 0.13671875 0.5549999999999999 0.13671875 0.438472221875 0.012265624999999999 0.438472221875
1 0.017890625 0.1258333328125 0.017890625 0.267222221875 0.14890625 0.267222221875 0.14890625 0.1258333328125 0.017890625 0.1258333328125
1 0.14140625 0.22402777812500002 0.14140625 0.32875 0.199375 0.32875 0.199375 0.22402777812500002 0.14140625 0.22402777812500002
1 0.195625 0.287222221875 0.195625 0.3620833328125 0.24148437500000003 0.3620833328125 0.24148437500000003 0.287222221875 0.195625 0.287222221875
1 0.1828125 0.26555555625 0.1828125 0.34055555625 0.27804687499999997 0.34055555625 0.27804687499999997 0.26555555625 0.1828125 0.26555555625
1 0.16171875 0.19430555625 0.16171875 0.2636111109375 0.27484375 0.2636111109375 0.27484375 0.19430555625 0.16171875 0.19430555625
1 0.128671875 0.086527778125 0.128671875 0.18652777812500002 0.254296875 0.18652777812500002 0.254296875 0.086527778125 0.128671875 0.086527778125
1 0.232578125 0.1 0.232578125 0.16930555625000002 0.280234375 0.16930555625000002 0.280234375 0.1 0.232578125 0.1
1 0.23585937499999998 0.1625 0.23585937499999998 0.22513888906249999 0.30078125 0.22513888906249999 0.30078125 0.1625 0.23585937499999998 0.1625
1 0.2575 0.20875 0.2575 0.2683333328125 0.318671875 0.2683333328125 0.318671875 0.20875 0.2575 0.20875
1 0.27859375000000003 0.1548611109375 0.27859375000000003 0.2116666671875 0.31921875 0.2116666671875 0.31921875 0.1548611109375 0.27859375000000003 0.1548611109375
1 0.30679687499999997 0.18375 0.30679687499999997 0.23569444375 0.33765625 0.23569444375 0.33765625 0.18375 0.30679687499999997 0.18375
1 0.30460937499999996 0.22319444375000003 0.30460937499999996 0.2770833328125 0.3484375 0.2770833328125 0.3484375 0.22319444375000003 0.30460937499999996 0.22319444375000003
1 0.30078125 0.28569444375 0.30078125 0.334722221875 0.347890625 0.334722221875 0.347890625 0.28569444375 0.30078125 0.28569444375
1 0.29757812499999997 0.28958333281250004 0.29757812499999997 0.34444444375 0.319765625 0.34444444375 0.319765625 0.28958333281250004 0.29757812499999997 0.28958333281250004
1 0.27156250000000004 0.2366666671875 0.27156250000000004 0.30694444375 0.301875 0.30694444375 0.301875 0.2366666671875 0.27156250000000004 0.2366666671875
1 0.268359375 0.30874999999999997 0.268359375 0.38 0.299765625 0.38 0.299765625 0.30874999999999997 0.268359375 0.30874999999999997
1 0.291640625 0.35208333281250004 0.291640625 0.40597222187500004 0.318125 0.40597222187500004 0.318125 0.35208333281250004 0.291640625 0.35208333281250004
1 0.293203125 0.4329166671875 0.293203125 0.48305555624999996 0.318125 0.48305555624999996 0.318125 0.4329166671875 0.293203125 0.4329166671875
1 0.210390625 0.40222222187499995 0.210390625 0.46375 0.2959375 0.46375 0.2959375 0.40222222187499995 0.210390625 0.40222222187499995
1 0.269921875 0.5320833328125001 0.269921875 0.46666666718750005 0.19468749999999999 0.46666666718750005 0.19468749999999999 0.5320833328125001 0.269921875 0.5320833328125001
1 0.266171875 0.48680555625000005 0.266171875 0.5349999999999999 0.30078125 0.5349999999999999 0.30078125 0.48680555625000005 0.266171875 0.48680555625000005
1 0.310546875 0.5291666671875 0.310546875 0.5638888890625 0.33546875 0.5638888890625 0.33546875 0.5291666671875 0.310546875 0.5291666671875
1 0.28671875 0.40597222187500004 0.28671875 0.45222222187499994 0.331640625 0.45222222187499994 0.331640625 0.40597222187500004 0.28671875 0.40597222187500004
1 0.330625 0.4329166671875 0.330625 0.4733333328125 0.3484375 0.4733333328125 0.3484375 0.4329166671875 0.330625 0.4329166671875
1 0.344140625 0.4579166671875 0.344140625 0.49069444375 0.360390625 0.49069444375 0.360390625 0.4579166671875 0.344140625 0.4579166671875
1 0.31109375 0.38388888906249996 0.31109375 0.425277778125 0.36148437499999997 0.425277778125 0.36148437499999997 0.38388888906249996 0.31109375 0.38388888906249996
1 0.31 0.32999999999999996 0.31 0.3645833328125 0.35929687499999996 0.3645833328125 0.35929687499999996 0.32999999999999996 0.31 0.32999999999999996
1 0.3203125 0.197222221875 0.3203125 0.24819444375000002 0.358203125 0.24819444375000002 0.358203125 0.197222221875 0.3203125 0.197222221875
1 0.28726562499999997 0.15958333281249998 0.28726562499999997 0.2 0.35765625 0.2 0.35765625 0.15958333281249998 0.28726562499999997 0.15958333281249998
1 0.266171875 0.1211111109375 0.266171875 0.17124999999999999 0.34304687500000003 0.17124999999999999 0.34304687500000003 0.1211111109375 0.266171875 0.1211111109375
1 0.243359375 0.07666666718750001 0.243359375 0.1373611109375 0.32796875000000003 0.1373611109375 0.32796875000000003 0.07666666718750001 0.243359375 0.07666666718750001
1 0.18937500000000002 0.017777778124999997 0.18937500000000002 0.09 0.30625 0.09 0.30625 0.017777778124999997 0.18937500000000002 0.017777778124999997
1 0.2828125 0.0033333328125 0.2828125 0.049861110937499994 0.3296875 0.049861110937499994 0.3296875 0.0033333328125 0.2828125 0.0033333328125
1 0.29093749999999996 0.030555556249999997 0.29093749999999996 0.0770833328125 0.355859375 0.0770833328125 0.355859375 0.030555556249999997 0.29093749999999996 0.030555556249999997
1 0.331484375 0.07069444375 0.331484375 0.12930555625 0.367578125 0.12930555625 0.367578125 0.07069444375 0.331484375 0.07069444375
1 0.32023437499999996 0.061111110937500004 0.32023437499999996 0.11805555625 0.34054687499999997 0.11805555625 0.34054687499999997 0.061111110937500004 0.32023437499999996 0.061111110937500004
1 0.32609374999999996 0.105972221875 0.32609374999999996 0.16125 0.3571875 0.16125 0.3571875 0.105972221875 0.32609374999999996 0.105972221875
1 0.130859375 0.48944444374999996 0.130859375 0.5679166671875 0.19390625 0.5679166671875 0.19390625 0.48944444374999996 0.130859375 0.48944444374999996
1 0.18742187500000002 0.530972221875 0.18742187500000002 0.59569444375 0.238046875 0.59569444375 0.238046875 0.530972221875 0.18742187500000002 0.530972221875
1 0.241015625 0.8579166671875 0.241015625 0.7677777781249999 0.126484375 0.7677777781249999 0.126484375 0.8579166671875 0.241015625 0.8579166671875
1 0.12335937500000001 0.8813888890625 0.12335937500000001 0.7983333328125 0.050859375 0.7983333328125 0.050859375 0.8813888890625 0.12335937500000001 0.8813888890625
1 0.046953125 0.8925000000000001 0.046953125 0.800972221875 0.0017187500000000002 0.800972221875 0.0017187500000000002 0.8925000000000001 0.046953125 0.8925000000000001
1 0.27578125 0.8101388890625 0.27578125 0.7636111109375 0.22390625000000003 0.7636111109375 0.22390625000000003 0.8101388890625 0.27578125 0.8101388890625
1 0.297421875 0.7861111109375 0.297421875 0.748472221875 0.265859375 0.748472221875 0.265859375 0.7861111109375 0.297421875 0.7861111109375
1 0.318671875 0.7701388890625 0.318671875 0.745972221875 0.29203125 0.745972221875 0.29203125 0.7701388890625 0.318671875 0.7701388890625
1 0.330390625 0.7661111109375 0.330390625 0.73805555625 0.313671875 0.73805555625 0.313671875 0.7661111109375 0.330390625 0.7661111109375
1 0.350703125 0.76680555625 0.350703125 0.734027778125 0.32632812499999997 0.734027778125 0.32632812499999997 0.76680555625 0.350703125 0.76680555625
1 0.360546875 0.7551388890624999 0.360546875 0.7295833328125 0.352109375 0.7295833328125 0.352109375 0.7551388890624999 0.360546875 0.7551388890624999
1 0.375625 0.7434722218750001 0.375625 0.724027778125 0.364296875 0.724027778125 0.364296875 0.7434722218750001 0.375625 0.7434722218750001
1 0.3890625 0.73625 0.3890625 0.7201388890625 0.37429687500000003 0.7201388890625 0.37429687500000003 0.73625 0.3890625 0.73625
1 0.35867187500000003 0.5608333328125 0.35867187500000003 0.589722221875 0.374609375 0.589722221875 0.374609375 0.5608333328125 0.35867187500000003 0.5608333328125
1 0.346796875 0.5536111109374999 0.346796875 0.5891666671875 0.360546875 0.5891666671875 0.360546875 0.5536111109374999 0.346796875 0.5536111109374999
1 0.33203125 0.5447222218750001 0.33203125 0.57805555625 0.34835937499999997 0.57805555625 0.34835937499999997 0.5447222218750001 0.33203125 0.5447222218750001
1 0.37906249999999997 0.578472221875 0.37906249999999997 0.60430555625 0.3896875 0.60430555625 0.3896875 0.578472221875 0.37906249999999997 0.578472221875
1 0.370078125 0.5711111109375 0.370078125 0.6001388890625 0.381640625 0.6001388890625 0.381640625 0.5711111109375 0.370078125 0.5711111109375
1 0.3853125 0.5873611109375 0.3853125 0.609027778125 0.399453125 0.609027778125 0.399453125 0.5873611109375 0.3853125 0.5873611109375
1 0.394921875 0.591527778125 0.394921875 0.6163888890625 0.40796875000000005 0.6163888890625 0.40796875000000005 0.591527778125 0.394921875 0.591527778125
1 0.41515625 0.7284722218749999 0.41515625 0.7075 0.39187500000000003 0.7075 0.39187500000000003 0.7284722218749999 0.41515625 0.7284722218749999
1 0.458515625 0.704722221875 0.458515625 0.6958333328124999 0.4325 0.6958333328124999 0.4325 0.704722221875 0.458515625 0.704722221875
1 0.47765625 0.7023611109375001 0.47765625 0.6900000000000001 0.45562500000000006 0.6900000000000001 0.45562500000000006 0.7023611109375001 0.47765625 0.7023611109375001
1 0.601328125 0.5898611109375 0.601328125 0.5554166671874999 0.531875 0.5554166671874999 0.531875 0.5898611109375 0.601328125 0.5898611109375
1 0.580078125 0.48402777812500003 0.580078125 0.44152777812500005 0.5278125 0.44152777812500005 0.5278125 0.48402777812500003 0.580078125 0.48402777812500003
1 0.5828125 0.370972221875 0.5828125 0.334027778125 0.5178906249999999 0.334027778125 0.5178906249999999 0.370972221875 0.5828125 0.370972221875
1 0.589140625 0.26749999999999996 0.589140625 0.2258333328125 0.521953125 0.2258333328125 0.521953125 0.26749999999999996 0.589140625 0.26749999999999996
1 0.65953125 0.26027777812499997 0.65953125 0.19055555625 0.563515625 0.19055555625 0.563515625 0.26027777812499997 0.65953125 0.26027777812499997
1 0.684375 0.20166666718749998 0.684375 0.09194444375000001 0.577890625 0.09194444375000001 0.577890625 0.20166666718749998 0.684375 0.20166666718749998
1 0.334609375 0.1911111109375 0.334609375 0.2138888890625 0.3746875 0.2138888890625 0.3746875 0.1911111109375 0.334609375 0.1911111109375
1 0.3559375 0.146527778125 0.3559375 0.19 0.3734375 0.19 0.3734375 0.146527778125 0.3559375 0.146527778125
1 0.338671875 0.21444444375 0.338671875 0.24958333281249998 0.384140625 0.24958333281249998 0.384140625 0.21444444375 0.338671875 0.21444444375
1 0.348671875 0.25069444375 0.348671875 0.2841666671875 0.369375 0.2841666671875 0.369375 0.25069444375 0.348671875 0.25069444375
1 0.338984375 0.27069444374999996 0.338984375 0.3113888890625 0.37625000000000003 0.3113888890625 0.37625000000000003 0.27069444374999996 0.338984375 0.27069444374999996
1 0.39109375 0.35611111093750003 0.39109375 0.31875 0.34445312499999997 0.31875 0.34445312499999997 0.35611111093750003 0.39109375 0.35611111093750003
1 0.33734375 0.37 0.33734375 0.40055555624999994 0.375859375 0.40055555624999994 0.375859375 0.37 0.33734375 0.37
1 0.346875 0.3923611109375 0.346875 0.4198611109375 0.38453125 0.4198611109375 0.38453125 0.3923611109375 0.346875 0.3923611109375
1 0.35335937500000003 0.45236111093750003 0.35335937500000003 0.4829166671875 0.368359375 0.4829166671875 0.368359375 0.45236111093750003 0.35335937500000003 0.45236111093750003
1 0.349921875 0.4725 0.349921875 0.50194444375 0.37710937499999997 0.50194444375 0.37710937499999997 0.4725 0.349921875 0.4725
1 0.373359375 0.48375 0.373359375 0.5097222218749999 0.38625 0.5097222218749999 0.38625 0.48375 0.373359375 0.48375
0 0.531171875 0.6966666671875 0.531171875 0.574722221875 0.48968749999999994 0.574722221875 0.48968749999999994 0.6966666671875 0.531171875 0.6966666671875