0 0.4845833328125 0.5759259265625001 0.4845833328125 0.42092592656249994 0.4413541671875 0.42092592656249994 0.4413541671875 0.5759259265625001 0.4845833328125 0.5759259265625001
1 0.0665104171875 0.9661111109375 0.0665104171875 0.8441666671875 0.0010416671875 0.8441666671875 0.0010416671875 0.9661111109375 0.0665104171875 0.9661111109375
1 0.1351041671875 0.9024074078125001 0.1351041671875 0.8025925921875 0.0478125 0.8025925921875 0.0478125 0.9024074078125001 0.1351041671875 0.9024074078125001
1 0.1631770828125 0.8081481484375 0.1631770828125 0.76101851875 0.1280729171875 0.76101851875 0.1280729171875 0.8081481484375 0.1631770828125 0.8081481484375
1 0.1982291671875 0.7790740734375 0.1982291671875 0.725 0.15770833281250002 0.725 0.15770833281250002 0.7790740734375 0.1982291671875 0.7790740734375
1 0.19744791718750002 0.7000925921875 0.19744791718750002 0.74851851875 0.23953125000000003 0.74851851875 0.23953125000000003 0.7000925921875 0.19744791718750002 0.7000925921875
1 0.2597916671875 0.709722221875 0.2597916671875 0.67648148125 0.2231770828125 0.67648148125 0.2231770828125 0.709722221875 0.2597916671875 0.709722221875
1 0.0727083328125 0.4090740734375 0.0727083328125 0.3106481484375 0.0018229171874999998 0.3106481484375 0.0018229171874999998 0.4090740734375 0.0727083328125 0.4090740734375
1 0.1257291671875 0.4256481484375 0.1257291671875 0.339722221875 0.0672916671875 0.339722221875 0.0672916671875 0.4256481484375 0.1257291671875 0.4256481484375
1 0.185 0.44925925937500005 0.185 0.37851851875000003 0.1382291671875 0.37851851875000003 0.1382291671875 0.44925925937500005 0.185 0.44925925937500005
1 0.1834375 0.39101851875000004 0.1834375 0.44925925937500005 0.2130208328125 0.44925925937500005 0.2130208328125 0.39101851875000004 0.1834375 0.39101851875000004
1 0.23953125000000003 0.46166666718749994 0.23953125000000003 0.4049074078125 0.2122916671875 0.4049074078125 0.2122916671875 0.46166666718749994 0.23953125000000003 0.46166666718749994
1 0.25671875 0.46444444375 0.25671875 0.41185185156250004 0.23411458281250003 0.41185185156250004 0.23411458281250003 0.46444444375 0.25671875 0.46444444375
1 0.25125000000000003 0.4145370375 0.25125000000000003 0.47000000000000003 0.2754166671875 0.47000000000000003 0.2754166671875 0.4145370375 0.25125000000000003 0.4145370375
1 0.2956770828125 0.48111111093750003 0.2956770828125 0.43675925937500004 0.27229166718750003 0.43675925937500004 0.27229166718750003 0.48111111093750003 0.2956770828125 0.48111111093750003
1 0.2995833328125 0.44787037031250004 0.2995833328125 0.4783333328125 0.3128125 0.4783333328125 0.3128125 0.44787037031250004 0.2995833328125 0.44787037031250004
1 0.21380208281250002 0.2925925921875 0.21380208281250002 0.34249999999999997 0.29020833281249997 0.34249999999999997 0.29020833281249997 0.2925925921875 0.21380208281250002 0.2925925921875
1 0.0552604171875 0.008240740625 0.0552604171875 0.10240740781249999 0.24078125 0.10240740781249999 0.24078125 0.008240740625 0.0552604171875 0.008240740625
1 0.0669791671875 0.07055555625 0.0669791671875 0.2008333328125 0.1301041671875 0.2008333328125 0.1301041671875 0.07055555625 0.0669791671875 0.07055555625
1 0.0014583328125 0.0026851859375 0.0014583328125 0.1246296296875 0.0731770828125 0.1246296296875 0.0731770828125 0.0026851859375 0.0014583328125 0.0026851859375
1 0.1308854171875 0.0983333328125 0.1308854171875 0.205 0.1753125 0.205 0.1753125 0.0983333328125 0.1308854171875 0.0983333328125
1 0.09036458281250001 0.1620370375 0.09036458281250001 0.2396296296875 0.2049479171875 0.2396296296875 0.2049479171875 0.1620370375 0.09036458281250001 0.1620370375
1 0.0934895828125 0.207777778125 0.0934895828125 0.27009259218750004 0.236875 0.27009259218750004 0.236875 0.207777778125 0.0934895828125 0.207777778125
1 0.23223958281249998 0.25351851875000003 0.23223958281249998 0.299259259375 0.25406249999999997 0.299259259375 0.25406249999999997 0.25351851875000003 0.23223958281249998 0.25351851875000003
1 0.2509375 0.2576851859375 0.2509375 0.3158333328125 0.2727604171875 0.3158333328125 0.2727604171875 0.2576851859375 0.2509375 0.2576851859375
1 0.1940104171875 0.1495370375 0.1940104171875 0.2008333328125 0.2844270828125 0.2008333328125 0.2844270828125 0.1495370375 0.1940104171875 0.1495370375
1 0.1753125 0.1149074078125 0.1753125 0.1634259265625 0.2774479171875 0.1634259265625 0.2774479171875 0.1149074078125 0.1753125 0.1149074078125
1 0.183125 0.080277778125 0.183125 0.1315740734375 0.25484375 0.1315740734375 0.25484375 0.080277778125 0.183125 0.080277778125
1 0.21817708281249998 0.0096296296875 0.21817708281249998 0.0691666671875 0.2820833328125 0.0691666671875 0.2820833328125 0.0096296296875 0.21817708281249998 0.0096296296875
1 0.2774479171875 0.026203703124999998 0.2774479171875 0.0788888890625 0.309375 0.0788888890625 0.309375 0.026203703124999998 0.2774479171875 0.026203703124999998
1 0.2989583328125 0.3043518515625 0.2989583328125 0.3484259265625 0.3174479171875 0.3484259265625 0.3174479171875 0.3043518515625 0.2989583328125 0.3043518515625
1 0.2781770828125 0.2826851859375 0.2781770828125 0.338796296875 0.30343749999999997 0.338796296875 0.30343749999999997 0.2826851859375 0.2781770828125 0.2826851859375
1 0.41531250000000003 0.584259259375 0.41531250000000003 0.5658333328125 0.3427083328125 0.5658333328125 0.3427083328125 0.584259259375 0.41531250000000003 0.584259259375
1 0.3851041671875 0.5970370375 0.3851041671875 0.5681481484375001 0.3526041671875 0.5681481484375001 0.3526041671875 0.5970370375 0.3851041671875 0.5970370375
1 0.6549479171875 0.24472222187499998 0.6549479171875 0.168240740625 0.5230208328125 0.168240740625 0.5230208328125 0.24472222187499998 0.6549479171875 0.24472222187499998
1 0.6371875 0.26805555625 0.6371875 0.20148148125 0.5061979171875 0.20148148125 0.5061979171875 0.26805555625 0.6371875 0.26805555625
1 0.7265104171875 0.056574073437500004 0.7265104171875 0.0038888890625 0.6212500000000001 0.0038888890625 0.6212500000000001 0.056574073437500004 0.7265104171875 0.056574073437500004
1 0.8800520828125 0.011296296875 0.8800520828125 0.16694444375 0.9985937500000001 0.16694444375 0.9985937500000001 0.011296296875 0.8800520828125 0.011296296875
1 0.5341145828125 0.6409259265625 0.5341145828125 0.6033333328125 0.5210416671875 0.6033333328125 0.5210416671875 0.6409259265625 0.5341145828125 0.6409259265625
1 0.5469270828125 0.6590740734375 0.5469270828125 0.6223148140625 0.53234375 0.6223148140625 0.53234375 0.6590740734375 0.5469270828125 0.6590740734375
1 0.5636979171875 0.6811111109375 0.5636979171875 0.6374074078125 0.5463020828125 0.6374074078125 0.5463020828125 0.6811111109375 0.5636979171875 0.6811111109375
1 0.5863020828125001 0.7116666671874999 0.5863020828125001 0.6501851859375 0.5626041671875 0.6501851859375 0.5626041671875 0.7116666671874999 0.5863020828125001 0.7116666671874999
1 0.6190104171875 0.7499074078125 0.6190104171875 0.67694444375 0.58515625 0.67694444375 0.58515625 0.7499074078125 0.6190104171875 0.7499074078125
1 0.6698958328125 0.81694444375 0.6698958328125 0.6995370375000001 0.6103645828125 0.6995370375000001 0.6103645828125 0.81694444375 0.6698958328125 0.81694444375
1 0.7541145828125 0.919722221875 0.7541145828125 0.7650925921875 0.6540104171875 0.7650925921875 0.6540104171875 0.919722221875 0.7541145828125 0.919722221875
1 0.9934375 0.9925 0.9934375 0.840740740625 0.7393229171875 0.840740740625 0.7393229171875 0.9925 0.9934375 0.9925