0 0.85671875 0.7223611109375 0.85671875 0.42625 0.75828125 0.42625 0.75828125 0.7223611109375 0.85671875 0.7223611109375
0 0.998828125 0.782777778125 0.998828125 0.00069444375 0.8978125 0.00069444375 0.8978125 0.782777778125 0.998828125 0.782777778125
1 0.13203125 0.669027778125 0.13203125 0.652222221875 0.106328125 0.652222221875 0.106328125 0.669027778125 0.13203125 0.669027778125
1 0.105859375 0.6697222218750001 0.105859375 0.652222221875 0.07843750000000001 0.652222221875 0.07843750000000001 0.6697222218750001 0.105859375 0.6697222218750001
1 0.156015625 0.6666666671875 0.156015625 0.6476388890625 0.13328125 0.6476388890625 0.13328125 0.6666666671875 0.156015625 0.6666666671875
1 0.1015625 0.59819444375 0.1015625 0.5783333328125 0.07718749999999999 0.5783333328125 0.07718749999999999 0.59819444375 0.1015625 0.59819444375
1 0.14054687500000002 0.46027777812500004 0.14054687500000002 0.425277778125 0.10804687500000001 0.425277778125 0.10804687500000001 0.46027777812500004 0.14054687500000002 0.46027777812500004
1 0.112265625 0.425277778125 0.112265625 0.40097222187500003 0.0840625 0.40097222187500003 0.0840625 0.425277778125 0.112265625 0.425277778125
1 0.105859375 0.467222221875 0.105859375 0.4436111109375 0.07976562499999999 0.4436111109375 0.07976562499999999 0.467222221875 0.105859375 0.467222221875
1 0.13671875 0.5295833328125 0.13671875 0.49305555625 0.10289062499999999 0.49305555625 0.10289062499999999 0.5295833328125 0.13671875 0.5295833328125
1 0.246328125 0.5319444437499999 0.246328125 0.49611111093750004 0.207421875 0.49611111093750004 0.207421875 0.5319444437499999 0.246328125 0.5319444437499999
1 0.248046875 0.4276388890625 0.248046875 0.3948611109375 0.20226562499999998 0.3948611109375 0.20226562499999998 0.4276388890625 0.248046875 0.4276388890625
1 0.234375 0.4808333328125 0.234375 0.449722221875 0.20570312500000001 0.449722221875 0.20570312500000001 0.4808333328125 0.234375 0.4808333328125