1 0.9928125 0.5536458328125 0.9928125 0.3563541671875 0.6056250000000001 0.3563541671875 0.6056250000000001 0.5536458328125 0.9928125 0.5536458328125
1 0.7346874999999999 0.42739583281250004 0.7346874999999999 0.2126041671875 0.394765625 0.2126041671875 0.394765625 0.42739583281250004 0.7346874999999999 0.42739583281250004
1 0.6778125 0.473125 0.6778125 0.32156250000000003 0.282265625 0.32156250000000003 0.282265625 0.473125 0.6778125 0.473125
1 0.5760156249999999 0.496875 0.5760156249999999 0.3720833328125 0.20890625 0.3720833328125 0.20890625 0.496875 0.5760156249999999 0.496875
1 0.394765625 0.5 0.394765625 0.44312500000000005 0.10109375000000001 0.44312500000000005 0.10109375000000001 0.5 0.394765625 0.5
1 0.103515625 0.533125 0.103515625 0.4684375 0.05375 0.4684375 0.05375 0.533125 0.103515625 0.533125
1 0.07390624999999999 0.5 0.07390624999999999 0.4336458328125 0.030078125 0.4336458328125 0.030078125 0.5 0.07390624999999999 0.5
1 0.039531250000000004 0.5079166671875 0.039531250000000004 0.4605208328125 0.014687500000000001 0.4605208328125 0.014687500000000001 0.5079166671875 0.039531250000000004 0.5079166671875
1 0.294140625 0.6058333328125001 0.294140625 0.5363541671875 0.014687500000000001 0.5363541671875 0.014687500000000001 0.6058333328125001 0.294140625 0.6058333328125001
1 0.020624999999999998 0.593125 0.020624999999999998 0.5441666671875 0.0028125 0.5441666671875 0.0028125 0.593125 0.020624999999999998 0.593125
1 0.07273437499999999 0.7763541671875 0.07273437499999999 0.7336458328125001 0.02890625 0.7336458328125001 0.02890625 0.7763541671875 0.07273437499999999 0.7763541671875
1 0.041875 0.7653125000000001 0.041875 0.7210416671875 0.009921875 0.7210416671875 0.009921875 0.7653125000000001 0.041875 0.7653125000000001
1 0.214765625 0.8079166671875001 0.214765625 0.7479166671875 0.063203125 0.7479166671875 0.063203125 0.8079166671875001 0.214765625 0.8079166671875001
1 0.19703125 0.8236458328125 0.19703125 0.7573958328125 0.08453125 0.7573958328125 0.08453125 0.8236458328125 0.19703125 0.8236458328125
1 0.22898437500000002 0.8568749999999999 0.22898437500000002 0.7684375 0.1271875 0.7684375 0.1271875 0.8568749999999999 0.22898437500000002 0.8568749999999999
1 0.328515625 0.9010416671874999 0.328515625 0.803125 0.20890625 0.803125 0.20890625 0.9010416671874999 0.328515625 0.9010416671874999
1 0.39718749999999997 0.976875 0.39718749999999997 0.8458333328125001 0.27046875 0.8458333328125001 0.27046875 0.976875 0.39718749999999997 0.976875
1 0.6896875 0.9910416671875 0.6896875 0.8741666671875 0.39835937499999996 0.8741666671875 0.39835937499999996 0.9910416671875 0.6896875 0.9910416671875
1 0.20578124999999997 0.0032291671874999997 0.20578124999999997 0.1375 0.472265625 0.1375 0.472265625 0.0032291671874999997 0.20578124999999997 0.0032291671874999997
1 0.41656250000000006 0.1927083328125 0.41656250000000006 0.0427083328125 0.14781249999999999 0.0427083328125 0.14781249999999999 0.1927083328125 0.41656250000000006 0.1927083328125
1 0.323046875 0.2180208328125 0.323046875 0.1311458328125 0.100390625 0.1311458328125 0.100390625 0.2180208328125 0.323046875 0.2180208328125
1 0.227109375 0.2527083328125 0.227109375 0.1895833328125 0.047109374999999995 0.1895833328125 0.047109374999999995 0.2527083328125 0.227109375 0.2527083328125
1 0.04828125 0.2875 0.04828125 0.2321875 0.018671874999999998 0.2321875 0.018671874999999998 0.2875 0.04828125 0.2875
1 0.02578125 0.3047916671875 0.02578125 0.2527083328125 0.002109375 0.2527083328125 0.002109375 0.3047916671875 0.02578125 0.3047916671875
1 0.11695312499999999 0.3742708328125 0.11695312499999999 0.3080208328125 0.032890625 0.3080208328125 0.032890625 0.3742708328125 0.11695312499999999 0.3742708328125
1 0.134765625 0.1516666671875 0.134765625 0.0442708328125 0.04359375 0.0442708328125 0.04359375 0.1516666671875 0.134765625 0.1516666671875
1 0.1253125 0.1816666671875 0.1253125 0.0916666671875 0.0234375 0.0916666671875 0.0234375 0.1816666671875 0.1253125 0.1816666671875
1 0.009218750000000001 0.009583332812500001 0.009218750000000001 0.1011458328125 0.069609375 0.1011458328125 0.069609375 0.009583332812500001 0.009218750000000001 0.009583332812500001