1 0.5238020828125001 0.5870370375 0.5238020828125001 0.564722221875 0.4845833328125 0.564722221875 0.4845833328125 0.5870370375 0.5238020828125001 0.5870370375
1 0.44828124999999996 0.5962962968750001 0.44828124999999996 0.5725925921874999 0.41500000000000004 0.5725925921874999 0.41500000000000004 0.5962962968750001 0.44828124999999996 0.5962962968750001
1 0.4194270828125 0.585740740625 0.4194270828125 0.5686111109375 0.3957291671875 0.5686111109375 0.3957291671875 0.585740740625 0.4194270828125 0.585740740625
1 0.3935416671875 0.5962962968750001 0.3935416671875 0.571296296875 0.35432291718750003 0.571296296875 0.35432291718750003 0.5962962968750001 0.3935416671875 0.5962962968750001
1 0.34098958281249997 0.6923148140625 0.34098958281249997 0.6528703703125001 0.3261979171875 0.6528703703125001 0.3261979171875 0.6923148140625 0.34098958281249997 0.6923148140625
1 0.3269270828125 0.714722221875 0.3269270828125 0.671296296875 0.31135416718750003 0.671296296875 0.31135416718750003 0.714722221875 0.3269270828125 0.714722221875
1 0.31135416718750003 0.7383333328125 0.31135416718750003 0.69101851875 0.290625 0.69101851875 0.290625 0.7383333328125 0.31135416718750003 0.7383333328125
1 0.29432291718750003 0.7738888890625 0.29432291718750003 0.7054629625 0.2536458328125 0.7054629625 0.2536458328125 0.7738888890625 0.29432291718750003 0.7738888890625
1 0.2758333328125 0.40546296249999997 0.2758333328125 0.44759259218749997 0.32171875 0.44759259218749997 0.32171875 0.40546296249999997 0.2758333328125 0.40546296249999997
1 0.2321875 0.3633333328125 0.2321875 0.4436111109375 0.290625 0.4436111109375 0.290625 0.3633333328125 0.2321875 0.3633333328125
1 0.1877604171875 0.3278703703125 0.1877604171875 0.41861111093750003 0.2418229171875 0.41861111093750003 0.2418229171875 0.3278703703125 0.1877604171875 0.3278703703125
1 0.12484375 0.2923148140625 0.12484375 0.4015740734375 0.1973958328125 0.4015740734375 0.1973958328125 0.2923148140625 0.12484375 0.2923148140625
1 0.0010416671875 0.18101851875 0.0010416671875 0.35722222187499997 0.1438541671875 0.35722222187499997 0.1438541671875 0.18101851875 0.0010416671875 0.18101851875
1 0.010624999999999999 0.0028703703125 0.010624999999999999 0.114722221875 0.23869791718750002 0.114722221875 0.23869791718750002 0.0028703703125 0.010624999999999999 0.0028703703125
1 0.25895833281249997 0.1848148140625 0.25895833281249997 0.08814814843749999 0.0490104171875 0.08814814843749999 0.0490104171875 0.1848148140625 0.25895833281249997 0.1848148140625
1 0.17265625 0.1165740734375 0.17265625 0.18101851875 0.29411458281249997 0.18101851875 0.29411458281249997 0.1165740734375 0.17265625 0.1165740734375
1 0.16999999999999998 0.15990740781249999 0.16999999999999998 0.22435185156249998 0.3158333328125 0.22435185156249998 0.3158333328125 0.15990740781249999 0.16999999999999998 0.15990740781249999
1 0.33578125000000003 0.2756481484375 0.33578125000000003 0.22175925937500002 0.2033333328125 0.22175925937500002 0.2033333328125 0.2756481484375 0.33578125000000003 0.2756481484375
1 0.8833333328125 0.3793518515625 0.8833333328125 0.254259259375 0.7383854171875 0.254259259375 0.7383854171875 0.3793518515625 0.8833333328125 0.3793518515625
1 0.99734375 0.3073148140625 0.99734375 0.1823148140625 0.8119270828125 0.1823148140625 0.8119270828125 0.3073148140625 0.99734375 0.3073148140625
1 0.7863020828125 0.1765740734375 0.7863020828125 0.1026851859375 0.62328125 0.1026851859375 0.62328125 0.1765740734375 0.7863020828125 0.1765740734375
1 0.7225520828125 0.24555555624999997 0.7225520828125 0.183703703125 0.58859375 0.183703703125 0.58859375 0.24555555624999997 0.7225520828125 0.24555555624999997
1 0.65890625 0.27055555625 0.65890625 0.2271296296875 0.5648958328125 0.2271296296875 0.5648958328125 0.27055555625 0.65890625 0.27055555625
1 0.6936979171875 0.0915740734375 0.6936979171875 0.0324074078125 0.56640625 0.0324074078125 0.56640625 0.0915740734375 0.6936979171875 0.0915740734375
1 0.5738020828125 0.0034259265625 0.5738020828125 0.0415740734375 0.6485416671875 0.0415740734375 0.6485416671875 0.0034259265625 0.5738020828125 0.0034259265625
1 0.5921354171875 0.4388888890625 0.5921354171875 0.40712962968750005 0.57546875 0.40712962968750005 0.57546875 0.4388888890625 0.5921354171875 0.4388888890625
1 0.61 0.4411111109375 0.61 0.3895370375 0.5847395828125 0.3895370375 0.5847395828125 0.4411111109375 0.61 0.4411111109375
1 0.6328645828125 0.42574074062499995 0.6328645828125 0.3851851859375 0.6014062499999999 0.3851851859375 0.6014062499999999 0.42574074062499995 0.6328645828125 0.42574074062499995
1 0.656875 0.4158333328125 0.656875 0.368703703125 0.6192708328125 0.368703703125 0.6192708328125 0.4158333328125 0.656875 0.4158333328125
1 0.7913541671875 0.39388888906249997 0.7913541671875 0.334722221875 0.6575 0.334722221875 0.6575 0.39388888906249997 0.7913541671875 0.39388888906249997
1 0.7247395828125 0.5025000000000001 0.7247395828125 0.46296296249999996 0.6957291671875 0.46296296249999996 0.6957291671875 0.5025000000000001 0.7247395828125 0.5025000000000001
1 0.7611458328125 0.5025000000000001 0.7611458328125 0.4640740734375 0.71671875 0.4640740734375 0.71671875 0.5025000000000001 0.7611458328125 0.5025000000000001
1 0.8369791671875 0.49805555625000003 0.8369791671875 0.45537037031249994 0.7580729171875 0.45537037031249994 0.7580729171875 0.49805555625000003 0.8369791671875 0.49805555625000003
1 0.9319270828124999 0.4904629625 0.9319270828124999 0.45259259218750003 0.85625 0.45259259218750003 0.85625 0.4904629625 0.9319270828124999 0.4904629625
1 0.9901562500000001 0.51305555625 0.9901562500000001 0.4393518515625 0.9379687499999999 0.4393518515625 0.9379687499999999 0.51305555625 0.9901562500000001 0.51305555625
1 0.9993229171875001 0.9332407406250001 0.9993229171875001 0.7531481484375 0.8596875 0.7531481484375 0.8596875 0.9332407406250001 0.9993229171875001 0.9332407406250001
1 0.8994270828125 0.79055555625 0.8994270828125 0.70055555625 0.7537499999999999 0.70055555625 0.7537499999999999 0.79055555625 0.8994270828125 0.79055555625
1 0.770625 0.713240740625 0.770625 0.634259259375 0.6889062499999999 0.634259259375 0.6889062499999999 0.713240740625 0.770625 0.713240740625
1 0.7572916671875001 0.7574074078125 0.7572916671875001 0.6721296296875 0.6925 0.6721296296875 0.6925 0.7574074078125 0.7572916671875001 0.7574074078125
1 0.7155729171874999 0.7163888890625 0.7155729171874999 0.6516666671875 0.6622916671875 0.6516666671875 0.6622916671875 0.7163888890625 0.7155729171874999 0.7163888890625
1 0.6995833328125001 0.6848148140625 0.6995833328125001 0.6200925921875 0.6329687500000001 0.6200925921875 0.6329687500000001 0.6848148140625 0.6995833328125001 0.6848148140625
1 0.6676041671874999 0.6500925921875 0.6676041671874999 0.6011111109375 0.5965625 0.6011111109375 0.5965625 0.6500925921875 0.6676041671874999 0.6500925921875
1 0.6009895828125 0.634259259375 0.6009895828125 0.593240740625 0.5823437499999999 0.593240740625 0.5823437499999999 0.634259259375 0.6009895828125 0.634259259375
1 0.6019791671875 0.5213888890625 0.6019791671875 0.5024074078125 0.5722395828125 0.5024074078125 0.5722395828125 0.5213888890625 0.6019791671875 0.5213888890625
0 0.24666666718750002 0.3281481484375 0.24666666718750002 0.6815740734375 0.36593749999999997 0.6815740734375 0.36593749999999997 0.3281481484375 0.24666666718750002 0.3281481484375