1 0.21109375 0.005625 0.21109375 0.187625 0.598359375 0.187625 0.598359375 0.005625 0.21109375 0.005625
1 0.707265625 0.2615 0.707265625 0.142125 0.6741406249999999 0.142125 0.6741406249999999 0.04925 0.3721875 0.04925 0.3721875 0.21787499999999999 0.48343749999999996 0.21787499999999999 0.48343749999999996 0.2615 0.707265625 0.2615
1 0.61375 0.22162500000000002 0.61375 0.288 0.747578125 0.288 0.747578125 0.22162500000000002 0.61375 0.22162500000000002
1 0.6371875 0.259625 0.6371875 0.32275 0.774375 0.32275 0.774375 0.259625 0.6371875 0.259625
1 0.68359375 0.30225 0.68359375 0.35750000000000004 0.7950781250000001 0.35750000000000004 0.7950781250000001 0.30225 0.68359375 0.30225
1 0.7615624999999999 0.307 0.7615624999999999 0.36062500000000003 0.813828125 0.36062500000000003 0.813828125 0.307 0.7615624999999999 0.307
1 0.809921875 0.348 0.809921875 0.3875 0.8257031250000001 0.3875 0.8257031250000001 0.348 0.809921875 0.348
1 0.680625 0.1775 0.680625 0.23424999999999999 0.8257031250000001 0.23424999999999999 0.8257031250000001 0.1775 0.680625 0.1775
1 0.6450781250000001 0.111125 0.6450781250000001 0.1885 0.8059375 0.1885 0.8059375 0.111125 0.6450781250000001 0.111125
1 0.616484375 0.095375 0.616484375 0.16325 0.778359375 0.16325 0.778359375 0.095375 0.616484375 0.095375
1 0.60265625 0.025875 0.60265625 0.10162500000000001 0.74671875 0.10162500000000001 0.74671875 0.025875 0.60265625 0.025875