0 0.5500520828125001 0.5878703703125 0.5500520828125001 0.3626851859375 0.49265625 0.3626851859375 0.49265625 0.5878703703125 0.5500520828125001 0.5878703703125
1 0.459375 0.6174074078125 0.459375 0.5684259265625 0.40208333281249997 0.5684259265625 0.40208333281249997 0.6174074078125 0.459375 0.6174074078125
1 0.41156249999999994 0.627777778125 0.41156249999999994 0.57805555625 0.3525 0.57805555625 0.3525 0.627777778125 0.41156249999999994 0.627777778125
1 0.4192708328125 0.58694444375 0.4192708328125 0.569259259375 0.3908333328125 0.569259259375 0.3908333328125 0.58694444375 0.4192708328125 0.58694444375
1 0.46390624999999996 0.58694444375 0.46390624999999996 0.5684259265625 0.43953125000000004 0.5684259265625 0.43953125000000004 0.58694444375 0.46390624999999996 0.58694444375
1 0.7728125 0.7462037031250001 0.7728125 0.6665740734375001 0.6058333328125001 0.6665740734375001 0.6058333328125001 0.7462037031250001 0.7728125 0.7462037031250001
1 0.6292187499999999 0.686203703125 0.6292187499999999 0.6273148140625 0.5934895828125 0.6273148140625 0.5934895828125 0.686203703125 0.6292187499999999 0.686203703125
1 0.7571875 0.4240740734375 0.7571875 0.36398148125 0.58375 0.36398148125 0.58375 0.4240740734375 0.7571875 0.4240740734375
1 0.6058333328125001 0.32592592656249997 0.6058333328125001 0.39055555625 0.6240104171875 0.39055555625 0.6240104171875 0.32592592656249997 0.6058333328125001 0.32592592656249997
1 0.6155729171875 0.2854629625 0.6155729171875 0.37898148125 0.6552083328125 0.37898148125 0.6552083328125 0.2854629625 0.6155729171875 0.2854629625
1 0.8267187500000001 0.358240740625 0.8267187500000001 0.257777778125 0.65328125 0.257777778125 0.65328125 0.358240740625 0.8267187500000001 0.358240740625
1 0.6942708328125 0.11444444375 0.6942708328125 0.2920370375 0.8918229171875 0.2920370375 0.8918229171875 0.11444444375 0.6942708328125 0.11444444375
1 0.8210416671875 0.50601851875 0.8210416671875 0.43675925937500004 0.7602604171875 0.43675925937500004 0.7602604171875 0.50601851875 0.8210416671875 0.50601851875
1 0.8202604171875001 0.43398148125 0.8202604171875001 0.50601851875 0.87953125 0.50601851875 0.87953125 0.43398148125 0.8202604171875001 0.43398148125
1 0.9946354171875 0.5081481484375 0.9946354171875 0.43398148125 0.87953125 0.43398148125 0.87953125 0.5081481484375 0.9946354171875 0.5081481484375
1 0.9954166671875001 0.9999074078125 0.9954166671875001 0.840277778125 0.8036979171875 0.840277778125 0.8036979171875 0.9999074078125 0.9954166671875001 0.9999074078125
1 0.9028124999999999 0.9816666671875 0.9028124999999999 0.7837962968750001 0.7185416671875 0.7837962968750001 0.7185416671875 0.9816666671875 0.9028124999999999 0.9816666671875
1 0.8186458328124999 0.8336111109375001 0.8186458328124999 0.7038888890624999 0.6689583328125 0.7038888890624999 0.6689583328125 0.8336111109375001 0.8186458328124999 0.8336111109375001
1 0.062343749999999996 0.9806481484375 0.062343749999999996 0.859259259375 0.0025 0.859259259375 0.0025 0.9806481484375 0.062343749999999996 0.9806481484375
1 0.0511458328125 0.8011111109375 0.0511458328125 0.9075 0.1371875 0.9075 0.1371875 0.8011111109375 0.0511458328125 0.8011111109375
1 0.1895833328125 0.8443518515624999 0.1895833328125 0.7495370375 0.1184895828125 0.7495370375 0.1184895828125 0.8443518515624999 0.1895833328125 0.8443518515624999
1 0.23541666718749998 0.7977777781250001 0.23541666718749998 0.7096296296875 0.18114583281250002 0.7096296296875 0.18114583281250002 0.7977777781250001 0.23541666718749998 0.7977777781250001
1 0.1530729171875 0.43685185156250006 0.1530729171875 0.3404629625 0.000625 0.3404629625 0.000625 0.43685185156250006 0.1530729171875 0.43685185156250006
1 0.0408333328125 0.2140740734375 0.0408333328125 0.11259259218749999 0.00625 0.11259259218749999 0.00625 0.2140740734375 0.0408333328125 0.2140740734375
1 0.09229166718750001 0.2423148140625 0.09229166718750001 0.1758333328125 0.0436458328125 0.1758333328125 0.0436458328125 0.2423148140625 0.09229166718750001 0.2423148140625
1 0.0417708328125 0.07935185156249999 0.0417708328125 0.1775 0.2344791671875 0.1775 0.2344791671875 0.07935185156249999 0.0417708328125 0.07935185156249999
1 0.0002604171875 0.0045370375 0.0002604171875 0.0743518515625 0.1540104171875 0.0743518515625 0.1540104171875 0.0045370375 0.0002604171875 0.0045370375
0 0.10744791718749999 0.2063888890625 0.10744791718749999 0.72194444375 0.28239583281249997 0.72194444375 0.28239583281249997 0.2063888890625 0.10744791718749999 0.2063888890625
1 0.70875 0.1700925921875 0.70875 0.063796296875 0.5684375 0.063796296875 0.5684375 0.1700925921875 0.70875 0.1700925921875
1 0.5918229171875 0.0025925921875000002 0.5918229171875 0.0765740734375 0.7106770828125 0.0765740734375 0.7106770828125 0.0025925921875000002 0.5918229171875 0.0025925921875000002