1 0.495703125 0.728625 0.495703125 0.5706249999999999 0.2990625 0.5706249999999999 0.2990625 0.728625 0.495703125 0.728625
1 0.362265625 0.8699999999999999 0.362265625 0.638625 0.105078125 0.638625 0.105078125 0.8699999999999999 0.362265625 0.8699999999999999
1 0.080078125 0.9872500000000001 0.080078125 0.815625 0.003984375 0.815625 0.003984375 0.9872500000000001 0.080078125 0.9872500000000001
1 0.1528125 0.39249999999999996 0.1528125 0.309375 0.032265625 0.309375 0.032265625 0.39249999999999996 0.1528125 0.39249999999999996
1 0.277578125 0.3875 0.277578125 0.29112499999999997 0.13828125 0.29112499999999997 0.13828125 0.3875 0.277578125 0.3875
1 0.398125 0.370875 0.398125 0.301 0.277578125 0.301 0.277578125 0.370875 0.398125 0.370875
1 0.497890625 0.355875 0.497890625 0.294375 0.40328125000000004 0.294375 0.40328125000000004 0.355875 0.497890625 0.355875
1 0.578984375 0.630375 0.578984375 0.51725 0.46671874999999996 0.51725 0.46671874999999996 0.630375 0.578984375 0.630375
1 0.6371875 0.56875 0.6371875 0.489 0.5560937499999999 0.489 0.5560937499999999 0.56875 0.6371875 0.56875
1 0.67765625 0.533375 0.67765625 0.44787499999999997 0.625703125 0.44787499999999997 0.625703125 0.533375 0.67765625 0.533375
1 0.70796875 0.5078750000000001 0.70796875 0.43624999999999997 0.6696875 0.43624999999999997 0.6696875 0.5078750000000001 0.70796875 0.5078750000000001
1 0.73609375 0.47562499999999996 0.73609375 0.42012499999999997 0.7014843749999999 0.42012499999999997 0.7014843749999999 0.47562499999999996 0.73609375 0.47562499999999996
1 0.756328125 0.45137499999999997 0.756328125 0.40625 0.728125 0.40625 0.728125 0.45137499999999997 0.756328125 0.45137499999999997
1 0.78953125 0.42012499999999997 0.78953125 0.38775 0.771484375 0.38775 0.771484375 0.42012499999999997 0.78953125 0.42012499999999997
1 0.807578125 0.40625 0.807578125 0.374 0.788046875 0.374 0.788046875 0.40625 0.807578125 0.40625
1 0.8227343749999999 0.378625 0.8227343749999999 0.354375 0.780859375 0.354375 0.780859375 0.378625 0.8227343749999999 0.378625
1 0.777265625 0.429375 0.777265625 0.39587500000000003 0.7505468750000001 0.39587500000000003 0.7505468750000001 0.429375 0.777265625 0.429375
1 0.744765625 0.24225 0.744765625 0.181125 0.5953906250000001 0.181125 0.5953906250000001 0.24225 0.744765625 0.24225
1 0.769296875 0.231875 0.769296875 0.18912500000000002 0.738984375 0.18912500000000002 0.738984375 0.231875 0.769296875 0.231875
1 0.784453125 0.225 0.784453125 0.192625 0.762109375 0.192625 0.762109375 0.225 0.784453125 0.225
1 0.458671875 0.17575000000000002 0.458671875 0.0745 0.3590625 0.0745 0.3590625 0.17575000000000002 0.458671875 0.17575000000000002
1 0.3746875 0.141125 0.3746875 0.051000000000000004 0.27421875 0.051000000000000004 0.27421875 0.141125 0.3746875 0.141125
1 0.2803125 0.15775 0.2803125 0.039875 0.08367187499999999 0.039875 0.08367187499999999 0.15775 0.2803125 0.15775
1 0.3409375 0.26437499999999997 0.3409375 0.209 0.268984375 0.209 0.268984375 0.26437499999999997 0.3409375 0.26437499999999997
1 0.340078125 0.213125 0.340078125 0.26437499999999997 0.38679687500000004 0.26437499999999997 0.38679687500000004 0.213125 0.340078125 0.213125
1 0.7657812500000001 0.059625 0.7657812500000001 0.003 0.6233593749999999 0.003 0.6233593749999999 0.059625 0.7657812500000001 0.059625
1 0.806328125 0.091125 0.806328125 0.039625 0.7283593749999999 0.039625 0.7283593749999999 0.091125 0.806328125 0.091125
1 0.805 0.12775 0.805 0.098875 0.7515625 0.098875 0.7515625 0.12775 0.805 0.12775
1 0.802109375 0.102375 0.802109375 0.135875 0.81796875 0.135875 0.81796875 0.102375 0.802109375 0.102375