1 0.999765625 0.9171250000000001 0.999765625 0.8007500000000001 0.88453125 0.8007500000000001 0.88453125 0.9171250000000001 0.999765625 0.9171250000000001
1 0.88109375 0.877 0.88109375 0.798 0.78234375 0.798 0.78234375 0.877 0.88109375 0.877
1 0.791875 0.8727499999999999 0.791875 0.7785 0.690546875 0.7785 0.690546875 0.8727499999999999 0.791875 0.8727499999999999
1 0.636015625 0.67325 0.636015625 0.59425 0.5216406250000001 0.59425 0.5216406250000001 0.67325 0.636015625 0.67325
1 0.6498437499999999 0.56375 0.6498437499999999 0.491625 0.5485156250000001 0.491625 0.5485156250000001 0.56375 0.6498437499999999 0.56375
1 0.574453125 0.555375 0.574453125 0.495875 0.487890625 0.495875 0.487890625 0.555375 0.574453125 0.555375
1 0.497421875 0.567875 0.497421875 0.5235000000000001 0.428125 0.5235000000000001 0.428125 0.567875 0.497421875 0.567875
1 0.42117187500000003 0.429375 0.42117187500000003 0.385 0.36578125 0.385 0.36578125 0.429375 0.42117187500000003 0.429375
1 0.42203125 0.3725 0.42203125 0.429375 0.46624999999999994 0.429375 0.46624999999999994 0.3725 0.42203125 0.3725
1 0.538984375 0.41125 0.538984375 0.368375 0.46882812500000004 0.368375 0.46882812500000004 0.41125 0.538984375 0.41125
1 0.538984375 0.355875 0.538984375 0.41125 0.647265625 0.41125 0.647265625 0.355875 0.538984375 0.355875
1 0.61609375 0.27825 0.61609375 0.213125 0.47750000000000004 0.213125 0.47750000000000004 0.27825 0.61609375 0.27825
1 0.590078125 0.142875 0.590078125 0.07775 0.48531250000000004 0.07775 0.48531250000000004 0.142875 0.590078125 0.142875
1 0.46015625 0.188625 0.46015625 0.122 0.376171875 0.122 0.376171875 0.188625 0.46015625 0.188625
1 0.396953125 0.18025 0.396953125 0.129 0.29125 0.129 0.29125 0.18025 0.396953125 0.18025
1 0.28781249999999997 0.08737500000000001 0.28781249999999997 0.12062500000000001 0.39523437499999997 0.12062500000000001 0.39523437499999997 0.08737500000000001 0.28781249999999997 0.08737500000000001
1 0.396953125 0.08325 0.396953125 0.05550000000000001 0.27999999999999997 0.05550000000000001 0.27999999999999997 0.08325 0.396953125 0.08325
1 0.482734375 0.06637499999999999 0.482734375 0.0015 0.353828125 0.0015 0.353828125 0.06637499999999999 0.482734375 0.06637499999999999
1 0.309140625 0.057999999999999996 0.309140625 0.008125 0.19171875 0.008125 0.19171875 0.057999999999999996 0.309140625 0.057999999999999996
1 0.2790625 0.267625 0.2790625 0.152875 0.037890625 0.152875 0.037890625 0.267625 0.2790625 0.267625
1 0.043125000000000004 0.294125 0.043125000000000004 0.191125 0.0015625 0.191125 0.0015625 0.294125 0.043125000000000004 0.294125
1 0.31437499999999996 0.591875 0.31437499999999996 0.5037499999999999 0.079453125 0.5037499999999999 0.079453125 0.591875 0.31437499999999996 0.591875
1 0.123125 0.610125 0.123125 0.51375 0.008828125000000001 0.51375 0.008828125000000001 0.610125 0.123125 0.610125
1 0.139765625 0.42225 0.139765625 0.38725 0.06281250000000001 0.38725 0.06281250000000001 0.42225 0.139765625 0.42225
1 0.268671875 0.395625 0.268671875 0.36075 0.209375 0.36075 0.209375 0.395625 0.268671875 0.395625
1 0.268671875 0.342375 0.268671875 0.395625 0.312265625 0.395625 0.312265625 0.342375 0.268671875 0.342375
1 0.3590625 0.36075 0.3590625 0.324125 0.308125 0.324125 0.308125 0.36075 0.3590625 0.36075
1 0.44085937499999994 0.32725 0.44085937499999994 0.255125 0.25921875 0.255125 0.25921875 0.32725 0.44085937499999994 0.32725