1 0.66359375 0.7697222218750001 0.66359375 0.67101851875 0.5695833328125001 0.67101851875 0.5695833328125001 0.7697222218750001 0.66359375 0.7697222218750001
1 0.4178645828125 0.6447222218750001 0.4178645828125 0.6025925921875 0.3675 0.6025925921875 0.3675 0.6447222218750001 0.4178645828125 0.6447222218750001
1 0.3667708328125 0.65398148125 0.3667708328125 0.6091666671875 0.2986979171875 0.6091666671875 0.2986979171875 0.65398148125 0.3667708328125 0.65398148125
1 0.4415104171875 0.6158333328125 0.4415104171875 0.5921296296875 0.4178645828125 0.5921296296875 0.4178645828125 0.6158333328125 0.4415104171875 0.6158333328125
1 0.2032291671875 0.7224074078125 0.2032291671875 0.6474074078125 0.11515625 0.6474074078125 0.11515625 0.7224074078125 0.2032291671875 0.7224074078125
1 0.12104166718750001 0.7631481484375 0.12104166718750001 0.6868518515625001 0.04109375 0.6868518515625001 0.04109375 0.7631481484375 0.12104166718750001 0.7631481484375
1 0.3317708328125 0.365 0.3317708328125 0.318703703125 0.25645833281249997 0.318703703125 0.25645833281249997 0.365 0.3317708328125 0.365
1 0.2218229171875 0.32944444375000004 0.2218229171875 0.3745370375 0.24078125 0.3745370375 0.24078125 0.3656481484375 0.2607291671875 0.3656481484375 0.2607291671875 0.3358333328125 0.24078125 0.3358333328125 0.24078125 0.32944444375000004 0.2218229171875 0.32944444375000004
1 0.22291666718749997 0.3776851859375 0.22291666718749997 0.3516666671875 0.209375 0.3516666671875 0.209375 0.3776851859375 0.22291666718749997 0.3776851859375
1 0.20328125 0.3878703703125 0.20328125 0.3751851859375 0.2071875 0.3751851859375 0.2071875 0.3516666671875 0.1886458328125 0.3516666671875 0.18937500000000002 0.3878703703125 0.20328125 0.3878703703125
1 0.1851041671875 0.380277778125 0.1851041671875 0.363703703125 0.17046875 0.363703703125 0.17046875 0.380277778125 0.1851041671875 0.380277778125
1 0.1879166671875 0.3916666671875 0.1879166671875 0.368796296875 0.16973958281249998 0.368796296875 0.16973958281249998 0.3916666671875 0.1879166671875 0.3916666671875
1 0.1738541671875 0.38851851875 0.1738541671875 0.3641666671875 0.15838541718750002 0.3641666671875 0.15838541718750002 0.38851851875 0.1738541671875 0.38851851875
1 0.1753645828125 0.394259259375 0.1753645828125 0.3826851859375 0.1578125 0.3826851859375 0.1578125 0.394259259375 0.1753645828125 0.394259259375
1 0.1590104171875 0.3826851859375 0.1590104171875 0.36148148125 0.1453125 0.36148148125 0.1453125 0.3826851859375 0.1590104171875 0.3826851859375
1 0.15812500000000002 0.4751851859375 0.15812500000000002 0.45407407343750006 0.1468229171875 0.45407407343750006 0.1468229171875 0.4751851859375 0.15812500000000002 0.4751851859375
1 0.1833854171875 0.4550925921875 0.1833854171875 0.4418518515625 0.1598958328125 0.4418518515625 0.1598958328125 0.4550925921875 0.1833854171875 0.4550925921875
1 0.18307291718750002 0.4699074078125 0.18307291718750002 0.4498148140625 0.1619791671875 0.4498148140625 0.1619791671875 0.4699074078125 0.18307291718750002 0.4699074078125
1 0.20453125 0.4640740734375 0.20453125 0.4424074078125 0.1828125 0.4424074078125 0.1828125 0.4640740734375 0.20453125 0.4640740734375
1 0.22322916718750002 0.458240740625 0.22322916718750002 0.4365740734375 0.2033333328125 0.4365740734375 0.2033333328125 0.458240740625 0.22322916718750002 0.458240740625
1 0.2428645828125 0.4550925921875 0.2428645828125 0.43398148125 0.2211458328125 0.43398148125 0.2211458328125 0.4550925921875 0.2428645828125 0.4550925921875
1 0.2610416671875 0.4556481484375 0.2610416671875 0.4281481484375 0.2384375 0.4281481484375 0.2384375 0.4556481484375 0.2610416671875 0.4556481484375
1 0.29046875 0.4529629625 0.29046875 0.4223148140625 0.25656249999999997 0.4223148140625 0.25656249999999997 0.4529629625 0.29046875 0.4529629625
1 0.3356770828125 0.52805555625 0.3356770828125 0.4995370375 0.2648958328125 0.4995370375 0.2648958328125 0.52805555625 0.3356770828125 0.52805555625
1 0.263125 0.5270370375 0.263125 0.5079629625 0.23635416718750002 0.5079629625 0.23635416718750002 0.5270370375 0.263125 0.5270370375
1 0.238125 0.5249074078125 0.238125 0.5063888890625 0.22296875 0.5063888890625 0.22296875 0.5249074078125 0.238125 0.5249074078125
1 0.22208333281249998 0.5249074078125 0.22208333281249998 0.5100925921874999 0.20390625 0.5100925921874999 0.20390625 0.5249074078125 0.22208333281249998 0.5249074078125
1 0.20598958281250002 0.5243518515625001 0.20598958281250002 0.5079629625 0.195 0.5079629625 0.195 0.5243518515625001 0.20598958281250002 0.5243518515625001
1 0.1934895828125 0.5296296296875 0.1934895828125 0.512222221875 0.1780208328125 0.512222221875 0.1780208328125 0.5296296296875 0.1934895828125 0.5296296296875
1 0.1777604171875 0.531203703125 0.1777604171875 0.512777778125 0.15838541718750002 0.512777778125 0.15838541718750002 0.531203703125 0.1777604171875 0.531203703125
1 0.2309895828125 0.5958333328125 0.2309895828125 0.5799074078124999 0.21015625 0.5799074078124999 0.21015625 0.5958333328125 0.2309895828125 0.5958333328125
1 0.2448958328125 0.5958333328125 0.2448958328125 0.57555555625 0.22703125000000002 0.57555555625 0.22703125000000002 0.5958333328125 0.2448958328125 0.5958333328125
1 0.2636979171875 0.5975925921874999 0.2636979171875 0.5776851859375001 0.24192708281250003 0.5776851859375001 0.24192708281250003 0.5975925921874999 0.2636979171875 0.5975925921874999
1 0.2286458328125 0.0908333328125 0.287511034375 0.33279817968750003 0.26223958281250004 0.5838888890625 0.26223958281250004 0.6028703703125 0.2969270828125 0.6028703703125 0.2969270828125 0.5838888890625 0.28625400624999997 0.5838888890625 0.287970515625 0.32823289375 0.31140404374999997 0.0954033265625 0.3111363640625 0.0908333328125 0.3164583328125 0.0908333328125 0.3164583328125 0.07054526718750001 0.3137014484375 0.07257689843750001 0.314160928125 0.0680116125 0.3164583328125 0.0654732515625 0.314620409375 0.06344632812499999 0.3164583328125 0.060401234375 0.31507989062499997 0.058881042187499996 0.3164583328125 0.05532921875 0.31553937187500003 0.05431575625 0.3164583328125 0.0502572015625 0.315998853125 0.0497504703125 0.3164583328125 0.0451851859375 0.308475378125 0.0908333328125 0.23130681874999998 0.0908333328125 0.2286458328125 0.0451851859375 0.2286458328125 0.0908333328125
1 0.2911458328125 0.10601851874999998 0.2911458328125 0.0654629625 0.2147395828125 0.0654629625 0.2147395828125 0.10601851874999998 0.2911458328125 0.10601851874999998
1 0.3293229171875 0.1675925921875 0.3293229171875 0.1111111109375 0.25578124999999996 0.1111111109375 0.25578124999999996 0.1675925921875 0.3293229171875 0.1675925921875
1 0.31359375 0.17648148125000002 0.31359375 0.1390740734375 0.23291666718749998 0.1390740734375 0.23291666718749998 0.17648148125000002 0.31359375 0.17648148125000002
1 0.28078125 0.1923148140625 0.28078125 0.1524074078125 0.21760416718750003 0.1524074078125 0.21760416718750003 0.1923148140625 0.28078125 0.1923148140625
1 0.2718229171875 0.20824074062500003 0.2718229171875 0.1695370375 0.1922395828125 0.1695370375 0.1922395828125 0.20824074062500003 0.2718229171875 0.20824074062500003
1 0.2158333328125 0.26981481406249996 0.2158333328125 0.23611111093749998 0.1872395828125 0.23611111093749998 0.1872395828125 0.26981481406249996 0.2158333328125 0.26981481406249996
1 0.1897395828125 0.283703703125 0.1897395828125 0.248240740625 0.1736979171875 0.248240740625 0.1736979171875 0.283703703125 0.1897395828125 0.283703703125
1 0.1769270828125 0.27611111093749996 0.1769270828125 0.2456481484375 0.1583333328125 0.2456481484375 0.1583333328125 0.27611111093749996 0.1769270828125 0.27611111093749996
1 0.1747395828125 0.2925925921875 0.1747395828125 0.2640740734375 0.1611979171875 0.2640740734375 0.1611979171875 0.2925925921875 0.1747395828125 0.2925925921875
1 0.1611979171875 0.283703703125 0.1611979171875 0.248796296875 0.14119791718750002 0.248796296875 0.14119791718750002 0.283703703125 0.1611979171875 0.283703703125
1 0.1155208328125 0.2336111109375 0.1155208328125 0.2031481484375 0.08979166718750001 0.2031481484375 0.08979166718750001 0.2336111109375 0.1155208328125 0.2336111109375
1 0.0847916671875 0.206296296875 0.0847916671875 0.125740740625 0.0005729171875 0.125740740625 0.0005729171875 0.206296296875 0.0847916671875 0.206296296875
1 0.3243229171875 0.268240740625 0.3243229171875 0.2136111109375 0.2554166671875 0.2136111109375 0.2554166671875 0.268240740625 0.3243229171875 0.268240740625
1 0.31359375 0.2758333328125 0.31359375 0.2384259265625 0.23578125 0.2384259265625 0.23578125 0.2758333328125 0.31359375 0.2758333328125
1 0.30859375 0.2916666671875 0.30859375 0.24851851875 0.2136458328125 0.24851851875 0.2136458328125 0.2916666671875 0.30859375 0.2916666671875
1 0.2165104171875 0.2974074078125 0.2165104171875 0.25805555625 0.19828125000000002 0.25805555625 0.19828125000000002 0.2974074078125 0.2165104171875 0.2974074078125
1 0.3978125 0.2783333328125 0.3978125 0.2326851859375 0.33036458281250003 0.2326851859375 0.33036458281250003 0.2783333328125 0.3978125 0.2783333328125
1 0.40067708281250003 0.16351851875 0.40067708281250003 0.10898148125 0.3325 0.10898148125 0.3325 0.16351851875 0.40067708281250003 0.16351851875
1 0.49098958281250005 0.1590740734375 0.49098958281250005 0.1203703703125 0.43531250000000005 0.1203703703125 0.43531250000000005 0.1590740734375 0.49098958281250005 0.1590740734375
1 0.478125 0.176203703125 0.478125 0.13999999999999999 0.4174479171875 0.13999999999999999 0.4174479171875 0.176203703125 0.478125 0.176203703125
1 0.4399479171875 0.2434259265625 0.4399479171875 0.21685185156250003 0.41890625000000004 0.21685185156250003 0.41890625000000004 0.2434259265625 0.4399479171875 0.2434259265625
1 0.49671875 0.2384259265625 0.49671875 0.20351851875000002 0.4381770828125 0.20351851875000002 0.4381770828125 0.2384259265625 0.49671875 0.2384259265625
1 0.5288020828125 0.211759259375 0.5288020828125 0.1781481484375 0.47171874999999996 0.1781481484375 0.47171874999999996 0.211759259375 0.5288020828125 0.211759259375
1 0.4959895828125 0.31898148125 0.4959895828125 0.2891666671875 0.4403125 0.2891666671875 0.4403125 0.31898148125 0.4959895828125 0.31898148125
1 0.4413541671875 0.3163888890625 0.4413541671875 0.2891666671875 0.42067708281250005 0.2891666671875 0.42067708281250005 0.3163888890625 0.4413541671875 0.3163888890625
1 0.42067708281250005 0.2891666671875 0.42067708281250005 0.2529629625 0.4010416671875 0.2529629625 0.4010416671875 0.2891666671875 0.42067708281250005 0.2891666671875
1 0.4010416671875 0.2948148140625 0.4010416671875 0.27074074062500003 0.37390625 0.27074074062500003 0.37390625 0.2948148140625 0.4010416671875 0.2948148140625
1 0.38390625 0.30055555625 0.38390625 0.27138888906249997 0.3596354171875 0.27138888906249997 0.3596354171875 0.30055555625 0.38390625 0.30055555625
1 0.3981770828125 0.376759259375 0.3981770828125 0.34500000000000003 0.335 0.34500000000000003 0.335 0.376759259375 0.3981770828125 0.376759259375
1 0.43958333281249995 0.3576851859375 0.43958333281249995 0.32527777812499997 0.39677083281250003 0.32527777812499997 0.39677083281250003 0.3576851859375 0.43958333281249995 0.3576851859375
1 0.4435416671875 0.40018518593749997 0.4435416671875 0.3741666671875 0.41958333281250004 0.3741666671875 0.41958333281250004 0.40018518593749997 0.4435416671875 0.40018518593749997
1 0.4848958328125 0.39703703749999997 0.4848958328125 0.3703703703125 0.4413541671875 0.3703703703125 0.4413541671875 0.39703703749999997 0.4848958328125 0.39703703749999997
1 0.5298958328125 0.38305555625 0.5298958328125 0.37351851875 0.48239583281250004 0.37351851875 0.48239583281250004 0.38305555625 0.5298958328125 0.38305555625
1 0.54234375 0.4173148140625 0.54234375 0.38240740781250004 0.5009895828125 0.38240740781250004 0.5009895828125 0.4173148140625 0.54234375 0.4173148140625
1 0.501875 0.41787037031249996 0.501875 0.397222221875 0.47927083281250005 0.397222221875 0.47927083281250005 0.41787037031249996 0.501875 0.41787037031249996
1 0.4822395828125 0.48342592656249994 0.4822395828125 0.45851851874999994 0.44802083281250005 0.45851851874999994 0.44802083281250005 0.48342592656249994 0.4822395828125 0.48342592656249994
1 0.4970833328125 0.48342592656249994 0.4970833328125 0.4600925921875 0.48046875 0.4600925921875 0.48046875 0.48342592656249994 0.4970833328125 0.48342592656249994
1 0.52625 0.46907407343749996 0.52625 0.4474074078125 0.49145833281250006 0.4474074078125 0.49145833281250006 0.46907407343749996 0.52625 0.46907407343749996
1 0.4290104171875 0.4924074078125 0.4290104171875 0.46805555625000006 0.4010416671875 0.46805555625000006 0.4010416671875 0.4924074078125 0.4290104171875 0.4924074078125
1 0.46828125 0.587777778125 0.46828125 0.5701851859375 0.4502083328125 0.5701851859375 0.4502083328125 0.587777778125 0.46828125 0.587777778125
1 0.49109375 0.58694444375 0.49109375 0.5684259265625 0.4685416671875 0.5684259265625 0.4685416671875 0.58694444375 0.49109375 0.58694444375
1 0.515625 0.5890740734375 0.515625 0.566203703125 0.48687500000000006 0.566203703125 0.48687500000000006 0.5890740734375 0.515625 0.5890740734375
1 0.45515625000000004 0.587777778125 0.45515625000000004 0.5666666671875 0.42020833281250003 0.5666666671875 0.42020833281250003 0.587777778125 0.45515625000000004 0.587777778125
1 0.6289583328125 0.3025925921875 0.6289583328125 0.2854629625 0.5989583328125 0.2854629625 0.5989583328125 0.3025925921875 0.6289583328125 0.3025925921875
1 0.6096354171875 0.3165740734375 0.6096354171875 0.28861111093749997 0.5875520828125 0.28861111093749997 0.5875520828125 0.3165740734375 0.6096354171875 0.3165740734375
1 0.6164583328125001 0.24805555625000003 0.6164583328125001 0.2270370375 0.5918229171875 0.2270370375 0.5918229171875 0.24805555625000003 0.6164583328125001 0.24805555625000003
1 0.6392708328125 0.24805555625000003 0.6392708328125 0.230277778125 0.6128645828125 0.230277778125 0.6128645828125 0.24805555625000003 0.6392708328125 0.24805555625000003
1 0.7288541671875 0.3083333328125 0.7288541671875 0.291203703125 0.7120833328125 0.291203703125 0.7120833328125 0.3083333328125 0.7288541671875 0.3083333328125
1 0.70890625 0.385740740625 0.70890625 0.3711111109375 0.6906770828125001 0.3711111109375 0.6906770828125001 0.385740740625 0.70890625 0.385740740625
1 0.7342187499999999 0.38444444375 0.7342187499999999 0.37240740781250004 0.7078125 0.37240740781250004 0.7078125 0.38444444375 0.7342187499999999 0.38444444375
1 0.6467708328125 0.5728703703125 0.6467708328125 0.5538888890625 0.6242708328125001 0.5538888890625 0.6242708328125001 0.5728703703125 0.6467708328125 0.5728703703125
0 0.5869791671875 0.555740740625 0.5869791671875 0.3659259265625 0.5059375 0.3659259265625 0.5059375 0.555740740625 0.5869791671875 0.555740740625