1 0.592578125 0.3039583328125 0.592578125 0.1539583328125 0.291796875 0.1539583328125 0.291796875 0.3039583328125 0.592578125 0.3039583328125
1 0.7560156250000001 0.25968749999999996 0.7560156250000001 0.0465625 0.37703125000000004 0.0465625 0.37703125000000004 0.25968749999999996 0.7560156250000001 0.25968749999999996
1 0.347421875 0.1160416671875 0.347421875 0.0229166671875 0.18875 0.0229166671875 0.18875 0.1160416671875 0.347421875 0.1160416671875
1 0.302421875 0.1870833328125 0.302421875 0.0923958328125 0.1378125 0.0923958328125 0.1378125 0.1870833328125 0.302421875 0.1870833328125
1 0.4303125 0.348125 0.4303125 0.23291666718749998 0.22546875000000002 0.23291666718749998 0.22546875000000002 0.348125 0.4303125 0.348125
1 0.43624999999999997 0.3765625 0.43624999999999997 0.2770833328125 0.17453125 0.2770833328125 0.17453125 0.3765625 0.43624999999999997 0.3765625
1 0.140234375 0.3355208328125 0.140234375 0.3891666671875 0.33796875000000004 0.3891666671875 0.33796875000000004 0.3355208328125 0.140234375 0.3355208328125
1 0.17453125 0.318125 0.17453125 0.25656249999999997 0.10109375000000001 0.25656249999999997 0.10109375000000001 0.318125 0.17453125 0.318125
1 0.120078125 0.3386458328125 0.120078125 0.2944791671875 0.09640625 0.2944791671875 0.09640625 0.3386458328125 0.120078125 0.3386458328125
1 0.093984375 0.3639583328125 0.093984375 0.3134375 0.07390624999999999 0.3134375 0.07390624999999999 0.3639583328125 0.093984375 0.3639583328125
1 0.075078125 0.3860416671875 0.075078125 0.33708333281249997 0.05609375 0.33708333281249997 0.05609375 0.3860416671875 0.075078125 0.3860416671875
1 0.22781250000000003 0.5029166671875 0.22781250000000003 0.44604166718749994 0.10703125 0.44604166718749994 0.10703125 0.5029166671875 0.22781250000000003 0.5029166671875
1 0.114140625 0.5013541671875 0.114140625 0.45395833281250003 0.0821875 0.45395833281250003 0.0821875 0.5013541671875 0.114140625 0.5013541671875
1 0.09281249999999999 0.5091666671875 0.09281249999999999 0.46343750000000006 0.07273437499999999 0.46343750000000006 0.07273437499999999 0.5091666671875 0.09281249999999999 0.5091666671875
1 0.071484375 0.521875 0.071484375 0.4808333328125 0.05140625 0.4808333328125 0.05140625 0.521875 0.071484375 0.521875
1 0.09875 0.8076041671875 0.09875 0.7681250000000001 0.06796875 0.7681250000000001 0.06796875 0.8076041671875 0.09875 0.8076041671875
1 0.13546875 0.8170833328124999 0.13546875 0.7681250000000001 0.09281249999999999 0.7681250000000001 0.09281249999999999 0.8170833328124999 0.13546875 0.8170833328124999
1 0.25859375 0.13187500000000002 0.25859375 0.0229166671875 0.08453125 0.0229166671875 0.08453125 0.13187500000000002 0.25859375 0.13187500000000002