0 0.37101562499999996 0.5986111109375 0.37101562499999996 0.71 0.40078125 0.71 0.40078125 0.5986111109375 0.37101562499999996 0.5986111109375
1 0.27453125 0.8430555562500001 0.27453125 0.7806944437500001 0.226171875 0.7806944437500001 0.226171875 0.8430555562500001 0.27453125 0.8430555562500001
1 0.239453125 0.8388888890624999 0.239453125 0.776527778125 0.198125 0.776527778125 0.198125 0.8388888890624999 0.239453125 0.8388888890624999
1 0.113984375 0.93875 0.113984375 0.8029166671875 0.005625 0.8029166671875 0.005625 0.93875 0.113984375 0.93875
1 0.36335937500000004 0.78625 0.36335937500000004 0.7474999999999999 0.317421875 0.7474999999999999 0.317421875 0.78625 0.36335937500000004 0.78625
1 0.381328125 0.7586111109375 0.381328125 0.7336111109375001 0.35015625 0.7336111109375001 0.35015625 0.7586111109375 0.381328125 0.7586111109375
1 0.773203125 0.796527778125 0.773203125 0.7323611109375 0.663125 0.7323611109375 0.663125 0.796527778125 0.773203125 0.796527778125
1 0.678515625 0.7795833328125 0.678515625 0.7298611109375 0.6392187500000001 0.7298611109375 0.6392187500000001 0.7795833328125 0.678515625 0.7795833328125
1 0.64734375 0.76194444375 0.64734375 0.72430555625 0.6203125 0.72430555625 0.6203125 0.76194444375 0.64734375 0.76194444375
1 0.6325000000000001 0.74680555625 0.6325000000000001 0.7083333328125 0.61265625 0.7083333328125 0.61265625 0.74680555625 0.6325000000000001 0.74680555625
1 0.6271093750000001 0.742777778125 0.6271093750000001 0.7026388890625 0.605390625 0.7026388890625 0.605390625 0.742777778125 0.6271093750000001 0.742777778125
1 0.60359375 0.7402777781250001 0.60359375 0.7066666671874999 0.5923437500000001 0.7066666671874999 0.5923437500000001 0.7402777781250001 0.60359375 0.7402777781250001
1 0.5932031249999999 0.7363888890625 0.5932031249999999 0.70430555625 0.58015625 0.70430555625 0.58015625 0.7363888890625 0.5932031249999999 0.7363888890625
1 0.64015625 0.6561111109375 0.64015625 0.6256944437499999 0.60453125 0.6256944437499999 0.60453125 0.6561111109375 0.64015625 0.6561111109375
1 0.6040625000000001 0.66180555625 0.6040625000000001 0.629722221875 0.594140625 0.629722221875 0.594140625 0.66180555625 0.6040625000000001 0.66180555625
1 0.59640625 0.665 0.59640625 0.6329166671875 0.586015625 0.6329166671875 0.586015625 0.665 0.59640625 0.665
1 0.586953125 0.6713888890625 0.586953125 0.6361111109375 0.5756249999999999 0.6361111109375 0.5756249999999999 0.6713888890625 0.586953125 0.6713888890625
1 0.617578125 0.5013888890625 0.617578125 0.55194444375 0.6388281250000001 0.55194444375 0.6388281250000001 0.5013888890625 0.617578125 0.5013888890625
1 0.60859375 0.58 0.60859375 0.5454166671875 0.5878125 0.5454166671875 0.5878125 0.58 0.60859375 0.58
1 0.62890625 0.4829166671875 0.62890625 0.527777778125 0.655078125 0.527777778125 0.655078125 0.4829166671875 0.62890625 0.4829166671875
1 0.6541406249999999 0.448472221875 0.6541406249999999 0.519027778125 0.6834374999999999 0.519027778125 0.6834374999999999 0.448472221875 0.6541406249999999 0.448472221875
1 0.735546875 0.46180555625 0.735546875 0.375972221875 0.6782812500000001 0.375972221875 0.6782812500000001 0.46180555625 0.735546875 0.46180555625
1 0.734453125 0.27819444375 0.734453125 0.43583333281250003 0.79953125 0.43583333281250003 0.79953125 0.27819444375 0.734453125 0.27819444375
1 0.8096875000000001 0.180277778125 0.8096875000000001 0.3586111109375 0.9067968750000001 0.3586111109375 0.9067968750000001 0.180277778125 0.8096875000000001 0.180277778125
1 0.761796875 0.0020833328125000002 0.761796875 0.0886111109375 0.889921875 0.0886111109375 0.889921875 0.0020833328125000002 0.761796875 0.0020833328125000002
1 0.8646874999999999 0.236527778125 0.8646874999999999 0.05194444375 0.716875 0.05194444375 0.716875 0.236527778125 0.8646874999999999 0.236527778125
1 0.807265625 0.300972221875 0.807265625 0.1751388890625 0.679921875 0.1751388890625 0.679921875 0.300972221875 0.807265625 0.300972221875
1 0.729765625 0.3675 0.729765625 0.2873611109375 0.6481250000000001 0.2873611109375 0.6481250000000001 0.3675 0.729765625 0.3675
1 0.7514062499999999 0.41569444375 0.7514062499999999 0.34347222187500004 0.6228906249999999 0.34347222187500004 0.6228906249999999 0.41569444375 0.7514062499999999 0.41569444375
1 0.7013281250000001 0.4486111109375 0.7013281250000001 0.39 0.6125 0.39 0.6125 0.4486111109375 0.7013281250000001 0.4486111109375
1 0.621015625 0.4654166671875 0.621015625 0.4029166671875 0.59671875 0.4029166671875 0.59671875 0.4654166671875 0.621015625 0.4654166671875
1 0.5795312499999999 0.44138888906249996 0.5795312499999999 0.49583333281249997 0.626015625 0.49583333281249997 0.626015625 0.44138888906249996 0.5922088078125001 0.44138888906249996 0.592248640625 0.35849033750000003 0.5954279890625 0.3377657 0.59916015625 0.3451388890625 0.60390625 0.3451388890625 0.60390625 0.3033796296875 0.6007269015625 0.3032246375 0.60390625 0.296419753125 0.6017866859375001 0.296316425 0.60390625 0.2894598765625 0.6028464671875 0.28940821250000004 0.60390625 0.28250000000000003 0.584921875 0.28250000000000003 0.584921875 0.3451388890625 0.5896679687499999 0.3451388890625 0.5911888578125 0.3653985515625 0.5795312499999999 0.44138888906249996
1 0.605703125 0.2504166671875 0.605703125 0.3451388890625 0.673828125 0.3451388890625 0.673828125 0.2504166671875 0.605703125 0.2504166671875
1 0.6278125 0.12375 0.6278125 0.22319444375000003 0.6715625000000001 0.22319444375000003 0.6715625000000001 0.12375 0.6278125 0.12375
1 0.645234375 0.013888889062500001 0.645234375 0.1336111109375 0.6939062500000001 0.1336111109375 0.6939062500000001 0.013888889062500001 0.645234375 0.013888889062500001
1 0.69296875 0.0022222218750000003 0.69296875 0.05055555625 0.7565625 0.05055555625 0.7565625 0.0022222218750000003 0.69296875 0.0022222218750000003
1 0.7092968749999999 0.0986111109375 0.7092968749999999 0.0191666671875 0.6240625 0.0191666671875 0.6240625 0.0986111109375 0.7092968749999999 0.0986111109375
1 0.7205468749999999 0.1804166671875 0.7205468749999999 0.092222221875 0.6060156250000001 0.092222221875 0.6060156250000001 0.1804166671875 0.7205468749999999 0.1804166671875
1 0.6935156250000001 0.239722221875 0.6935156250000001 0.16833333281250001 0.59203125 0.16833333281250001 0.59203125 0.239722221875 0.6935156250000001 0.239722221875
1 0.5996875 0.2413888890625 0.5996875 0.17875000000000002 0.57890625 0.17875000000000002 0.57890625 0.2413888890625 0.5996875 0.2413888890625
1 0.650625 0.27819444375 0.650625 0.228472221875 0.5717187499999999 0.228472221875 0.5717187499999999 0.27819444375 0.650625 0.27819444375
1 0.6619531249999999 0.1379166671875 0.6619531249999999 0.057777778125 0.5834374999999999 0.057777778125 0.5834374999999999 0.1379166671875 0.6619531249999999 0.1379166671875
1 0.598359375 0.0023611109375 0.598359375 0.0616666671875 0.66015625 0.0616666671875 0.66015625 0.0023611109375 0.598359375 0.0023611109375
1 0.610078125 0.05208333281250001 0.610078125 0.001527778125 0.5784374999999999 0.001527778125 0.5784374999999999 0.05208333281250001 0.610078125 0.05208333281250001
1 0.093046875 0.3304166671875 0.093046875 0.38694444375 0.27828125 0.38694444375 0.27828125 0.3304166671875 0.093046875 0.3304166671875
1 0.0471875 0.25555555625 0.0471875 0.34375 0.26703125 0.34375 0.26703125 0.25555555625 0.0471875 0.25555555625
1 0.034999999999999996 0.1358333328125 0.034999999999999996 0.2638888890625 0.219296875 0.2638888890625 0.219296875 0.1358333328125 0.034999999999999996 0.1358333328125
1 0.03875 0.004444443750000001 0.03875 0.1641666671875 0.15101562500000001 0.1641666671875 0.15101562500000001 0.004444443750000001 0.03875 0.004444443750000001
1 0.12578125 0.004444443750000001 0.12578125 0.1325 0.27171875 0.1325 0.27171875 0.004444443750000001 0.12578125 0.004444443750000001
1 0.24734375000000003 0.0061111109375 0.24734375000000003 0.09430555625 0.30257812500000003 0.09430555625 0.30257812500000003 0.0061111109375 0.24734375000000003 0.0061111109375
1 0.11265624999999999 0.400277778125 0.11265624999999999 0.5183333328125 0.1846875 0.5183333328125 0.1846875 0.400277778125 0.11265624999999999 0.400277778125
1 0.005078125 0.3088888890625 0.005078125 0.4751388890625 0.10890625000000001 0.4751388890625 0.10890625000000001 0.3088888890625 0.005078125 0.3088888890625
1 0.166015625 0.46013888906249995 0.166015625 0.5366666671875 0.238046875 0.5366666671875 0.238046875 0.46013888906249995 0.166015625 0.46013888906249995
1 0.23148437500000002 0.48513888906249997 0.23148437500000002 0.5631944437499999 0.289453125 0.5631944437499999 0.289453125 0.48513888906249997 0.23148437500000002 0.48513888906249997
0 0.549609375 0.6141666671875 0.549609375 0.72 0.583515625 0.72 0.583515625 0.6141666671875 0.549609375 0.6141666671875
0 0.5493750000000001 0.7041666671875 0.5493750000000001 0.6076388890625 0.5389062499999999 0.6076388890625 0.5389062499999999 0.7041666671875 0.5493750000000001 0.7041666671875