0 0.3263541671875 0.6090740734375 0.3263541671875 0.44175925937500005 0.2570833328125 0.44175925937500005 0.2570833328125 0.6090740734375 0.3263541671875 0.6090740734375
1 0.9983333328124999 0.4284259265625 0.9983333328124999 0.206759259375 0.8160416671874999 0.206759259375 0.8160416671874999 0.4284259265625 0.9983333328124999 0.4284259265625
1 0.8309895828125 0.45685185156249997 0.8309895828125 0.3525925921875 0.7222916671874999 0.3525925921875 0.7222916671874999 0.45685185156249997 0.8309895828125 0.45685185156249997
1 0.7190624999999999 0.47194444375 0.7190624999999999 0.394259259375 0.6721874999999999 0.394259259375 0.6721874999999999 0.47194444375 0.7190624999999999 0.47194444375
1 0.6796354171875 0.4738888890625 0.6796354171875 0.42268518593750004 0.6348958328125 0.42268518593750004 0.6348958328125 0.4738888890625 0.6796354171875 0.4738888890625
1 0.6433854171875 0.48148148125 0.6433854171875 0.43407407343750004 0.6125 0.43407407343750004 0.6125 0.48148148125 0.6433854171875 0.48148148125
1 0.6167708328125 0.48527777812500006 0.6167708328125 0.4378703703125 0.5965104171875 0.4378703703125 0.5965104171875 0.48527777812500006 0.6167708328125 0.48527777812500006
1 0.599375 0.49305555625 0.599375 0.44574074062499996 0.579375 0.44574074062499996 0.579375 0.49305555625 0.599375 0.49305555625
1 0.6334375 0.295740740625 0.6334375 0.21675925937499999 0.6075 0.21675925937499999 0.6075 0.295740740625 0.6334375 0.295740740625
1 0.6119791671875 0.3220370375 0.6119791671875 0.25888888906249996 0.5927083328125 0.25888888906249996 0.5927083328125 0.3220370375 0.6119791671875 0.3220370375
1 0.59421875 0.3378703703125 0.59421875 0.2786111109375 0.5771875 0.2786111109375 0.5771875 0.3378703703125 0.59421875 0.3378703703125
1 0.58328125 0.34407407343749996 0.58328125 0.3129629625 0.5678645828125 0.3129629625 0.5678645828125 0.34407407343749996 0.58328125 0.34407407343749996
1 0.58125 0.3513888890625 0.58125 0.3358333328125 0.5714583328125 0.3358333328125 0.5714583328125 0.3513888890625 0.58125 0.3513888890625
1 0.58328125 0.3650925921875 0.58328125 0.3476851859375 0.5745312499999999 0.3476851859375 0.5745312499999999 0.3650925921875 0.58328125 0.3650925921875
1 0.5884375000000001 0.38703703749999996 0.5884375000000001 0.3650925921875 0.5725 0.3650925921875 0.5725 0.38703703749999996 0.5884375000000001 0.38703703749999996
1 0.58125 0.4034259265625 0.58125 0.3906481484375 0.5694270828125 0.3906481484375 0.5694270828125 0.4034259265625 0.58125 0.4034259265625
1 0.58484375 0.4171296296875 0.58484375 0.4034259265625 0.5704166671875 0.4034259265625 0.5704166671875 0.4171296296875 0.58484375 0.4171296296875
1 0.5838020828125 0.43814814843749994 0.5838020828125 0.41805555625 0.5709375 0.41805555625 0.5709375 0.43814814843749994 0.5838020828125 0.43814814843749994
1 0.5822395828125 0.45648148125 0.5822395828125 0.43814814843749994 0.5709375 0.43814814843749994 0.5709375 0.45648148125 0.5822395828125 0.45648148125
1 0.5822395828125 0.47379629687499997 0.5822395828125 0.45648148125 0.5709375 0.45648148125 0.5709375 0.47379629687499997 0.5822395828125 0.47379629687499997
1 0.5771354171875 0.49574074062499995 0.5771354171875 0.47379629687499997 0.5709375 0.47379629687499997 0.5709375 0.49574074062499995 0.5771354171875 0.49574074062499995
1 0.75546875 0.681296296875 0.75546875 0.5957407406249999 0.6407812500000001 0.5957407406249999 0.6407812500000001 0.681296296875 0.75546875 0.681296296875
1 0.7340104171874999 0.7049074078124999 0.7340104171874999 0.6141666671875 0.6792708328125 0.6141666671875 0.6792708328125 0.7049074078124999 0.7340104171874999 0.7049074078124999
1 0.8953645828125 0.795740740625 0.8953645828125 0.6351851859375001 0.7303124999999999 0.6351851859375001 0.7303124999999999 0.795740740625 0.8953645828125 0.795740740625
1 0.9971875000000001 0.9111111109375001 0.9971875000000001 0.6989814812499999 0.82453125 0.6989814812499999 0.82453125 0.9111111109375001 0.9971875000000001 0.9111111109375001
1 0.8309374999999999 0.9452777781249999 0.8309374999999999 0.8221296296875 0.6785416671875 0.8221296296875 0.6785416671875 0.9452777781249999 0.8309374999999999 0.9452777781249999
1 0.7584895828125 0.84101851875 0.7584895828125 0.7538888890625 0.6668229171875 0.7538888890625 0.6668229171875 0.84101851875 0.7584895828125 0.84101851875
1 0.9311458328125 0.9945370375 0.9311458328125 0.890277778125 0.7318229171875 0.890277778125 0.7318229171875 0.9945370375 0.9311458328125 0.9945370375
1 0.9439062500000001 0.134259259375 0.9439062500000001 0.0036111109374999998 0.71265625 0.0036111109374999998 0.71265625 0.134259259375 0.9439062500000001 0.134259259375
1 0.8714583328125001 0.20444444375 0.8714583328125001 0.09638888906250001 0.6753645828125 0.09638888906250001 0.6753645828125 0.20444444375 0.8714583328125001 0.20444444375
1 0.8800000000000001 0.2725925921875 0.8800000000000001 0.1684259265625 0.6369791671875 0.1684259265625 0.6369791671875 0.2725925921875 0.8800000000000001 0.2725925921875
1 0.6273958328125 0.0036111109374999998 0.6273958328125 0.045277778125 0.6988020828125 0.045277778125 0.6988020828125 0.0036111109374999998 0.6273958328125 0.0036111109374999998
1 0.6668229171875 0.10398148125 0.6668229171875 0.018703703125000002 0.6071354171875 0.018703703125000002 0.6071354171875 0.10398148125 0.6668229171875 0.10398148125
1 0.6828125 0.1778703703125 0.6828125 0.08499999999999999 0.5847395828125 0.08499999999999999 0.5847395828125 0.1778703703125 0.6828125 0.1778703703125
0 0.58859375 0.73305555625 0.58859375 0.4778703703125 0.5471354171875 0.4778703703125 0.5471354171875 0.73305555625 0.58859375 0.73305555625
0 0.6041666671875 0.7488888890625 0.6041666671875 0.4804629625 0.5701041671875 0.4804629625 0.5701041671875 0.7488888890625 0.6041666671875 0.7488888890625
0 0.65078125 0.7949074078125 0.65078125 0.45805555625 0.5834374999999999 0.45805555625 0.5834374999999999 0.7949074078125 0.65078125 0.7949074078125