1 0.32242187499999997 0.37447916718749996 0.32242187499999997 0.26875 0.14835937500000002 0.26875 0.14835937500000002 0.37447916718749996 0.32242187499999997 0.37447916718749996
1 0.26046874999999997 0.3982291671875 0.26046874999999997 0.31135416718750003 0.103515625 0.31135416718750003 0.103515625 0.3982291671875 0.26046874999999997 0.3982291671875
1 0.19921875 0.40083333281250005 0.19921875 0.3429166671875 0.08578125 0.3429166671875 0.08578125 0.40083333281250005 0.19921875 0.40083333281250005
1 0.18937500000000002 0.421875 0.18937500000000002 0.37447916718749996 0.05515625 0.37447916718749996 0.05515625 0.421875 0.18937500000000002 0.421875
1 0.16273437500000001 0.29031250000000003 0.16273437500000001 0.2270833328125 0.06796875 0.2270833328125 0.06796875 0.29031250000000003 0.16273437500000001 0.29031250000000003
1 0.2703125 0.2810416671875 0.2703125 0.1797916671875 0.08671875 0.1797916671875 0.08671875 0.2810416671875 0.2703125 0.2810416671875
1 0.301875 0.246875 0.301875 0.13104166718750002 0.11140625 0.13104166718750002 0.11140625 0.246875 0.301875 0.246875
1 0.31828124999999996 0.1785416671875 0.31828124999999996 0.058750000000000004 0.147578125 0.058750000000000004 0.147578125 0.1785416671875 0.31828124999999996 0.1785416671875
1 0.5275000000000001 0.2047916671875 0.5275000000000001 0.0245833328125 0.30640625 0.0245833328125 0.30640625 0.2047916671875 0.5275000000000001 0.2047916671875
1 0.617109375 0.0920833328125 0.617109375 0.0011458328125 0.42953125 0.0011458328125 0.42953125 0.0920833328125 0.617109375 0.0920833328125
1 0.253359375 0.0936458328125 0.253359375 0.0007291671875 0.0828125 0.0007291671875 0.0828125 0.0936458328125 0.253359375 0.0936458328125