1 0.008203125 0.00575 0.008203125 0.286125 0.207109375 0.286125 0.207109375 0.00575 0.008203125 0.00575
1 0.5209374999999999 0.44725000000000004 0.5209374999999999 0.075875 0.1384375 0.075875 0.1384375 0.44725000000000004 0.5209374999999999 0.44725000000000004
1 0.685546875 0.48512500000000003 0.685546875 0.30325 0.515 0.30325 0.515 0.48512500000000003 0.685546875 0.48512500000000003
1 0.7578125 0.5153749999999999 0.7578125 0.38275000000000003 0.680859375 0.38275000000000003 0.680859375 0.5153749999999999 0.7578125 0.5153749999999999
1 0.79453125 0.523 0.79453125 0.41500000000000004 0.7542187499999999 0.41500000000000004 0.7542187499999999 0.523 0.79453125 0.523
1 0.83359375 0.534375 0.83359375 0.4415 0.7826562499999999 0.4415 0.7826562499999999 0.534375 0.83359375 0.534375
1 0.8594531249999999 0.532625 0.8594531249999999 0.45912499999999995 0.825859375 0.45912499999999995 0.825859375 0.532625 0.8594531249999999 0.532625
1 0.878671875 0.546875 0.878671875 0.47887500000000005 0.857421875 0.47887500000000005 0.857421875 0.546875 0.878671875 0.546875
1 0.8340624999999999 0.8077500000000001 0.8340624999999999 0.7112499999999999 0.765546875 0.7112499999999999 0.765546875 0.8077500000000001 0.8340624999999999 0.8077500000000001
1 0.8224218750000001 0.833 0.8224218750000001 0.737625 0.7306250000000001 0.737625 0.7306250000000001 0.833 0.8224218750000001 0.833
1 0.764296875 0.9262499999999999 0.764296875 0.7933749999999999 0.663203125 0.7933749999999999 0.663203125 0.9262499999999999 0.764296875 0.9262499999999999
1 0.6912499999999999 0.9981249999999999 0.6912499999999999 0.8935000000000001 0.47359375000000004 0.8935000000000001 0.47359375000000004 0.9981249999999999 0.6912499999999999 0.9981249999999999
1 0.8637499999999999 0.745375 0.8637499999999999 0.69775 0.8121875 0.69775 0.8121875 0.745375 0.8637499999999999 0.745375
1 0.88515625 0.728875 0.88515625 0.6685 0.845078125 0.6685 0.845078125 0.728875 0.88515625 0.728875
1 0.9815625000000001 0.6759999999999999 0.9815625000000001 0.644 0.8992968749999999 0.644 0.8992968749999999 0.6759999999999999 0.9815625000000001 0.6759999999999999
1 0.49921875 0.0032500000000000003 0.49921875 0.162625 0.74890625 0.162625 0.74890625 0.0032500000000000003 0.49921875 0.0032500000000000003
1 0.782421875 0.26687500000000003 0.782421875 0.08687500000000001 0.5396875 0.08687500000000001 0.5396875 0.26687500000000003 0.782421875 0.26687500000000003
1 0.81796875 0.301625 0.81796875 0.18162499999999998 0.6146874999999999 0.18162499999999998 0.6146874999999999 0.301625 0.81796875 0.301625
1 0.713359375 0.262125 0.713359375 0.320625 0.8456250000000001 0.320625 0.8456250000000001 0.262125 0.713359375 0.262125
1 0.746953125 0.317375 0.746953125 0.38375 0.8771875 0.38375 0.8771875 0.317375 0.746953125 0.317375
1 0.8407031249999999 0.32687499999999997 0.8407031249999999 0.34587500000000004 0.857421875 0.34587500000000004 0.857421875 0.32687499999999997 0.8407031249999999 0.32687499999999997
1 0.751875 0.0063750000000000005 0.751875 0.0995 0.8416406249999999 0.0995 0.8416406249999999 0.0063750000000000005 0.751875 0.0063750000000000005
1 0.8643750000000001 0.2085 0.8643750000000001 0.09325 0.77453125 0.09325 0.77453125 0.2085 0.8643750000000001 0.2085