1 0.25640625 0.9186249999999999 0.25640625 0.662 0.0032812500000000003 0.662 0.0032812500000000003 0.9186249999999999 0.25640625 0.9186249999999999
1 0.42976562500000004 0.745625 0.42976562500000004 0.572375 0.20601562499999998 0.572375 0.20601562499999998 0.745625 0.42976562500000004 0.745625
1 0.558515625 0.65125 0.558515625 0.507 0.41593749999999996 0.507 0.41593749999999996 0.65125 0.558515625 0.65125
1 0.66859375 0.5175 0.66859375 0.44925 0.6078125 0.44925 0.6078125 0.5175 0.66859375 0.5175
1 0.7064843749999999 0.496375 0.7064843749999999 0.43375 0.66015625 0.43375 0.66015625 0.496375 0.7064843749999999 0.496375
1 0.701640625 0.42225 0.701640625 0.464625 0.733515625 0.464625 0.733515625 0.42225 0.701640625 0.42225
1 0.766015625 0.45112500000000005 0.766015625 0.40875000000000006 0.7286718750000001 0.40875000000000006 0.7286718750000001 0.45112500000000005 0.766015625 0.45112500000000005
1 0.757578125 0.39725 0.757578125 0.42612500000000003 0.785859375 0.42612500000000003 0.785859375 0.39725 0.757578125 0.39725
1 0.801484375 0.4175 0.801484375 0.386625 0.770234375 0.386625 0.770234375 0.4175 0.801484375 0.4175
1 0.8189062500000001 0.40787500000000004 0.8189062500000001 0.378 0.79125 0.378 0.79125 0.40787500000000004 0.8189062500000001 0.40787500000000004
1 0.70484375 0.325125 0.70484375 0.251125 0.53015625 0.251125 0.53015625 0.325125 0.70484375 0.325125
1 0.7329687500000001 0.297375 0.7329687500000001 0.254625 0.6975781249999999 0.254625 0.6975781249999999 0.297375 0.7329687500000001 0.297375
1 0.7575000000000001 0.30662500000000004 0.7575000000000001 0.25575000000000003 0.720703125 0.25575000000000003 0.720703125 0.30662500000000004 0.7575000000000001 0.30662500000000004
1 0.7878125 0.300875 0.7878125 0.256875 0.76109375 0.256875 0.76109375 0.300875 0.7878125 0.300875
1 0.6571875 0.22574999999999998 0.6571875 0.139125 0.58859375 0.139125 0.58859375 0.22574999999999998 0.6571875 0.22574999999999998
1 0.5884375000000001 0.27125 0.5884375000000001 0.121875 0.39453125 0.121875 0.39453125 0.27125 0.5884375000000001 0.27125
1 0.545390625 0.24825 0.545390625 0.08737500000000001 0.23828125 0.08737500000000001 0.23828125 0.24825 0.545390625 0.24825
1 0.24367187499999998 0.199375 0.24367187499999998 0.004 0.006562500000000001 0.004 0.006562500000000001 0.199375 0.24367187499999998 0.199375
1 0.692578125 0.12787500000000002 0.692578125 0.061375 0.6346093749999999 0.061375 0.6346093749999999 0.12787500000000002 0.692578125 0.12787500000000002
1 0.723828125 0.14725 0.723828125 0.08625000000000001 0.653671875 0.08625000000000001 0.653671875 0.14725 0.723828125 0.14725
1 0.750625 0.169375 0.750625 0.097375 0.657109375 0.097375 0.657109375 0.169375 0.750625 0.169375
1 0.7696875000000001 0.176375 0.7696875000000001 0.1265 0.736796875 0.1265 0.736796875 0.176375 0.7696875000000001 0.176375
1 0.793984375 0.17075 0.793984375 0.1375 0.7584375 0.1375 0.7584375 0.17075 0.793984375 0.17075
1 0.80953125 0.1805 0.80953125 0.145875 0.7904687499999999 0.145875 0.7904687499999999 0.1805 0.80953125 0.1805
1 0.81125 0.301125 0.81125 0.263625 0.7921875 0.263625 0.7921875 0.301125 0.81125 0.301125
1 0.92734375 0.380125 0.92734375 0.34125 0.883125 0.34125 0.883125 0.380125 0.92734375 0.380125
1 0.8142968749999999 0.037375000000000005 0.8142968749999999 0.00625 0.745078125 0.00625 0.745078125 0.037375000000000005 0.8142968749999999 0.037375000000000005
1 0.8164843749999999 0.0755 0.8164843749999999 0.038625 0.7775000000000001 0.038625 0.7775000000000001 0.0755 0.8164843749999999 0.0755
1 0.333125 0.342375 0.333125 0.305625 0.28304687500000003 0.305625 0.28304687500000003 0.342375 0.333125 0.342375
1 0.41218750000000004 0.33575 0.41218750000000004 0.29725 0.33625 0.29725 0.33625 0.33799999999999997 0.37109375 0.33799999999999997 0.37109375 0.33575 0.41218750000000004 0.33575
1 0.46265625000000005 0.32237499999999997 0.46265625000000005 0.29725 0.431640625 0.29725 0.431640625 0.32237499999999997 0.46265625000000005 0.32237499999999997
1 0.08015625 0.3665 0.08015625 0.31825000000000003 0.015703125000000002 0.31825000000000003 0.015703125000000002 0.3665 0.08015625 0.3665