1 0.99671875 0.42555555624999997 0.99671875 0.255 0.90078125 0.255 0.90078125 0.42555555624999997 0.99671875 0.42555555624999997
1 0.91484375 0.4528703703125 0.91484375 0.31416666718749997 0.783125 0.31416666718749997 0.783125 0.4528703703125 0.91484375 0.4528703703125
1 0.7894791671875 0.468796296875 0.7894791671875 0.368703703125 0.7127604171875 0.368703703125 0.7127604171875 0.468796296875 0.7894791671875 0.468796296875
1 0.7166145828125 0.47555555624999996 0.7166145828125 0.39824074062500003 0.6718229171875 0.39824074062500003 0.6718229171875 0.47555555624999996 0.7166145828125 0.47555555624999996
1 0.6782291671875 0.4846296296875 0.6782291671875 0.4141666671875 0.6360416671875 0.4141666671875 0.6360416671875 0.4846296296875 0.6782291671875 0.4846296296875
1 0.64609375 0.5249074078125 0.64609375 0.506296296875 0.6142708328125 0.506296296875 0.6142708328125 0.5249074078125 0.64609375 0.5249074078125
1 0.6427604171875 0.51055555625 0.6427604171875 0.48851851875 0.6157291671875 0.48851851875 0.6157291671875 0.51055555625 0.6427604171875 0.51055555625
1 0.61375 0.46074074062500003 0.61375 0.48722222187500003 0.64921875 0.48722222187500003 0.64921875 0.46074074062500003 0.61375 0.46074074062500003
1 0.6456770828125 0.4763888890625 0.6456770828125 0.4325925921875 0.6061979171874999 0.4325925921875 0.6061979171874999 0.4763888890625 0.6456770828125 0.4763888890625
1 0.61234375 0.42268518593750004 0.61234375 0.4424074078125 0.6456770828125 0.4424074078125 0.6456770828125 0.42268518593750004 0.61234375 0.42268518593750004
1 0.6431770828125 0.42157407343750003 0.6431770828125 0.39194444375000004 0.61171875 0.39194444375000004 0.61171875 0.42157407343750003 0.6431770828125 0.42157407343750003
1 0.61421875 0.36787037031250003 0.61421875 0.400740740625 0.6431770828125 0.400740740625 0.6431770828125 0.36787037031250003 0.61421875 0.36787037031250003
1 0.6481770828125 0.362777778125 0.6481770828125 0.332777778125 0.6224479171875 0.332777778125 0.6224479171875 0.362777778125 0.6481770828125 0.362777778125
1 0.6215625 0.3200925921875 0.6215625 0.343796296875 0.63578125 0.343796296875 0.63578125 0.3200925921875 0.6215625 0.3200925921875
1 0.6419791671875 0.3248148140625 0.6419791671875 0.301203703125 0.6304166671875 0.301203703125 0.6304166671875 0.3248148140625 0.6419791671875 0.3248148140625
1 0.6375520828125001 0.31222222187500004 0.6375520828125001 0.2790740734375 0.6002604171875 0.2790740734375 0.6002604171875 0.31222222187500004 0.6375520828125001 0.31222222187500004
1 0.6366666671875 0.28064814843749997 0.6366666671875 0.252222221875 0.61890625 0.252222221875 0.61890625 0.28064814843749997 0.6366666671875 0.28064814843749997
1 0.7973958328124999 0.2916666671875 0.7973958328124999 0.2000925921875 0.6446354171875 0.2000925921875 0.6446354171875 0.2916666671875 0.7973958328124999 0.2916666671875
1 0.8240624999999999 0.242777778125 0.8240624999999999 0.12592592656249998 0.6650520828125 0.12592592656249998 0.6650520828125 0.242777778125 0.8240624999999999 0.242777778125
1 0.6974479171875 0.028981481250000003 0.6974479171875 0.1654629625 0.8470833328125 0.1654629625 0.8470833328125 0.028981481250000003 0.6974479171875 0.028981481250000003
1 0.9796354171875 0.8025 0.9796354171875 0.6371296296875 0.79390625 0.6371296296875 0.79390625 0.8025 0.9796354171875 0.8025
1 0.9981770828125001 0.8732407406249999 0.9981770828125001 0.7035185187499999 0.9080208328125 0.7035185187499999 0.9080208328125 0.8732407406249999 0.9981770828125001 0.8732407406249999
1 0.9475520828124999 0.9965740734375 0.9475520828124999 0.9311111109375 0.83890625 0.9311111109375 0.83890625 0.9965740734375 0.9475520828124999 0.9965740734375
0 0.33557291718750004 0.5918518515625 0.33557291718750004 0.43046296249999993 0.24734375000000003 0.43046296249999993 0.24734375000000003 0.5918518515625 0.33557291718750004 0.5918518515625
1 0.5089583328125 0.5700000000000001 0.5089583328125 0.556296296875 0.48239583281250004 0.556296296875 0.48239583281250004 0.5700000000000001 0.5089583328125 0.5700000000000001
1 0.4797916671875 0.5501851859375 0.4797916671875 0.5571296296875 0.5068229171875 0.5571296296875 0.5068229171875 0.5501851859375 0.4797916671875 0.5501851859375
1 0.4806770828125 0.538796296875 0.4806770828125 0.5501851859375 0.5068229171875 0.5501851859375 0.5068229171875 0.538796296875 0.4806770828125 0.538796296875
1 0.6552604171875 0.5957407406249999 0.6552604171875 0.56555555625 0.6203125 0.56555555625 0.6203125 0.5957407406249999 0.6552604171875 0.5957407406249999
0 0.6856770828125 0.7945370375 0.6856770828125 0.49296296249999993 0.5950520828125 0.49296296249999993 0.5950520828125 0.7945370375 0.6856770828125 0.7945370375
0 0.6963020828125 0.8403703703125001 0.6963020828125 0.45981481406249997 0.6466145828125 0.45981481406249997 0.6466145828125 0.8403703703125001 0.6963020828125 0.8403703703125001
0 0.8038020828124999 0.9476851859375 0.8038020828124999 0.45194444375 0.6767708328125 0.45194444375 0.6767708328125 0.9476851859375 0.8038020828124999 0.9476851859375