1 0.31734375 0.7516666671875 0.31734375 0.7162499999999999 0.25421875 0.7162499999999999 0.25421875 0.7516666671875 0.31734375 0.7516666671875
0 0.163671875 0.4926388890625 0.163671875 0.70194444375 0.24703124999999998 0.70194444375 0.24703124999999998 0.4926388890625 0.163671875 0.4926388890625
0 0.52796875 0.73375 0.52796875 0.554722221875 0.4684375 0.554722221875 0.4684375 0.73375 0.52796875 0.73375
0 0.99578125 0.8745833328125 0.99578125 0.2679166671875 0.93296875 0.2679166671875 0.93296875 0.8745833328125 0.99578125 0.8745833328125
0 0.90296875 0.3576388890625 0.90296875 0.8216666671875 0.9862500000000001 0.8216666671875 0.9862500000000001 0.3576388890625 0.90296875 0.3576388890625
0 0.93296875 0.7966666671875 0.93296875 0.4258333328125 0.8515625 0.4258333328125 0.8515625 0.7966666671875 0.93296875 0.7966666671875
1 0.8462500000000001 0.7175 0.8462500000000001 0.6886111109375 0.8116406250000001 0.6886111109375 0.8116406250000001 0.7175 0.8462500000000001 0.7175
1 0.87171875 0.6972222218749999 0.87171875 0.668472221875 0.8305468749999999 0.668472221875 0.8305468749999999 0.6972222218749999 0.87171875 0.6972222218749999
1 0.8278125 0.6183333328125 0.8278125 0.6386111109375 0.8706250000000001 0.6386111109375 0.8706250000000001 0.6183333328125 0.8278125 0.6183333328125
1 0.86625 0.61069444375 0.86625 0.5731944437500001 0.8262499999999999 0.5731944437500001 0.8262499999999999 0.61069444375 0.86625 0.61069444375
1 0.8278125 0.54430555625 0.8278125 0.5788888890624999 0.867890625 0.5788888890624999 0.867890625 0.54430555625 0.8278125 0.54430555625
1 0.86359375 0.56069444375 0.86359375 0.52305555625 0.831640625 0.52305555625 0.831640625 0.56069444375 0.86359375 0.56069444375
1 0.8321875000000001 0.50680555625 0.8321875000000001 0.536527778125 0.857109375 0.536527778125 0.857109375 0.50680555625 0.8321875000000001 0.50680555625
1 0.859765625 0.5211111109375001 0.859765625 0.48361111093750003 0.8192187499999999 0.48361111093750003 0.8192187499999999 0.5211111109375001 0.859765625 0.5211111109375001
1 0.9180468749999999 0.446527778125 0.9180468749999999 0.34500000000000003 0.8703125 0.34500000000000003 0.8703125 0.446527778125 0.9180468749999999 0.446527778125
1 0.860546875 0.5006944437499999 0.860546875 0.446527778125 0.820625 0.446527778125 0.820625 0.5006944437499999 0.860546875 0.5006944437499999
1 0.821015625 0.428472221875 0.821015625 0.4766666671875 0.8556250000000001 0.4766666671875 0.8556250000000001 0.428472221875 0.821015625 0.428472221875
1 0.86875 0.4238888890625 0.86875 0.3670833328125 0.844375 0.3670833328125 0.844375 0.4238888890625 0.86875 0.4238888890625
1 0.84921875 0.44458333281250006 0.84921875 0.4025 0.820625 0.4025 0.820625 0.44458333281250006 0.84921875 0.44458333281250006
1 0.8657812500000001 0.36305555625 0.8657812500000001 0.31625000000000003 0.8428125 0.31625000000000003 0.8428125 0.36305555625 0.8657812500000001 0.36305555625
1 0.8559374999999999 0.317222221875 0.8559374999999999 0.270277778125 0.83265625 0.270277778125 0.83265625 0.317222221875 0.8559374999999999 0.317222221875
1 0.865546875 0.3301388890625 0.865546875 0.2916666671875 0.8446875 0.2916666671875 0.8446875 0.3301388890625 0.865546875 0.3301388890625
1 0.84703125 0.26625 0.84703125 0.1988888890625 0.82265625 0.1988888890625 0.82265625 0.26625 0.84703125 0.26625
1 0.8525 0.29111111093750003 0.8525 0.23263888906250002 0.8348437499999999 0.23263888906250002 0.8348437499999999 0.29111111093750003 0.8525 0.29111111093750003
1 0.8299218749999999 0.25027777812499996 0.8299218749999999 0.20208333281250002 0.8055468749999999 0.20208333281250002 0.8055468749999999 0.25027777812499996 0.8299218749999999 0.25027777812499996
1 0.83125 0.2838888890625 0.83125 0.2366666671875 0.8042187500000001 0.2366666671875 0.8042187500000001 0.2838888890625 0.83125 0.2838888890625
1 0.844765625 0.4098611109375 0.844765625 0.3633333328125 0.812734375 0.3633333328125 0.812734375 0.4098611109375 0.844765625 0.4098611109375
1 0.9689062500000001 0.2320833328125 0.9689062500000001 0.11569444375 0.849609375 0.11569444375 0.849609375 0.2320833328125 0.9689062500000001 0.2320833328125
1 0.863671875 0.00375 0.863671875 0.11708333281250001 0.9754687499999999 0.11708333281250001 0.9754687499999999 0.00375 0.863671875 0.00375
1 0.998828125 0.3163888890625 0.998828125 0.1566666671875 0.9623437499999999 0.1566666671875 0.9623437499999999 0.3163888890625 0.998828125 0.3163888890625
1 0.965546875 0.41125 0.965546875 0.259722221875 0.89921875 0.259722221875 0.89921875 0.41125 0.965546875 0.41125
1 0.8040625 0.73069444375 0.8040625 0.6738888890625 0.720703125 0.6738888890625 0.720703125 0.73069444375 0.8040625 0.73069444375