1 0.571796875 0.6923611109375 0.571796875 0.6583333328125 0.52921875 0.6583333328125 0.52921875 0.6923611109375 0.571796875 0.6923611109375
1 0.5298437500000001 0.6912499999999999 0.5298437500000001 0.6627777781249999 0.514375 0.6627777781249999 0.514375 0.6912499999999999 0.5298437500000001 0.6912499999999999
1 0.62234375 0.710972221875 0.62234375 0.65180555625 0.563125 0.65180555625 0.563125 0.710972221875 0.62234375 0.710972221875
1 0.6310156250000001 0.7186111109375 0.6310156250000001 0.6616666671875 0.590234375 0.6616666671875 0.590234375 0.7186111109375 0.6310156250000001 0.7186111109375
1 0.7086718750000001 0.6836111109375 0.7086718750000001 0.626527778125 0.6192968750000001 0.626527778125 0.6192968750000001 0.6836111109375 0.7086718750000001 0.6836111109375
1 0.70625 0.7186111109375 0.70625 0.66819444375 0.6248437499999999 0.66819444375 0.6248437499999999 0.7186111109375 0.70625 0.7186111109375
1 0.782734375 0.7329166671875 0.782734375 0.6583333328125 0.686484375 0.6583333328125 0.686484375 0.7329166671875 0.782734375 0.7329166671875
1 0.9550000000000001 0.745 0.9550000000000001 0.650277778125 0.799609375 0.650277778125 0.799609375 0.745 0.9550000000000001 0.745
1 0.99765625 0.7513888890625 0.99765625 0.650277778125 0.9532812500000001 0.650277778125 0.9532812500000001 0.7513888890625 0.99765625 0.7513888890625
1 0.09609375 0.9040277781249999 0.09609375 0.780972221875 0.001953125 0.780972221875 0.001953125 0.9040277781249999 0.09609375 0.9040277781249999
1 0.038359375 0.9104166671874999 0.038359375 0.8298611109375 0.00375 0.8298611109375 0.00375 0.9104166671874999 0.038359375 0.9104166671874999
1 0.12632812499999999 0.8534722218749999 0.12632812499999999 0.7761111109375001 0.088984375 0.7761111109375001 0.088984375 0.8534722218749999 0.12632812499999999 0.8534722218749999
1 0.22859375 0.7891666671875 0.22859375 0.74194444375 0.19468749999999999 0.74194444375 0.19468749999999999 0.7891666671875 0.22859375 0.7891666671875
1 0.24851562500000002 0.76930555625 0.24851562500000002 0.74125 0.222890625 0.74125 0.222890625 0.76930555625 0.24851562500000002 0.76930555625
1 0.26742187500000003 0.7579166671875 0.26742187500000003 0.72375 0.23914062500000002 0.72375 0.23914062500000002 0.7579166671875 0.26742187500000003 0.7579166671875
1 0.2828125 0.742777778125 0.2828125 0.7183333328125 0.26351562500000003 0.7183333328125 0.26351562500000003 0.742777778125 0.2828125 0.742777778125
1 0.25460937499999997 0.51319444375 0.25460937499999997 0.45388888906249997 0.17875000000000002 0.45388888906249997 0.17875000000000002 0.51319444375 0.25460937499999997 0.51319444375
1 0.20406249999999998 0.47402777812499997 0.20406249999999998 0.35 0.084140625 0.35 0.084140625 0.47402777812499997 0.20406249999999998 0.47402777812499997
1 0.17195312499999998 0.418472221875 0.17195312499999998 0.2898611109375 0.028515625 0.2898611109375 0.028515625 0.418472221875 0.17195312499999998 0.418472221875
1 0.048515625 0.2070833328125 0.048515625 0.3320833328125 0.11015625 0.3320833328125 0.11015625 0.2070833328125 0.048515625 0.2070833328125
1 0.00453125 0.10555555624999999 0.00453125 0.2438888890625 0.0503125 0.2438888890625 0.0503125 0.10555555624999999 0.00453125 0.10555555624999999
1 0.01484375 0.01555555625 0.01484375 0.13930555625000002 0.188046875 0.13930555625000002 0.188046875 0.01555555625 0.01484375 0.01555555625
1 0.025937500000000002 0.005 0.025937500000000002 0.0445833328125 0.15171874999999999 0.0445833328125 0.15171874999999999 0.005 0.025937500000000002 0.005
1 0.0615625 0.11972222187499999 0.0615625 0.2313888890625 0.209296875 0.2313888890625 0.209296875 0.11972222187499999 0.0615625 0.11972222187499999
1 0.12859375 0.1616666671875 0.12859375 0.2491666671875 0.24109375000000002 0.2491666671875 0.24109375000000002 0.1616666671875 0.12859375 0.1616666671875
1 0.16609374999999998 0.22944444375 0.16609374999999998 0.30055555625 0.262109375 0.30055555625 0.262109375 0.22944444375 0.16609374999999998 0.22944444375
1 0.28500000000000003 0.36472222187500003 0.28500000000000003 0.320277778125 0.1975 0.320277778125 0.1975 0.36472222187500003 0.28500000000000003 0.36472222187500003
1 0.173359375 0.039722221875000005 0.173359375 0.134027778125 0.27453125 0.134027778125 0.27453125 0.039722221875000005 0.173359375 0.039722221875000005
1 0.148046875 0.0013888890625 0.148046875 0.0529166671875 0.253515625 0.0529166671875 0.253515625 0.0013888890625 0.148046875 0.0013888890625
1 0.11164062500000001 0.0013888890625 0.11164062500000001 0.0320833328125 0.230078125 0.0320833328125 0.230078125 0.0013888890625 0.11164062500000001 0.0013888890625
1 0.931328125 0.3113888890625 0.931328125 0.1654166671875 0.65453125 0.1654166671875 0.65453125 0.3113888890625 0.931328125 0.3113888890625
1 0.9925 0.222222221875 0.9925 0.0176388890625 0.745703125 0.0176388890625 0.745703125 0.222222221875 0.9925 0.222222221875
1 0.69078125 0.230277778125 0.69078125 0.15277777812499999 0.539765625 0.15277777812499999 0.539765625 0.230277778125 0.69078125 0.230277778125
1 0.762734375 0.4370833328125 0.762734375 0.332777778125 0.5814843749999999 0.332777778125 0.5814843749999999 0.4370833328125 0.762734375 0.4370833328125
1 0.72984375 0.46388888906250003 0.72984375 0.41180555625000004 0.553125 0.41180555625000004 0.553125 0.46388888906250003 0.72984375 0.46388888906250003
1 0.647265625 0.48125 0.647265625 0.44333333281250004 0.5353125000000001 0.44333333281250004 0.5353125000000001 0.48125 0.647265625 0.48125
1 0.624140625 0.51125 0.624140625 0.46388888906250003 0.520234375 0.46388888906250003 0.520234375 0.51125 0.624140625 0.51125
1 0.632109375 0.5191666671874999 0.632109375 0.47180555625 0.5015625 0.47180555625 0.5015625 0.5191666671874999 0.632109375 0.5191666671874999
1 0.582421875 0.34861111093749997 0.582421875 0.302777778125 0.49890625 0.302777778125 0.49890625 0.34861111093749997 0.582421875 0.34861111093749997
1 0.5753125 0.3154166671875 0.5753125 0.2523611109375 0.5096093749999999 0.2523611109375 0.5096093749999999 0.3154166671875 0.5753125 0.3154166671875
1 0.5571875000000001 0.14791666718750002 0.5571875000000001 0.086527778125 0.5103125000000001 0.086527778125 0.5103125000000001 0.14791666718750002 0.5571875000000001 0.14791666718750002
1 0.555390625 0.211527778125 0.555390625 0.144722221875 0.494296875 0.144722221875 0.494296875 0.211527778125 0.555390625 0.211527778125
1 0.5734375 0.07194444375 0.5734375 0.0022222218750000003 0.48757812500000003 0.0022222218750000003 0.48757812500000003 0.07194444375 0.5734375 0.07194444375
1 0.392890625 0.6950000000000001 0.392890625 0.6770833328125 0.36257812500000003 0.6770833328125 0.36257812500000003 0.6950000000000001 0.392890625 0.6950000000000001
1 0.364921875 0.6912499999999999 0.364921875 0.6754166671874999 0.343515625 0.6754166671874999 0.343515625 0.6912499999999999 0.364921875 0.6912499999999999
1 0.346171875 0.69875 0.346171875 0.6775 0.30929687499999997 0.6775 0.30929687499999997 0.69875 0.346171875 0.69875
1 0.46546875 0.6876388890625 0.46546875 0.67180555625 0.43187499999999995 0.67180555625 0.43187499999999995 0.6876388890625 0.46546875 0.6876388890625
0 0.196015625 0.3738888890625 0.196015625 0.7494444437500001 0.304375 0.7494444437500001 0.304375 0.3738888890625 0.196015625 0.3738888890625