0 0.35770833281250003 0.5854629625000001 0.35770833281250003 0.42175925937500003 0.2988541671875 0.42175925937500003 0.2988541671875 0.5854629625000001 0.35770833281250003 0.5854629625000001
1 0.9965104171875 0.8683333328125 0.9965104171875 0.6500925921875 0.8215625 0.6500925921875 0.8215625 0.8683333328125 0.9965104171875 0.8683333328125
1 0.9955729171875 0.7520370375 0.9955729171875 0.6118518515625 0.7408333328125 0.6118518515625 0.7408333328125 0.7520370375 0.9955729171875 0.7520370375
1 0.7642708328125 0.685740740625 0.7642708328125 0.604259259375 0.6865104171875 0.604259259375 0.6865104171875 0.685740740625 0.7642708328125 0.685740740625
1 0.720625 0.6516666671875 0.720625 0.5663888890625 0.6619791671875 0.5663888890625 0.6619791671875 0.6516666671875 0.720625 0.6516666671875
1 0.6801041671875 0.6156481484375 0.6801041671875 0.55694444375 0.6332291671875 0.55694444375 0.6332291671875 0.6156481484375 0.6801041671875 0.6156481484375
1 0.9966145828125 0.42805555625 0.9966145828125 0.2821296296875 0.7994791671875 0.2821296296875 0.7994791671875 0.42805555625 0.9966145828125 0.42805555625
1 0.8090624999999999 0.45648148125 0.8090624999999999 0.325740740625 0.73765625 0.325740740625 0.73765625 0.45648148125 0.8090624999999999 0.45648148125
1 0.7333854171875 0.4640740734375 0.7333854171875 0.3825925921875 0.6811458328125 0.3825925921875 0.6811458328125 0.4640740734375 0.7333854171875 0.4640740734375
1 0.6854166671875 0.46787037031249995 0.6854166671875 0.4015740734375 0.65453125 0.4015740734375 0.65453125 0.46787037031249995 0.6854166671875 0.46787037031249995
1 0.66515625 0.479259259375 0.66515625 0.4204629625 0.6353125000000001 0.4204629625 0.6353125000000001 0.479259259375 0.66515625 0.479259259375
1 0.63796875 0.47583333281250006 0.63796875 0.436296296875 0.6165104171875 0.436296296875 0.6165104171875 0.47583333281250006 0.63796875 0.47583333281250006
1 0.6202083328125 0.479722221875 0.6202083328125 0.43898148125 0.6024479171875 0.43898148125 0.6024479171875 0.479722221875 0.6202083328125 0.479722221875
1 0.6017187500000001 0.490277778125 0.6017187500000001 0.45083333281250004 0.5869270828125 0.45083333281250004 0.5869270828125 0.490277778125 0.6017187500000001 0.490277778125
1 0.6061458328125 0.3521296296875 0.6061458328125 0.31398148125 0.58765625 0.31398148125 0.58765625 0.3521296296875 0.6061458328125 0.3521296296875
1 0.6202083328125 0.34944444375 0.6202083328125 0.3008333328125 0.5935416671875 0.3008333328125 0.5935416671875 0.34944444375 0.6202083328125 0.34944444375
1 0.6335416671874999 0.329722221875 0.6335416671874999 0.254722221875 0.6076041671875 0.254722221875 0.6076041671875 0.329722221875 0.6335416671874999 0.329722221875
1 0.6572395828125 0.2876851859375 0.6572395828125 0.22055555624999998 0.6202083328125 0.22055555624999998 0.6202083328125 0.2876851859375 0.6572395828125 0.2876851859375
1 0.685625 0.2484259265625 0.685625 0.18055555625 0.6465625 0.18055555625 0.6465625 0.2484259265625 0.685625 0.2484259265625
1 0.7376041671875 0.1911111109375 0.7376041671875 0.09111111093749999 0.6659895828125 0.09111111093749999 0.6659895828125 0.1911111109375 0.7376041671875 0.1911111109375
1 0.7215104171875 0.00055555625 0.7215104171875 0.15611111093750002 0.8243229171875001 0.15611111093750002 0.8243229171875001 0.00055555625 0.7215104171875 0.00055555625
1 0.8197916671875 0.8913888890624999 0.8197916671875 0.7833333328125 0.6940104171875 0.7833333328125 0.6940104171875 0.8913888890624999 0.8197916671875 0.8913888890624999
1 0.70890625 0.8363888890625001 0.70890625 0.7397222218749999 0.663125 0.7397222218749999 0.663125 0.8363888890625001 0.70890625 0.8363888890625001
1 0.9135416671875 0.99555555625 0.9135416671875 0.883796296875 0.7505208328124999 0.883796296875 0.7505208328124999 0.99555555625 0.9135416671875 0.99555555625
0 0.63546875 0.7117592593750001 0.63546875 0.46962962968750005 0.5969791671875 0.46962962968750005 0.5969791671875 0.7117592593750001 0.63546875 0.7117592593750001
0 0.6095312500000001 0.6999074078125 0.6095312500000001 0.46305555624999994 0.5777083328125 0.46305555624999994 0.5777083328125 0.6999074078125 0.6095312500000001 0.6999074078125
0 0.5917708328125 0.6696296296875001 0.5917708328125 0.4643518515625 0.55921875 0.4643518515625 0.55921875 0.6696296296875001 0.5917708328125 0.6696296296875001
1 0.5147395828125 0.54 0.5147395828125 0.52601851875 0.48619791718750005 0.52601851875 0.48619791718750005 0.54 0.5147395828125 0.54
1 0.5172395828125 0.5545370375 0.5172395828125 0.5431481484375 0.4890625 0.5431481484375 0.4890625 0.5545370375 0.5172395828125 0.5545370375
1 0.5158333328125 0.56601851875 0.5158333328125 0.55398148125 0.4876041671875 0.55398148125 0.4876041671875 0.56601851875 0.5158333328125 0.56601851875