0 0.49078125000000006 0.5177777781249999 0.49078125000000006 0.7054166671875 0.546953125 0.7054166671875 0.546953125 0.5177777781249999 0.49078125000000006 0.5177777781249999
1 0.852265625 0.777222221875 0.852265625 0.6275000000000001 0.6839062499999999 0.6275000000000001 0.6839062499999999 0.777222221875 0.852265625 0.777222221875
1 0.841015625 0.845 0.841015625 0.7233333328125 0.6917187499999999 0.7233333328125 0.6917187499999999 0.845 0.841015625 0.845
1 0.7209375 0.8011111109375 0.7209375 0.68944444375 0.6389843749999999 0.68944444375 0.6389843749999999 0.8011111109375 0.7209375 0.8011111109375
1 0.671484375 0.76319444375 0.671484375 0.6854166671875 0.60640625 0.6854166671875 0.60640625 0.76319444375 0.671484375 0.76319444375
1 0.6442187500000001 0.734027778125 0.6442187500000001 0.6799999999999999 0.55765625 0.6799999999999999 0.55765625 0.734027778125 0.6442187500000001 0.734027778125
1 0.149921875 0.8427777781250001 0.149921875 0.7745833328125 0.0503125 0.7745833328125 0.0503125 0.8427777781250001 0.149921875 0.8427777781250001
1 0.19765625 0.8220833328125 0.19765625 0.7705555562499999 0.126640625 0.7705555562499999 0.126640625 0.8220833328125 0.19765625 0.8220833328125
1 0.19578125 0.7479166671875 0.19578125 0.7933333328125001 0.231875 0.7933333328125001 0.231875 0.7479166671875 0.19578125 0.7479166671875
1 0.26796875 0.785277778125 0.26796875 0.7458333328125 0.23304687500000001 0.7458333328125 0.23304687500000001 0.785277778125 0.26796875 0.785277778125
0 0.30359375 0.79625 0.30359375 0.4286111109375 0.19046875000000002 0.4286111109375 0.19046875000000002 0.79625 0.30359375 0.79625
1 0.20460937499999998 0.48763888906249997 0.20460937499999998 0.4033333328125 0.092890625 0.4033333328125 0.092890625 0.48763888906249997 0.20460937499999998 0.48763888906249997
1 0.091015625 0.36986111093749996 0.091015625 0.2670833328125 0.00140625 0.2670833328125 0.00140625 0.36986111093749996 0.091015625 0.36986111093749996
1 0.06921875 0.24097222187499998 0.06921875 0.2991666671875 0.107421875 0.2991666671875 0.107421875 0.24097222187499998 0.06921875 0.24097222187499998
1 0.13765624999999998 0.37472222187500004 0.13765624999999998 0.2804166671875 0.06789062500000001 0.2804166671875 0.06789062500000001 0.37472222187500004 0.13765624999999998 0.37472222187500004
1 0.07921875 0.32180555625 0.07921875 0.3786111109375 0.1896875 0.3786111109375 0.1896875 0.32180555625 0.07921875 0.32180555625
1 0.146875 0.24680555625 0.146875 0.34208333281250003 0.277890625 0.34208333281250003 0.277890625 0.24680555625 0.146875 0.24680555625
1 0.22554687499999998 0.2538888890625 0.22554687499999998 0.1258333328125 0.06882812499999999 0.1258333328125 0.06882812499999999 0.2538888890625 0.22554687499999998 0.2538888890625
1 0.19148437499999998 0.19680555625 0.19148437499999998 0.041249999999999995 0.0590625 0.041249999999999995 0.0590625 0.19680555625 0.19148437499999998 0.19680555625
1 0.01859375 0.005277778125 0.01859375 0.10500000000000001 0.1275 0.10500000000000001 0.1275 0.005277778125 0.01859375 0.005277778125
1 0.9017968749999999 0.30583333281249997 0.9017968749999999 0.109722221875 0.6174999999999999 0.109722221875 0.6174999999999999 0.30583333281249997 0.9017968749999999 0.30583333281249997
1 0.9354687500000001 0.21611111093750002 0.9354687500000001 0.079722221875 0.853125 0.079722221875 0.853125 0.21611111093750002 0.9354687500000001 0.21611111093750002
1 0.98765625 0.124722221875 0.98765625 0.0148611109375 0.906875 0.0148611109375 0.906875 0.124722221875 0.98765625 0.124722221875
1 0.5671875 0.00569444375 0.5671875 0.06527777812499999 0.66078125 0.06527777812499999 0.66078125 0.00569444375 0.5671875 0.00569444375
1 0.5875 0.055416667187500004 0.5875 0.0033333328125 0.53203125 0.0033333328125 0.53203125 0.055416667187500004 0.5875 0.055416667187500004
1 0.59421875 0.105972221875 0.59421875 0.043472221875 0.5310937499999999 0.043472221875 0.5310937499999999 0.105972221875 0.59421875 0.105972221875
1 0.634375 0.22305555625 0.634375 0.12680555625 0.5509375000000001 0.12680555625 0.5509375000000001 0.22305555625 0.634375 0.22305555625
1 0.60734375 0.27999999999999997 0.60734375 0.207777778125 0.541484375 0.207777778125 0.541484375 0.27999999999999997 0.60734375 0.27999999999999997
1 0.87671875 0.3901388890625 0.87671875 0.2758333328125 0.586328125 0.2758333328125 0.586328125 0.3901388890625 0.87671875 0.3901388890625
1 0.799453125 0.44444444375 0.799453125 0.35902777812500003 0.5746875 0.35902777812500003 0.5746875 0.44444444375 0.799453125 0.44444444375
1 0.738984375 0.4976388890625 0.738984375 0.42597222187500006 0.54734375 0.42597222187500006 0.54734375 0.4976388890625 0.738984375 0.4976388890625
1 0.9966406250000001 0.9348611109375 0.9966406250000001 0.7365277781249999 0.835 0.7365277781249999 0.835 0.9348611109375 0.9966406250000001 0.9348611109375