1 0.245703125 0.36 0.245703125 0.0063750000000000005 0.0021874999999999998 0.0063750000000000005 0.0021874999999999998 0.36 0.245703125 0.36
1 0.462578125 0.45175 0.462578125 0.1145 0.073828125 0.1145 0.073828125 0.45175 0.462578125 0.45175
1 0.598984375 0.459875 0.598984375 0.271625 0.447265625 0.271625 0.447265625 0.459875 0.598984375 0.459875
1 0.7047656250000001 0.46262499999999995 0.7047656250000001 0.307125 0.55125 0.307125 0.55125 0.46262499999999995 0.7047656250000001 0.46262499999999995
1 0.69421875 0.8640000000000001 0.69421875 0.7295 0.349609375 0.7295 0.349609375 0.8640000000000001 0.69421875 0.8640000000000001
1 0.7428125 0.812875 0.7428125 0.7105 0.64328125 0.7105 0.64328125 0.812875 0.7428125 0.812875
1 0.78421875 0.7655000000000001 0.78421875 0.685875 0.7132031249999999 0.685875 0.7132031249999999 0.7655000000000001 0.78421875 0.7655000000000001
1 0.7195370359375 0.65175 0.715546875 0.65175 0.715546875 0.708625 0.82328125 0.708625 0.82328125 0.65175 0.751458334375 0.65175 0.7524344765625 0.531084678125 0.77 0.473625 0.8103125 0.473625 0.8103125 0.42437500000000006 0.77 0.42437500000000006 0.77 0.4665892859375 0.7506779234375001 0.5368306453125 0.7173034265625 0.6460040328125001 0.7195370359375 0.65175
1 0.717890625 0.396 0.717890625 0.49824999999999997 0.78421875 0.49824999999999997 0.78421875 0.396 0.717890625 0.396
1 0.672890625 0.3695 0.672890625 0.44712500000000005 0.7428125 0.44712500000000005 0.7428125 0.3695 0.672890625 0.3695
1 0.70375 0.206625 0.70375 0.272125 0.81015625 0.272125 0.81015625 0.206625 0.70375 0.206625
1 0.7498437499999999 0.227 0.7498437499999999 0.082375 0.64921875 0.082375 0.64921875 0.227 0.7498437499999999 0.227
1 0.476953125 0.999125 0.476953125 0.8491250000000001 0.0063281249999999995 0.8491250000000001 0.0063281249999999995 0.999125 0.476953125 0.999125
1 0.1990625 0.5543750000000001 0.1990625 0.47800000000000004 0.089921875 0.47800000000000004 0.089921875 0.5543750000000001 0.1990625 0.5543750000000001