0 0.3978645828125 0.5908333328125 0.3978645828125 0.43814814843749994 0.3438541671875 0.43814814843749994 0.3438541671875 0.5908333328125 0.3978645828125 0.5908333328125
0 0.8715624999999999 0.7710185187499999 0.8715624999999999 0.469722221875 0.7990104171875 0.469722221875 0.7990104171875 0.7710185187499999 0.8715624999999999 0.7710185187499999
0 0.8056770828125 0.7368518515625 0.8056770828125 0.48157407343749997 0.7657291671875 0.48157407343749997 0.7657291671875 0.7368518515625 0.8056770828125 0.7368518515625
0 0.7745833328125 0.7158333328125 0.7745833328125 0.4828703703125 0.7257291671874999 0.4828703703125 0.7257291671874999 0.7158333328125 0.7745833328125 0.7158333328125
1 0.00046875 0.711203703125 0.00046875 0.7679629625 0.054843750000000004 0.7679629625 0.054843750000000004 0.711203703125 0.00046875 0.711203703125
1 0.8221875000000001 0.32999999999999996 0.8221875000000001 0.26055555625000004 0.7476041671875 0.26055555625000004 0.7476041671875 0.32999999999999996 0.8221875000000001 0.32999999999999996
1 0.8346354171874999 0.3158333328125 0.8346354171874999 0.233703703125 0.7751041671875 0.233703703125 0.7751041671875 0.3158333328125 0.8346354171874999 0.3158333328125
1 0.87015625 0.2984259265625 0.87015625 0.1925925921875 0.81421875 0.1925925921875 0.81421875 0.2984259265625 0.87015625 0.2984259265625
1 0.9909375 0.26527777812500003 0.9909375 0.126296296875 0.8834895828124999 0.126296296875 0.8834895828124999 0.26527777812500003 0.9909375 0.26527777812500003
1 0.9998437499999999 0.1831481484375 0.9998437499999999 0.09629629687499999 0.9625 0.09629629687499999 0.9625 0.1831481484375 0.9998437499999999 0.1831481484375
1 0.8621354171875 0.1484259265625 0.8621354171875 0.0568518515625 0.76890625 0.0568518515625 0.76890625 0.1484259265625 0.8621354171875 0.1484259265625
1 0.8088541671874999 0 0.8088541671874999 0.06629629687500001 0.85859375 0.06629629687500001 0.85859375 0 0.8088541671874999 0
1 0.81953125 0.1784259265625 0.81953125 0.09944444375 0.74046875 0.09944444375 0.74046875 0.1784259265625 0.81953125 0.1784259265625
1 0.9607291671875 0.456296296875 0.9607291671875 0.396296296875 0.8826041671875 0.396296296875 0.8826041671875 0.456296296875 0.9607291671875 0.456296296875
1 0.9980729171875 0.443703703125 0.9980729171875 0.38055555625 0.9633854171875 0.38055555625 0.9633854171875 0.443703703125 0.9980729171875 0.443703703125
1 0.9971354171875 0.655277778125 0.9971354171875 0.5825925921875 0.9669791671875 0.5825925921875 0.9669791671875 0.655277778125 0.9971354171875 0.655277778125
1 0.9633854171875 0.6584259265625 0.9633854171875 0.5700000000000001 0.8826041671875 0.5700000000000001 0.8826041671875 0.6584259265625 0.9633854171875 0.6584259265625
1 0.9793749999999999 0.83055555625 0.9793749999999999 0.754722221875 0.9269791671875 0.754722221875 0.9269791671875 0.83055555625 0.9793749999999999 0.83055555625
1 0.9998437499999999 0.8684259265625001 0.9998437499999999 0.8021296296875 0.96875 0.8021296296875 0.96875 0.8684259265625001 0.9998437499999999 0.8684259265625001
1 0.87015625 0.4658333328125 0.87015625 0.41685185156250004 0.8204166671875001 0.41685185156250004 0.8204166671875001 0.4658333328125 0.87015625 0.4658333328125
1 0.8186458328124999 0.4658333328125 0.8186458328124999 0.42314814843750004 0.7795833328125 0.42314814843750004 0.7795833328125 0.4658333328125 0.8186458328124999 0.4658333328125
1 0.77421875 0.4721296296875 0.77421875 0.44055555625 0.7413541671874999 0.44055555625 0.7413541671874999 0.4721296296875 0.77421875 0.4721296296875