1 0.8 0.5035416671874999 0.8 0.3303125 0.2678125 0.3303125 0.2678125 0.5035416671874999 0.8 0.5035416671874999
1 0.515234375 0.5422916671875 0.515234375 0.3926041671875 0.19609375 0.3926041671875 0.19609375 0.5422916671875 0.515234375 0.5422916671875
1 0.21171875 0.53125 0.21171875 0.4425 0.17953125 0.4425 0.17953125 0.53125 0.21171875 0.53125
1 0.18367187499999998 0.5478125 0.18367187499999998 0.46197916718750004 0.13171875 0.46197916718750004 0.13171875 0.5478125 0.18367187499999998 0.5478125
1 0.13999999999999999 0.5422916671875 0.13999999999999999 0.4923958328125 0.099453125 0.4923958328125 0.099453125 0.5422916671875 0.13999999999999999 0.5422916671875
1 0.22000000000000003 0.4646875 0.22000000000000003 0.3829166671875 0.10882812500000001 0.3829166671875 0.10882812500000001 0.4646875 0.22000000000000003 0.4646875
1 0.257421875 0.43833333281250003 0.257421875 0.3427083328125 0.13273437500000002 0.3427083328125 0.13273437500000002 0.43833333281250003 0.257421875 0.43833333281250003
1 0.16703125000000002 0.2748958328125 0.16703125000000002 0.37875000000000003 0.5193749999999999 0.37875000000000003 0.5193749999999999 0.2748958328125 0.16703125000000002 0.2748958328125
1 0.5817187500000001 0.359375 0.5817187500000001 0.1875 0.20546875 0.1875 0.20546875 0.359375 0.5817187500000001 0.359375
1 0.419765625 0.28125 0.419765625 0.068125 0.24914062499999998 0.068125 0.24914062499999998 0.28125 0.419765625 0.28125
1 0.9930468749999999 0.3233333328125 0.9930468749999999 0.0043749999999999995 0.370234375 0.0043749999999999995 0.370234375 0.3233333328125 0.9930468749999999 0.3233333328125
1 0.9909375 0.5360416671875 0.9909375 0.4322916671875 0.77390625 0.4322916671875 0.77390625 0.5360416671875 0.9909375 0.5360416671875
1 0.391484375 0.2502083328125 0.391484375 0.1559375 0.144140625 0.1559375 0.144140625 0.2502083328125 0.391484375 0.2502083328125
1 0.246015625 0.3083333328125 0.246015625 0.22937500000000002 0.11921875 0.22937500000000002 0.11921875 0.3083333328125 0.246015625 0.3083333328125
1 0.5125 0.1434375 0.5125 0.0017708328125 0.18921875 0.0017708328125 0.18921875 0.1434375 0.5125 0.1434375
1 0.24906250000000002 0.1355208328125 0.24906250000000002 0.025729167187500002 0.112890625 0.025729167187500002 0.112890625 0.1355208328125 0.24906250000000002 0.1355208328125
1 0.38921875 0.7284375 0.38921875 0.654375 0.13296875 0.654375 0.13296875 0.7284375 0.38921875 0.7284375
1 0.148125 0.7054166671875 0.148125 0.6476041671874999 0.09468750000000001 0.6476041671874999 0.09468750000000001 0.7054166671875 0.148125 0.7054166671875
1 0.175546875 0.8573958328125 0.175546875 0.7717708328125 0.10914062499999999 0.7717708328125 0.10914062499999999 0.8573958328125 0.175546875 0.8573958328125
1 0.288828125 0.8891666671875 0.288828125 0.775625 0.16468750000000001 0.775625 0.16468750000000001 0.8891666671875 0.288828125 0.8891666671875
1 0.320625 0.9517708328125 0.320625 0.8092708328124999 0.205859375 0.8092708328124999 0.205859375 0.9517708328125 0.320625 0.9517708328125
1 0.5053124999999999 0.9910416671875 0.5053124999999999 0.8862500000000001 0.274609375 0.8862500000000001 0.274609375 0.9910416671875 0.5053124999999999 0.9910416671875