0 0.40609375 0.0523611109375 0.40609375 0.8473611109375 0.7309375 0.8473611109375 0.7309375 0.0523611109375 0.40609375 0.0523611109375
1 0.38328125 0.3029166671875 0.38328125 0.1888888890625 0.233984375 0.1888888890625 0.233984375 0.3029166671875 0.38328125 0.3029166671875
1 0.30921875 0.34125 0.30921875 0.2536111109375 0.202578125 0.2536111109375 0.202578125 0.34125 0.30921875 0.34125
1 0.49554687499999994 0.39069444375 0.49554687499999994 0.2963888890625 0.295703125 0.2963888890625 0.295703125 0.39069444375 0.49554687499999994 0.39069444375
1 0.37953125 0.4970833328125 0.37953125 0.41694444375 0.232734375 0.41694444375 0.232734375 0.4970833328125 0.37953125 0.4970833328125
1 0.282265625 0.5308333328125 0.282265625 0.49124999999999996 0.17265625 0.49124999999999996 0.17265625 0.5308333328125 0.282265625 0.5308333328125
1 0.171328125 0.5429166671875 0.171328125 0.50875 0.151171875 0.50875 0.151171875 0.5429166671875 0.171328125 0.5429166671875
1 0.151171875 0.5551388890625 0.151171875 0.527777778125 0.133671875 0.527777778125 0.133671875 0.5551388890625 0.151171875 0.5551388890625
1 0.13539062500000001 0.5566666671875 0.13539062500000001 0.5354166671875 0.12421875 0.5354166671875 0.12421875 0.5566666671875 0.13539062500000001 0.5566666671875
1 0.1525 0.7302777781249999 0.1525 0.7013888890625 0.13625 0.7013888890625 0.13625 0.7302777781249999 0.1525 0.7302777781249999
1 0.176015625 0.7363888890625 0.176015625 0.7075 0.1525 0.7075 0.1525 0.7363888890625 0.176015625 0.7363888890625
1 0.1409375 0.7195833328125001 0.1409375 0.69680555625 0.125546875 0.69680555625 0.125546875 0.7195833328125001 0.1409375 0.7195833328125001
1 0.25125000000000003 0.7697222218750001 0.25125000000000003 0.72319444375 0.218359375 0.72319444375 0.218359375 0.7697222218750001 0.25125000000000003 0.7697222218750001
1 0.28515625 0.7806944437500001 0.28515625 0.7295833328125 0.252265625 0.7295833328125 0.252265625 0.7806944437500001 0.28515625 0.7806944437500001
1 0.33453125 0.7870833328125 0.33453125 0.7166666671875 0.282109375 0.7166666671875 0.282109375 0.7870833328125 0.33453125 0.7870833328125
1 0.399296875 0.8054166671875 0.399296875 0.74694444375 0.33453125 0.74694444375 0.33453125 0.8054166671875 0.399296875 0.8054166671875
1 0.27234375 0.3786111109375 0.27234375 0.3091666671875 0.182421875 0.3091666671875 0.182421875 0.3786111109375 0.27234375 0.3786111109375
1 0.27078125000000003 0.39694444375 0.27078125000000003 0.3438888890625 0.161796875 0.3438888890625 0.161796875 0.39694444375 0.27078125000000003 0.39694444375
1 0.213203125 0.42611111093750004 0.213203125 0.3813888890625 0.14796875 0.3813888890625 0.14796875 0.42611111093750004 0.213203125 0.42611111093750004
1 0.19265625 0.44625000000000004 0.19265625 0.40055555624999994 0.1325 0.40055555624999994 0.1325 0.44625000000000004 0.19265625 0.44625000000000004
1 0.205 0.334722221875 0.205 0.28638888906250004 0.1340625 0.28638888906250004 0.1340625 0.334722221875 0.205 0.334722221875
1 0.22765624999999998 0.3091666671875 0.22765624999999998 0.25986111093750003 0.14953125 0.25986111093750003 0.14953125 0.3091666671875 0.22765624999999998 0.3091666671875
1 0.24718749999999998 0.2808333328125 0.24718749999999998 0.2141666671875 0.161328125 0.2141666671875 0.161328125 0.2808333328125 0.24718749999999998 0.2808333328125
1 0.256953125 0.2545833328125 0.256953125 0.169027778125 0.18367187499999998 0.169027778125 0.18367187499999998 0.2545833328125 0.256953125 0.2545833328125
1 0.16625 0.25736111093749997 0.16625 0.20930555625 0.12984374999999998 0.20930555625 0.12984374999999998 0.25736111093749997 0.16625 0.25736111093749997
1 0.214296875 0.2001388890625 0.214296875 0.14694444375 0.15726562500000002 0.14694444375 0.15726562500000002 0.2001388890625 0.214296875 0.2001388890625
1 0.24078125 0.17430555625 0.24078125 0.1073611109375 0.165859375 0.1073611109375 0.165859375 0.17430555625 0.24078125 0.17430555625
1 0.26 0.06 0.26 0.0033333328125 0.18226562500000001 0.0033333328125 0.18226562500000001 0.06 0.26 0.06
1 0.351015625 0.10069444375 0.351015625 0.013888889062500001 0.2421875 0.013888889062500001 0.2421875 0.10069444375 0.351015625 0.10069444375
1 0.320703125 0.1836111109375 0.320703125 0.07180555625 0.22593749999999999 0.07180555625 0.22593749999999999 0.1836111109375 0.320703125 0.1836111109375
1 0.47093749999999995 0.20736111093749998 0.47093749999999995 0.08625000000000001 0.314765625 0.08625000000000001 0.314765625 0.20736111093749998 0.47093749999999995 0.20736111093749998
1 0.136015625 0.45597222187500003 0.136015625 0.42291666718750004 0.12281249999999999 0.42291666718750004 0.12281249999999999 0.45597222187500003 0.136015625 0.45597222187500003
1 0.123828125 0.4673611109375 0.123828125 0.43499999999999994 0.113125 0.43499999999999994 0.113125 0.4673611109375 0.123828125 0.4673611109375
1 0.12171875000000001 0.4470833328125 0.12171875000000001 0.415972221875 0.10640625 0.415972221875 0.10640625 0.4470833328125 0.12171875000000001 0.4470833328125
1 0.141328125 0.29055555625 0.141328125 0.25986111093750003 0.11304687499999999 0.25986111093750003 0.11304687499999999 0.29055555625 0.141328125 0.29055555625
1 0.1675 0.35611111093750003 0.1675 0.32444444375 0.11984375 0.32444444375 0.11984375 0.35611111093750003 0.1675 0.35611111093750003
1 0.18078125 0.19569444375 0.18078125 0.14625 0.12898437499999998 0.14625 0.12898437499999998 0.19569444375 0.18078125 0.19569444375
1 0.811875 0.3691666671875 0.811875 0.305 0.7533593749999999 0.305 0.7533593749999999 0.3691666671875 0.811875 0.3691666671875
1 0.803671875 0.4338888890625 0.803671875 0.404722221875 0.7611718749999999 0.404722221875 0.7611718749999999 0.4338888890625 0.803671875 0.4338888890625