1 0.6052604171875 0.3836111109375 0.6052604171875 0.3448148140625 0.5351041671875 0.3448148140625 0.5351041671875 0.3836111109375 0.6052604171875 0.3836111109375
1 0.6067708328125 0.3156481484375 0.6067708328125 0.25888888906249996 0.5288541671875 0.25888888906249996 0.5288541671875 0.3156481484375 0.6067708328125 0.3156481484375
1 0.5990104171875 0.235277778125 0.5990104171875 0.16740740781250002 0.5210416671875 0.16740740781250002 0.5210416671875 0.235277778125 0.5990104171875 0.235277778125
1 0.5927604171875 0.1715740734375 0.5927604171875 0.11055555624999999 0.5288541671875 0.11055555624999999 0.5288541671875 0.1715740734375 0.5927604171875 0.1715740734375
1 0.7541145828125 0.9392592593750001 0.7541145828125 0.7729629625000001 0.5506770828125 0.7729629625000001 0.5506770828125 0.9392592593750001 0.7541145828125 0.9392592593750001
1 0.5935416671875 0.951759259375 0.5935416671875 0.7647222218749999 0.3791666671875 0.7647222218749999 0.3791666671875 0.951759259375 0.5935416671875 0.951759259375
1 0.44000000000000006 0.9018518515625 0.44000000000000006 0.7896296296875 0.2614583328125 0.7896296296875 0.2614583328125 0.9018518515625 0.44000000000000006 0.9018518515625
1 0.7961979171875 0.757777778125 0.7961979171875 0.6815740734375 0.6582291671875 0.6815740734375 0.6582291671875 0.757777778125 0.7961979171875 0.757777778125
0 0.7798437500000001 0.28796296250000003 0.7798437500000001 0.6052777781249999 0.9061458328124999 0.6052777781249999 0.9061458328124999 0.28796296250000003 0.7798437500000001 0.28796296250000003
1 0.8780729171875 0.1576851859375 0.8780729171875 0.11055555624999999 0.8040104171875001 0.11055555624999999 0.8040104171875001 0.1576851859375 0.8780729171875 0.1576851859375
1 0.9466666671875 0.22009259218750002 0.9466666671875 0.168796296875 0.8749479171875001 0.168796296875 0.8749479171875001 0.22009259218750002 0.9466666671875 0.22009259218750002