1 0.166796875 0.9875 0.166796875 0.8454166671875001 0.006953125 0.8454166671875001 0.006953125 0.9875 0.166796875 0.9875
1 0.906484375 0.7923611109375 0.906484375 0.70319444375 0.8041406249999999 0.70319444375 0.8041406249999999 0.7923611109375 0.906484375 0.7923611109375
1 0.99921875 0.80180555625 0.99921875 0.6976388890624999 0.901171875 0.6976388890624999 0.901171875 0.80180555625 0.99921875 0.80180555625
1 0.9917187500000001 0.5536111109374999 0.9917187500000001 0.47583333281250006 0.8787499999999999 0.47583333281250006 0.8787499999999999 0.5536111109374999 0.9917187500000001 0.5536111109374999
1 0.8809374999999999 0.597222221875 0.8809374999999999 0.5213888890625 0.79140625 0.5213888890625 0.79140625 0.597222221875 0.8809374999999999 0.597222221875
1 0.989609375 0.32999999999999996 0.989609375 0.20111111093749998 0.85640625 0.20111111093749998 0.85640625 0.32999999999999996 0.989609375 0.32999999999999996
1 0.853203125 0.37930555625 0.853203125 0.2845833328125 0.774296875 0.2845833328125 0.774296875 0.37930555625 0.853203125 0.37930555625
1 0.8670312499999999 0.176527778125 0.8670312499999999 0.03069444375 0.750859375 0.03069444375 0.750859375 0.176527778125 0.8670312499999999 0.176527778125
1 0.9214062500000001 0.060972221874999996 0.9214062500000001 0.0022222218750000003 0.82125 0.0022222218750000003 0.82125 0.060972221874999996 0.9214062500000001 0.060972221874999996
1 0.77859375 0.2561111109375 0.77859375 0.15 0.6986718749999999 0.15 0.6986718749999999 0.2561111109375 0.77859375 0.2561111109375
1 0.7807031249999999 0.44180555625 0.7807031249999999 0.36222222187500003 0.7103906249999999 0.36222222187500003 0.7103906249999999 0.44180555625 0.7807031249999999 0.44180555625
1 0.7775000000000001 0.599027778125 0.7775000000000001 0.542222221875 0.7178125 0.542222221875 0.7178125 0.599027778125 0.7775000000000001 0.599027778125
1 0.7828125 0.7715277781250001 0.7828125 0.70319444375 0.72 0.70319444375 0.72 0.7715277781250001 0.7828125 0.7715277781250001
1 0.7221093749999999 0.74875 0.7221093749999999 0.69944444375 0.68265625 0.69944444375 0.68265625 0.74875 0.7221093749999999 0.74875
1 0.714609375 0.6141666671875 0.714609375 0.5650000000000001 0.6720312500000001 0.5650000000000001 0.6720312500000001 0.6141666671875 0.714609375 0.6141666671875
1 0.6709375 0.6180555562500001 0.6709375 0.58194444375 0.6389843749999999 0.58194444375 0.6389843749999999 0.6180555562500001 0.6709375 0.6180555562500001
1 0.679453125 0.745 0.679453125 0.70319444375 0.65390625 0.70319444375 0.65390625 0.745 0.679453125 0.745
1 0.7071875000000001 0.479722221875 0.7071875000000001 0.417222221875 0.673046875 0.417222221875 0.673046875 0.479722221875 0.7071875000000001 0.479722221875
1 0.6624218749999999 0.4948611109375 0.6624218749999999 0.45319444375 0.631484375 0.45319444375 0.631484375 0.4948611109375 0.6624218749999999 0.4948611109375
1 0.7306250000000001 0.297777778125 0.7306250000000001 0.23333333281250002 0.658125 0.23333333281250002 0.658125 0.297777778125 0.7306250000000001 0.297777778125
1 0.68796875 0.352777778125 0.68796875 0.2920833328125 0.6240625 0.2920833328125 0.6240625 0.352777778125 0.68796875 0.352777778125
1 0.7306250000000001 0.0761111109375 0.7306250000000001 0.0041666671875 0.67625 0.0041666671875 0.67625 0.0761111109375 0.7306250000000001 0.0761111109375
1 0.693359375 0.15569444375 0.693359375 0.08375 0.636796875 0.08375 0.636796875 0.15569444375 0.693359375 0.15569444375
1 0.6709375 0.2125 0.6709375 0.14805555625 0.61125 0.14805555625 0.61125 0.2125 0.6709375 0.2125
0 0.30859375 0.6900000000000001 0.30859375 0.55930555625 0.2659375 0.55930555625 0.2659375 0.6900000000000001 0.30859375 0.6900000000000001
0 0.6346875 0.722222221875 0.6346875 0.5213888890625 0.589921875 0.5213888890625 0.589921875 0.722222221875 0.6346875 0.722222221875
0 0.59421875 0.718472221875 0.59421875 0.5288888890625 0.56859375 0.5288888890625 0.56859375 0.718472221875 0.59421875 0.718472221875
0 0.572890625 0.7108333328125 0.572890625 0.5554166671874999 0.553671875 0.5554166671874999 0.553671875 0.7108333328125 0.572890625 0.7108333328125