1 0.999375 0.48687500000000006 0.999375 0.40791666718749997 0.9559374999999999 0.40791666718749997 0.9559374999999999 0.48687500000000006 0.999375 0.48687500000000006
1 0.9539843749999999 0.5329166671875 0.9539843749999999 0.43552083281250004 0.8621874999999999 0.43552083281250004 0.8621874999999999 0.5329166671875 0.9539843749999999 0.5329166671875
1 0.873046875 0.55 0.873046875 0.4658333328125 0.7871875 0.4658333328125 0.7871875 0.55 0.873046875 0.55
1 0.810859375 0.48947916718749995 0.810859375 0.41968750000000005 0.739765625 0.41968750000000005 0.739765625 0.48947916718749995 0.810859375 0.48947916718749995
1 0.74515625 0.5071875 0.74515625 0.4425 0.7075 0.4425 0.7075 0.5071875 0.74515625 0.5071875
1 0.782265625 0.5216666671875 0.782265625 0.4683333328125 0.6817968750000001 0.4683333328125 0.6817968750000001 0.5216666671875 0.782265625 0.5216666671875
1 0.775390625 0.5315624999999999 0.775390625 0.49114583281249996 0.6475 0.49114583281249996 0.6475 0.5315624999999999 0.775390625 0.5315624999999999
1 0.7439843749999999 0.5513541671875 0.7439843749999999 0.5201041671875 0.629765625 0.5201041671875 0.629765625 0.5513541671875 0.7439843749999999 0.5513541671875
1 0.72171875 0.34802083281249996 0.72171875 0.3023958328125 0.625234375 0.3023958328125 0.625234375 0.34802083281249996 0.72171875 0.34802083281249996
1 0.7303124999999999 0.3853125 0.7303124999999999 0.3434375 0.614375 0.3434375 0.614375 0.3853125 0.7303124999999999 0.3853125
1 0.65890625 0.3944791671875 0.65890625 0.3716666671875 0.602421875 0.3716666671875 0.602421875 0.3944791671875 0.65890625 0.3944791671875
1 0.6663281249999999 0.41500000000000004 0.6663281249999999 0.3884375 0.597265625 0.3884375 0.597265625 0.41500000000000004 0.6663281249999999 0.41500000000000004
1 0.9666406249999999 0.22395833281250002 0.9666406249999999 0.0988541671875 0.781875 0.0988541671875 0.781875 0.22395833281250002 0.9666406249999999 0.22395833281250002
1 0.9949999999999999 0.144375 0.9949999999999999 0.0041666671875 0.8458593750000001 0.0041666671875 0.8458593750000001 0.144375 0.9949999999999999 0.144375
1 0.727734375 0.1195833328125 0.727734375 0.0647916671875 0.593671875 0.0647916671875 0.593671875 0.1195833328125 0.727734375 0.1195833328125
1 0.31570312500000003 0.1327083328125 0.31570312500000003 0.0713541671875 0.21453125 0.0713541671875 0.21453125 0.1327083328125 0.31570312500000003 0.1327083328125
1 0.21125 0.1689583328125 0.24171874999999998 0.1689583328125 0.24171874999999998 0.2084375 0.3453125 0.2084375 0.3453125 0.16458333281249998 0.32890625 0.16458333281249998 0.32890625 0.1185416671875 0.243359375 0.08125 0.243359375 0.0033333328125 0.137265625 0.0033333328125 0.137265625 0.08125 0.211924190625 0.08125 0.21125 0.1689583328125
1 0.002734375 0.22770833281249997 0.002734375 0.28770833281249997 0.23960937499999999 0.28770833281249997 0.23960937499999999 0.22770833281249997 0.002734375 0.22770833281249997
1 0.064296875 0.1613541671875 0.064296875 0.2403125 0.20171875 0.2403125 0.20171875 0.1613541671875 0.064296875 0.1613541671875
1 0.054843750000000004 0.10927083281250001 0.054843750000000004 0.1882291671875 0.168515625 0.1882291671875 0.168515625 0.10927083281250001 0.054843750000000004 0.10927083281250001
1 0.000390625 0.0051041671875 0.000390625 0.091875 0.10218750000000001 0.091875 0.10218750000000001 0.0051041671875 0.000390625 0.0051041671875
1 0.14250000000000002 0.48343749999999996 0.14250000000000002 0.4108333328125 0.019296874999999998 0.4108333328125 0.019296874999999998 0.48343749999999996 0.14250000000000002 0.48343749999999996
1 0.17921875 0.5023958328125 0.17921875 0.445625 0.130625 0.445625 0.130625 0.5023958328125 0.17921875 0.5023958328125
1 0.22296875 0.5229166671875001 0.22296875 0.46291666718749996 0.17796875 0.46291666718749996 0.17796875 0.5229166671875001 0.22296875 0.5229166671875001
1 0.211171875 0.7897916671874999 0.211171875 0.7329166671875 0.16375 0.7329166671875 0.16375 0.7897916671874999 0.211171875 0.7897916671874999
1 0.153125 0.8340624999999999 0.153125 0.7566666671875 0.060781249999999995 0.7566666671875 0.060781249999999995 0.8340624999999999 0.153125 0.8340624999999999
1 0.182734375 0.7961458328125001 0.182734375 0.7471875 0.112890625 0.7471875 0.112890625 0.7961458328125001 0.182734375 0.7961458328125001
1 0.07140625 0.871875 0.07140625 0.7992708328125 0.005078125 0.7992708328125 0.005078125 0.871875 0.07140625 0.871875
1 0.9915625 0.9161458328125001 0.9915625 0.8151041671874999 0.792578125 0.8151041671874999 0.792578125 0.9161458328125001 0.9915625 0.9161458328125001
1 0.9962500000000001 0.9540625 0.9962500000000001 0.8545833328124999 0.874296875 0.8545833328124999 0.874296875 0.9540625 0.9962500000000001 0.9540625
1 0.998671875 0.9729166671874999 0.998671875 0.9192708328125001 0.9667187500000001 0.9192708328125001 0.9667187500000001 0.9729166671874999 0.998671875 0.9729166671874999
1 0.8153124999999999 0.8323958328125001 0.8153124999999999 0.7732291671875 0.73140625 0.7732291671875 0.73140625 0.8323958328125001 0.8153124999999999 0.8323958328125001
1 0.765 0.7982291671875 0.765 0.75875 0.707734375 0.75875 0.707734375 0.7982291671875 0.765 0.7982291671875
1 0.719609375 0.7929166671875 0.719609375 0.745625 0.6810937499999999 0.745625 0.6810937499999999 0.7929166671875 0.719609375 0.7929166671875
1 0.6900000000000001 0.7758333328125 0.6900000000000001 0.7297916671875 0.660390625 0.7297916671875 0.660390625 0.7758333328125 0.6900000000000001 0.7758333328125
1 0.6475 0.7573958328125 0.6459821421874999 0.752351190625 0.6475 0.7521428578125 0.6498549109375 0.7531919640625 0.65184375 0.7573958328125 0.6537276796875 0.7540327390625 0.6561874999999999 0.7573958328125 0.6576004453125 0.7548735109375 0.66053125 0.7573958328125 0.6614732140624999 0.7557142859375 0.664875 0.7573958328125 0.6653459828125 0.756555059375 0.66921875 0.7573958328125 0.66921875 0.720625 0.6475 0.720625 0.6475 0.7258779765625001 0.64359375 0.7237797609375 0.64359375 0.7073958328125001 0.615 0.7073958328125001 0.615 0.745625 0.642109375 0.7515104171875 0.6475 0.7573958328125
1 0.638671875 0.5679166671875 0.638671875 0.5258333328125 0.6001562500000001 0.5258333328125 0.6001562500000001 0.5679166671875 0.638671875 0.5679166671875
1 0.49015624999999996 0.6823958328125 0.49015624999999996 0.6671875 0.467890625 0.6671875 0.467890625 0.6823958328125 0.49015624999999996 0.6823958328125
1 0.467890625 0.6915625000000001 0.467890625 0.66875 0.441015625 0.66875 0.441015625 0.6915625000000001 0.467890625 0.6915625000000001
1 0.447890625 0.6855208328125 0.447890625 0.6702083328125 0.426171875 0.6702083328125 0.426171875 0.6855208328125 0.447890625 0.6855208328125
1 0.424453125 0.70375 0.424453125 0.6855208328125 0.379375 0.6855208328125 0.379375 0.70375 0.424453125 0.70375
1 0.23765624999999999 0.76875 0.23765624999999999 0.7162499999999999 0.193046875 0.7162499999999999 0.193046875 0.76875 0.23765624999999999 0.76875
1 0.264453125 0.7497916671875 0.264453125 0.7070833328125 0.2359375 0.7070833328125 0.2359375 0.7497916671875 0.264453125 0.7497916671875
1 0.286171875 0.7376041671875 0.286171875 0.7010416671875 0.25992187499999997 0.7010416671875 0.25992187499999997 0.7376041671875 0.286171875 0.7376041671875
1 0.29874999999999996 0.7261458328125 0.29874999999999996 0.6948958328125 0.279921875 0.6948958328125 0.279921875 0.7261458328125 0.29874999999999996 0.7261458328125
1 0.311875 0.7245833328125 0.311875 0.6865625 0.296484375 0.6865625 0.296484375 0.7245833328125 0.311875 0.7245833328125
1 0.326171875 0.7116666671874999 0.326171875 0.6796875 0.31242187499999996 0.6796875 0.31242187499999996 0.7116666671874999 0.326171875 0.7116666671874999
1 0.33984375 0.7040625 0.33984375 0.6842708328125 0.32101562499999997 0.6842708328125 0.32101562499999997 0.7040625 0.33984375 0.7040625
1 0.25078125 0.6118750000000001 0.25078125 0.5685416671875 0.11140625 0.5685416671875 0.11140625 0.6118750000000001 0.25078125 0.6118750000000001
1 0.26734375 0.6088541671875001 0.26734375 0.5692708328125 0.246171875 0.5692708328125 0.246171875 0.6088541671875001 0.26734375 0.6088541671875001
1 0.289609375 0.6073958328125 0.289609375 0.5738541671874999 0.265625 0.5738541671874999 0.265625 0.6073958328125 0.289609375 0.6073958328125
1 0.308984375 0.6172916671875 0.308984375 0.5784374999999999 0.279296875 0.5784374999999999 0.279296875 0.6172916671875 0.308984375 0.6172916671875
1 0.330703125 0.6127083328125 0.330703125 0.5853125 0.29874999999999996 0.5853125 0.29874999999999996 0.6127083328125 0.330703125 0.6127083328125
1 0.342109375 0.61875 0.342109375 0.590625 0.322734375 0.590625 0.322734375 0.61875 0.342109375 0.61875
1 0.218203125 0.4033333328125 0.218203125 0.4641666671875 0.254765625 0.4641666671875 0.254765625 0.4033333328125 0.218203125 0.4033333328125
1 0.32156250000000003 0.5152083328125 0.32156250000000003 0.4703125 0.29757812499999997 0.4703125 0.29757812499999997 0.5152083328125 0.32156250000000003 0.5152083328125
1 0.290703125 0.4847916671875 0.290703125 0.43677083281250006 0.253046875 0.43677083281250006 0.253046875 0.4847916671875 0.290703125 0.4847916671875
1 0.33015625000000004 0.5129166671875 0.33015625000000004 0.4832291671875 0.31640625 0.4832291671875 0.31640625 0.5129166671875 0.33015625000000004 0.5129166671875
1 0.328984375 0.3796875 0.328984375 0.40864583281250005 0.34953124999999996 0.40864583281250005 0.34953124999999996 0.3796875 0.328984375 0.3796875
1 0.34328125 0.4222916671875 0.34328125 0.40552083281250006 0.317578125 0.40552083281250006 0.317578125 0.4222916671875 0.34328125 0.4222916671875
1 0.35812499999999997 0.4155208328125 0.35812499999999997 0.3903125 0.342109375 0.3903125 0.342109375 0.4155208328125 0.35812499999999997 0.4155208328125
1 0.35640625 0.4413541671875 0.35640625 0.4109375 0.3353125 0.4109375 0.3353125 0.4413541671875 0.35640625 0.4413541671875
1 0.35125 0.4025 0.35125 0.4360416671875 0.365 0.4360416671875 0.365 0.4025 0.35125 0.4025
1 0.36953125 0.4565625 0.36953125 0.4291666671875 0.355859375 0.4291666671875 0.355859375 0.4565625 0.36953125 0.4565625
1 0.327890625 0.32875 0.327890625 0.2451041671875 0.165703125 0.2451041671875 0.165703125 0.32875 0.327890625 0.32875