1 0.958984375 0.645125 0.958984375 0.61475 0.910390625 0.61475 0.910390625 0.645125 0.958984375 0.645125
1 0.8949999999999999 0.645125 0.8949999999999999 0.60725 0.838125 0.60725 0.838125 0.645125 0.8949999999999999 0.645125
1 0.9139843750000001 0.63375 0.9139843750000001 0.6091249999999999 0.876015625 0.6091249999999999 0.876015625 0.63375 0.9139843750000001 0.63375
1 0.8393750000000001 0.698125 0.8393750000000001 0.6735 0.81328125 0.6735 0.81328125 0.698125 0.8393750000000001 0.698125
1 0.805 0.760625 0.805 0.7190000000000001 0.767109375 0.7190000000000001 0.767109375 0.760625 0.805 0.760625
1 0.7173437500000001 0.906625 0.7173437500000001 0.7966249999999999 0.6060156250000001 0.7966249999999999 0.6060156250000001 0.906625 0.7173437500000001 0.906625
1 0.691328125 0.99375 0.691328125 0.868625 0.531484375 0.868625 0.531484375 0.99375 0.691328125 0.99375
1 0.545625 0.999375 0.545625 0.94825 0.41187500000000005 0.94825 0.41187500000000005 0.999375 0.545625 0.999375
1 0.01609375 0.00125 0.01609375 0.28325 0.456640625 0.28325 0.456640625 0.00125 0.01609375 0.00125
1 0.567421875 0.36512500000000003 0.567421875 0.108125 0.17093750000000002 0.108125 0.17093750000000002 0.36512500000000003 0.567421875 0.36512500000000003
1 0.6328125 0.38775 0.6328125 0.2105 0.358515625 0.2105 0.358515625 0.38775 0.6328125 0.38775
1 0.490703125 0.306 0.490703125 0.40149999999999997 0.6953125 0.40149999999999997 0.6953125 0.306 0.490703125 0.306
1 0.6925 0.342375 0.6925 0.41275000000000006 0.73515625 0.41275000000000006 0.73515625 0.342375 0.6925 0.342375
1 0.730859375 0.3605 0.730859375 0.4265 0.773515625 0.4265 0.773515625 0.3605 0.730859375 0.3605
1 0.774921875 0.417375 0.774921875 0.45824999999999994 0.8146875 0.45824999999999994 0.8146875 0.417375 0.774921875 0.417375
1 0.5873437499999999 0.180875 0.5873437499999999 0.278625 0.81609375 0.278625 0.81609375 0.180875 0.5873437499999999 0.180875
1 0.73515625 0.099 0.73515625 0.20587499999999997 0.803359375 0.20587499999999997 0.803359375 0.099 0.73515625 0.099
1 0.5845312500000001 0.12175 0.5845312500000001 0.20812499999999998 0.765 0.20812499999999998 0.765 0.12175 0.5845312500000001 0.12175
1 0.472265625 0.0445 0.472265625 0.12175 0.746484375 0.12175 0.746484375 0.0445 0.472265625 0.0445
1 0.41820312499999995 0.008125 0.41820312499999995 0.039875 0.718046875 0.039875 0.718046875 0.008125 0.41820312499999995 0.008125
0 0.6659375 0.2625 0.6659375 0.7015 0.87671875 0.7015 0.87671875 0.2625 0.6659375 0.2625