1 0.9350781250000001 0.9816666671875 0.9350781250000001 0.83694444375 0.76484375 0.83694444375 0.76484375 0.9816666671875 0.9350781250000001 0.9816666671875
1 0.9978125 0.9933333328125 0.9978125 0.918472221875 0.93328125 0.918472221875 0.93328125 0.9933333328125 0.9978125 0.9933333328125
1 0.8064843749999999 0.90305555625 0.8064843749999999 0.8038888890625 0.674921875 0.8038888890625 0.674921875 0.90305555625 0.8064843749999999 0.90305555625
1 0.70578125 0.8425 0.70578125 0.77125 0.641953125 0.77125 0.641953125 0.8425 0.70578125 0.8425
1 0.6928124999999999 0.8126388890625 0.6928124999999999 0.7365277781249999 0.610546875 0.7365277781249999 0.610546875 0.8126388890625 0.6928124999999999 0.8126388890625
1 0.64109375 0.79444444375 0.64109375 0.7320833328125 0.578125 0.7320833328125 0.578125 0.79444444375 0.64109375 0.79444444375
1 0.605703125 0.7755555562499999 0.605703125 0.7220833328125 0.557421875 0.7220833328125 0.557421875 0.7755555562499999 0.605703125 0.7755555562499999
1 0.5675 0.7683333328125 0.5675 0.7254166671875 0.542109375 0.7254166671875 0.542109375 0.7683333328125 0.5675 0.7683333328125
1 0.688515625 0.64819444375 0.688515625 0.5776388890625 0.628046875 0.5776388890625 0.628046875 0.64819444375 0.688515625 0.64819444375
1 0.6334375 0.6570833328125001 0.6334375 0.5920833328125 0.590625 0.5920833328125 0.590625 0.6570833328125001 0.6334375 0.6570833328125001
1 0.5955468749999999 0.6626388890625 0.5955468749999999 0.6048611109375 0.57078125 0.6048611109375 0.57078125 0.6626388890625 0.5955468749999999 0.6626388890625
1 0.576171875 0.66444444375 0.576171875 0.61375 0.55984375 0.61375 0.55984375 0.66444444375 0.576171875 0.66444444375
1 0.56359375 0.662222221875 0.56359375 0.622777778125 0.54765625 0.622777778125 0.54765625 0.662222221875 0.56359375 0.662222221875
1 0.5510937499999999 0.6627777781249999 0.5510937499999999 0.62944444375 0.53953125 0.62944444375 0.53953125 0.6627777781249999 0.5510937499999999 0.6627777781249999
1 0.54203125 0.6616666671875 0.54203125 0.63055555625 0.528203125 0.63055555625 0.528203125 0.6616666671875 0.54203125 0.6616666671875
1 0.146875 0.8891666671875 0.146875 0.7769444437499999 0.02375 0.7769444437499999 0.02375 0.8891666671875 0.146875 0.8891666671875
1 0.21234375 0.8629166671874999 0.21234375 0.75625 0.125859375 0.75625 0.125859375 0.8629166671874999 0.21234375 0.8629166671874999
1 0.048828125 0.9055555562500001 0.048828125 0.81444444375 0.0017187500000000002 0.81444444375 0.0017187500000000002 0.9055555562500001 0.048828125 0.9055555562500001
1 0.45726562499999995 0.7076388890625 0.45726562499999995 0.6863888890625 0.438984375 0.6863888890625 0.438984375 0.7076388890625 0.45726562499999995 0.7076388890625
1 0.442734375 0.7076388890625 0.442734375 0.692222221875 0.41789062499999996 0.692222221875 0.41789062499999996 0.7076388890625 0.442734375 0.7076388890625
1 0.391171875 0.690972221875 0.391171875 0.7083333328125 0.4175 0.7083333328125 0.4175 0.690972221875 0.391171875 0.690972221875
0 0.50296875 0.59180555625 0.50296875 0.7461111109375 0.547734375 0.7461111109375 0.547734375 0.59180555625 0.50296875 0.59180555625
0 0.504140625 0.73805555625 0.504140625 0.5823611109375 0.49093749999999997 0.5823611109375 0.49093749999999997 0.73805555625 0.504140625 0.73805555625
0 0.27890625 0.585 0.27890625 0.7173611109375 0.32632812499999997 0.7173611109375 0.32632812499999997 0.585 0.27890625 0.585
1 0.860703125 0.0036111109374999998 0.860703125 0.16125 0.993203125 0.16125 0.993203125 0.0036111109374999998 0.860703125 0.0036111109374999998
1 0.8978125 0.33888888906250003 0.8978125 0.06944444375 0.73953125 0.06944444375 0.73953125 0.33888888906250003 0.8978125 0.33888888906250003
1 0.778671875 0.41861111093750003 0.778671875 0.2370833328125 0.67265625 0.2370833328125 0.67265625 0.41861111093750003 0.778671875 0.41861111093750003
1 0.678828125 0.493472221875 0.678828125 0.35625 0.615703125 0.35625 0.615703125 0.493472221875 0.678828125 0.493472221875
1 0.6253124999999999 0.522777778125 0.6253124999999999 0.42819444375 0.582421875 0.42819444375 0.582421875 0.522777778125 0.6253124999999999 0.522777778125
1 0.5864843750000001 0.53569444375 0.5864843750000001 0.46194444375000004 0.56578125 0.46194444375000004 0.56578125 0.53569444375 0.5864843750000001 0.53569444375
1 0.5721093749999999 0.55569444375 0.5721093749999999 0.4995833328125 0.550859375 0.4995833328125 0.550859375 0.55569444375 0.5721093749999999 0.55569444375
1 0.55765625 0.5620833328125 0.55765625 0.5204166671875 0.542734375 0.5204166671875 0.542734375 0.5620833328125 0.55765625 0.5620833328125
1 0.5454687500000001 0.5733333328125 0.5454687500000001 0.53319444375 0.53734375 0.53319444375 0.53734375 0.5733333328125 0.5454687500000001 0.5733333328125
1 0.540078125 0.5845833328125 0.540078125 0.545277778125 0.523828125 0.545277778125 0.523828125 0.5845833328125 0.540078125 0.5845833328125
1 0.526953125 0.593472221875 0.526953125 0.5533333328125 0.514375 0.5533333328125 0.514375 0.593472221875 0.526953125 0.593472221875
1 0.623515625 0.45625 0.623515625 0.40097222187500003 0.52921875 0.40097222187500003 0.52921875 0.45625 0.623515625 0.45625
1 0.53828125 0.3448611109375 0.53828125 0.41375 0.665 0.41375 0.665 0.3448611109375 0.53828125 0.3448611109375
1 0.552265625 0.293472221875 0.552265625 0.3704166671875 0.671796875 0.3704166671875 0.671796875 0.293472221875 0.552265625 0.293472221875
1 0.566640625 0.24055555625 0.566640625 0.332777778125 0.7015625 0.332777778125 0.7015625 0.24055555625 0.566640625 0.24055555625
1 0.59421875 0.12819444375 0.59421875 0.255 0.725 0.255 0.725 0.12819444375 0.59421875 0.12819444375
1 0.643828125 0.007638889062499999 0.643828125 0.1633333328125 0.80546875 0.1633333328125 0.80546875 0.007638889062499999 0.643828125 0.007638889062499999
1 0.7049218749999999 0.0663888890625 0.7049218749999999 0.00375 0.58421875 0.00375 0.58421875 0.0663888890625 0.7049218749999999 0.0663888890625
1 0.694140625 0.1808333328125 0.694140625 0.0625 0.56421875 0.0625 0.56421875 0.1808333328125 0.694140625 0.1808333328125
1 0.660546875 0.23472222187499997 0.660546875 0.12222222187500001 0.5463281249999999 0.12222222187500001 0.5463281249999999 0.23472222187499997 0.660546875 0.23472222187499997
1 0.5815625 0.304027778125 0.5815625 0.22611111093749997 0.53171875 0.22611111093749997 0.53171875 0.304027778125 0.5815625 0.304027778125
1 0.6248437499999999 0.10486111093749999 0.6248437499999999 0.025972221875 0.53984375 0.025972221875 0.53984375 0.10486111093749999 0.6248437499999999 0.10486111093749999
1 0.5747656250000001 0.17541666718749999 0.5747656250000001 0.098472221875 0.5246875 0.098472221875 0.5246875 0.17541666718749999 0.5747656250000001 0.17541666718749999