1 0.8129687499999999 0.397875 0.8129687499999999 0.238375 0.5267968749999999 0.238375 0.5267968749999999 0.397875 0.8129687499999999 0.397875
1 0.59984375 0.3205 0.59984375 0.402625 0.8416406249999999 0.402625 0.8416406249999999 0.3205 0.59984375 0.3205
1 0.6422656250000001 0.33475 0.6422656250000001 0.40737500000000004 0.8732031250000001 0.40737500000000004 0.8732031250000001 0.33475 0.6422656250000001 0.33475
1 0.694535671875 0.383625 0.6905881484374999 0.383625 0.6904210796875 0.385258475 0.686640625 0.383625 0.686640625 0.453125 0.7774336671875 0.453125 0.773515625 0.48 0.773515625 0.529 0.9096875000000001 0.529 0.9096875000000001 0.48 0.8605415781250001 0.4587648296875 0.8603316624999999 0.453125 0.895859375 0.453125 0.895859375 0.383625 0.698483196875 0.383625 0.6979819921875 0.3885254234375 0.6942015359375 0.3868919484375 0.694535671875 0.383625
1 0.9028124999999999 0.503625 0.9028124999999999 0.541625 0.930390625 0.541625 0.930390625 0.503625 0.9028124999999999 0.503625
1 0.9275 0.6457499999999999 0.9275 0.619 0.917578125 0.619 0.917578125 0.6457499999999999 0.9275 0.6457499999999999
1 0.915625 0.696375 0.915625 0.6599999999999999 0.895859375 0.6599999999999999 0.895859375 0.696375 0.915625 0.696375
1 0.895859375 0.7105 0.895859375 0.6695 0.8692187499999999 0.6695 0.8692187499999999 0.7105 0.895859375 0.7105
1 0.876171875 0.7278749999999999 0.876171875 0.666375 0.8071093749999999 0.666375 0.8071093749999999 0.7278749999999999 0.876171875 0.7278749999999999
1 0.85640625 0.781625 0.85640625 0.693125 0.7221875 0.693125 0.7221875 0.781625 0.85640625 0.781625
1 0.840625 0.8195 0.840625 0.7278749999999999 0.776484375 0.7278749999999999 0.776484375 0.8195 0.840625 0.8195
1 0.801171875 0.8921250000000001 0.801171875 0.762625 0.6975 0.762625 0.6975 0.8921250000000001 0.801171875 0.8921250000000001
1 0.761640625 0.993125 0.761640625 0.82575 0.5090625 0.82575 0.5090625 0.993125 0.761640625 0.993125
1 0.32156250000000003 0.30474999999999997 0.32156250000000003 0.42162499999999997 0.43499999999999994 0.42162499999999997 0.43499999999999994 0.30474999999999997 0.32156250000000003 0.30474999999999997
1 0.5139843749999999 0.437375 0.5139843749999999 0.33475 0.41726562500000003 0.33475 0.41726562500000003 0.437375 0.5139843749999999 0.437375
1 0.5909375 0.453125 0.5909375 0.358375 0.508046875 0.358375 0.508046875 0.453125 0.5909375 0.453125
1 0.66296875 0.476875 0.66296875 0.39 0.5662499999999999 0.39 0.5662499999999999 0.476875 0.66296875 0.476875
1 0.5267968749999999 0.004625 0.5267968749999999 0.10825 0.8592968750000001 0.10825 0.8592968750000001 0.004625 0.5267968749999999 0.004625
1 0.786015625 0.11374999999999999 0.786015625 0.21749999999999997 0.88828125 0.21749999999999997 0.88828125 0.11374999999999999 0.786015625 0.11374999999999999