1 0.18125 0.9960416671875001 0.18125 0.936875 0.053984374999999994 0.936875 0.053984374999999994 0.9960416671875001 0.18125 0.9960416671875001
1 0.386484375 0.5644791671875 0.386484375 0.4684375 0.046015625 0.4684375 0.046015625 0.5644791671875 0.386484375 0.5644791671875
1 0.051015624999999995 0.5539583328125001 0.051015624999999995 0.5013541671875 0.004609375000000001 0.5013541671875 0.004609375000000001 0.5539583328125001 0.051015624999999995 0.5539583328125001
1 0.107265625 0.22760416718749998 0.107265625 0.1236458328125 0.06281250000000001 0.1236458328125 0.06281250000000001 0.22760416718749998 0.107265625 0.22760416718749998
1 0.092421875 0.2920833328125 0.092421875 0.2026041671875 0.026328125 0.2026041671875 0.026328125 0.2920833328125 0.092421875 0.2920833328125
1 0.998359375 0.25 0.998359375 0.21187499999999998 0.969765625 0.21187499999999998 0.969765625 0.25 0.998359375 0.25
1 0.970703125 0.28291666718749997 0.970703125 0.2263541671875 0.876015625 0.2263541671875 0.876015625 0.28291666718749997 0.970703125 0.28291666718749997
1 0.89375 0.3263541671875 0.89375 0.2658333328125 0.789140625 0.2658333328125 0.789140625 0.3263541671875 0.89375 0.3263541671875
1 0.806875 0.36052083281249997 0.806875 0.2986458328125 0.714140625 0.2986458328125 0.714140625 0.36052083281249997 0.806875 0.36052083281249997
1 0.783203125 0.4920833328125 0.783203125 0.4591666671875 0.713125 0.4591666671875 0.713125 0.4920833328125 0.783203125 0.4920833328125
1 0.8690625000000001 0.4920833328125 0.8690625000000001 0.43947916718749996 0.782265625 0.43947916718749996 0.782265625 0.4920833328125 0.8690625000000001 0.4920833328125
1 0.998359375 0.4605208328125 0.998359375 0.4144791671875 0.9785937499999999 0.4144791671875 0.9785937499999999 0.4605208328125 0.998359375 0.4605208328125
1 0.9071093749999999 0.1648958328125 0.9071093749999999 0.0669791671875 0.783984375 0.0669791671875 0.783984375 0.1648958328125 0.9071093749999999 0.1648958328125
1 0.821875 0.1885416671875 0.821875 0.1269791671875 0.7140625 0.1269791671875 0.7140625 0.1885416671875 0.821875 0.1885416671875
1 0.98171875 0.1190625 0.98171875 0.0242708328125 0.866875 0.0242708328125 0.866875 0.1190625 0.98171875 0.1190625
1 0.9994531249999999 0.0921875 0.9994531249999999 0.00375 0.9675 0.00375 0.9675 0.0921875 0.9994531249999999 0.0921875
1 0.558984375 0.1759375 0.558984375 0.0211458328125 0.33515625 0.0211458328125 0.33515625 0.1759375 0.558984375 0.1759375
1 0.589765625 0.3654166671875 0.589765625 0.3401041671875 0.54234375 0.3401041671875 0.54234375 0.3654166671875 0.589765625 0.3654166671875
1 0.595625 0.3859375 0.595625 0.3590625 0.538828125 0.3590625 0.538828125 0.3859375 0.595625 0.3859375
1 0.639453125 0.3511458328125 0.639453125 0.3275 0.59328125 0.3275 0.59328125 0.3511458328125 0.639453125 0.3511458328125
1 0.651328125 0.3859375 0.651328125 0.34322916718749996 0.588515625 0.34322916718749996 0.588515625 0.3859375 0.651328125 0.3859375
1 0.618125 0.630625 0.618125 0.5895833328125 0.575546875 0.5895833328125 0.575546875 0.630625 0.618125 0.630625
1 0.643046875 0.6242708328125001 0.643046875 0.5942708328124999 0.6205468749999999 0.5942708328124999 0.6205468749999999 0.6242708328125001 0.643046875 0.6242708328125001
1 0.5411718750000001 0.3780208328125 0.5411718750000001 0.33375 0.49617187500000004 0.33375 0.49617187500000004 0.3780208328125 0.5411718750000001 0.3780208328125
1 0.471328125 0.3969791671875 0.471328125 0.3654166671875 0.42984375 0.3654166671875 0.42984375 0.3969791671875 0.471328125 0.3969791671875
1 0.640625 0.1821875 0.640625 0.1348958328125 0.585 0.1348958328125 0.585 0.1821875 0.640625 0.1821875
1 0.67265625 0.1442708328125 0.67265625 0.11114583281249998 0.637109375 0.11114583281249998 0.637109375 0.1442708328125 0.67265625 0.1442708328125