1 0.87234375 0.8648611109375001 0.87234375 0.67319444375 0.730859375 0.67319444375 0.730859375 0.8648611109375001 0.87234375 0.8648611109375001
1 0.9969531249999999 0.8727777781249999 0.9969531249999999 0.6831944437499999 0.864453125 0.6831944437499999 0.864453125 0.8727777781249999 0.9969531249999999 0.8727777781249999
1 0.9659375000000001 0.2288888890625 0.9659375000000001 0.0888888890625 0.8755468750000001 0.0888888890625 0.8755468750000001 0.2288888890625 0.9659375000000001 0.2288888890625
1 0.8536718750000001 0.306527778125 0.8536718750000001 0.21916666718750002 0.796796875 0.21916666718750002 0.796796875 0.306527778125 0.8536718750000001 0.306527778125
1 0.799921875 0.36611111093750004 0.799921875 0.26069444375 0.753125 0.26069444375 0.753125 0.36611111093750004 0.799921875 0.36611111093750004
1 0.8279687499999999 0.3951388890625 0.8279687499999999 0.3258333328125 0.722734375 0.3258333328125 0.722734375 0.3951388890625 0.8279687499999999 0.3951388890625
1 0.7640625 0.27180555625 0.7640625 0.215 0.6954687500000001 0.215 0.6954687500000001 0.27180555625 0.7640625 0.27180555625
1 0.6463281249999999 0.320277778125 0.6463281249999999 0.2511111109375 0.53015625 0.2511111109375 0.53015625 0.320277778125 0.6463281249999999 0.320277778125
1 0.6346093749999999 0.35361111093750003 0.6346093749999999 0.31069444375 0.515390625 0.31069444375 0.515390625 0.35361111093750003 0.6346093749999999 0.35361111093750003
1 0.693125 0.357777778125 0.693125 0.306527778125 0.6346093749999999 0.306527778125 0.6346093749999999 0.357777778125 0.693125 0.357777778125
1 0.647109375 0.5226388890625 0.647109375 0.4561111109375 0.53640625 0.4561111109375 0.53640625 0.5226388890625 0.647109375 0.5226388890625
1 0.623515625 0.5226388890625 0.623515625 0.49138888906249995 0.526484375 0.49138888906249995 0.526484375 0.5226388890625 0.623515625 0.5226388890625
1 0.602265625 0.551527778125 0.602265625 0.51944444375 0.5165625 0.51944444375 0.5165625 0.551527778125 0.602265625 0.551527778125
1 0.6168750000000001 0.148472221875 0.6168750000000001 0.0875 0.510859375 0.0875 0.510859375 0.148472221875 0.6168750000000001 0.148472221875
1 0.71765625 0.789027778125 0.71765625 0.7070833328125 0.6500781250000001 0.7070833328125 0.6500781250000001 0.789027778125 0.71765625 0.789027778125
1 0.61109375 0.6931944437500001 0.61109375 0.759027778125 0.657265625 0.759027778125 0.657265625 0.6931944437500001 0.61109375 0.6931944437500001
1 0.61109375 0.73944444375 0.61109375 0.6931944437500001 0.5857812499999999 0.6931944437500001 0.5857812499999999 0.73944444375 0.61109375 0.73944444375
1 0.5877343749999999 0.7290277781250001 0.5877343749999999 0.68625 0.564375 0.68625 0.564375 0.7290277781250001 0.5877343749999999 0.7290277781250001
1 0.5650000000000001 0.7186111109375 0.5650000000000001 0.6759722218750001 0.54875 0.6759722218750001 0.54875 0.7186111109375 0.5650000000000001 0.7186111109375
1 0.55390625 0.7125 0.55390625 0.68125 0.5421875 0.68125 0.5421875 0.7125 0.55390625 0.7125
1 0.543984375 0.7084722218749999 0.543984375 0.6772222218749999 0.534921875 0.6772222218749999 0.534921875 0.7084722218749999 0.543984375 0.7084722218749999
1 0.53671875 0.685972221875 0.53671875 0.6611111109375 0.52140625 0.6611111109375 0.52140625 0.685972221875 0.53671875 0.685972221875
1 0.5326562499999999 0.70375 0.5326562499999999 0.6804166671874999 0.522734375 0.6804166671874999 0.522734375 0.70375 0.5326562499999999 0.70375
1 0.0721875 0.8670833328124999 0.0721875 0.7948611109375 0.00375 0.7948611109375 0.00375 0.8670833328124999 0.0721875 0.8670833328124999
1 0.14171875 0.8336111109375001 0.14171875 0.7761111109375001 0.069140625 0.7761111109375001 0.069140625 0.8336111109375001 0.14171875 0.8336111109375001
1 0.192109375 0.8223611109375 0.192109375 0.76819444375 0.137578125 0.76819444375 0.137578125 0.8223611109375 0.192109375 0.8223611109375
1 0.22023437499999998 0.792222221875 0.22023437499999998 0.7548611109375 0.1834375 0.7548611109375 0.1834375 0.792222221875 0.22023437499999998 0.792222221875
1 0.248125 0.783472221875 0.248125 0.74680555625 0.215390625 0.74680555625 0.215390625 0.783472221875 0.248125 0.783472221875
1 0.2815625 0.77305555625 0.2815625 0.73569444375 0.2425 0.73569444375 0.2425 0.77305555625 0.2815625 0.77305555625
1 0.2934909546875 0.7272441515625 0.291875 0.730972221875 0.28960526249999996 0.7279897671875 0.287421875 0.730972221875 0.28571957187499997 0.72873538125 0.28296875 0.730972221875 0.28183388125 0.72948099375 0.278515625 0.730972221875 0.277948190625 0.7302266078125 0.2740625 0.730972221875 0.2740625 0.757777778125 0.30078125 0.757777778125 0.30078125 0.730972221875 0.3090337171875 0.7242616953125001 0.32457648125 0.721279240625 0.327265625 0.7245833328125 0.327265625 0.7323611109375 0.347890625 0.7323611109375 0.347890625 0.71680555625 0.3284621703125 0.7205336265625 0.327265625 0.71680555625 0.3051480265625 0.725007309375 0.2973766453125 0.7264985375 0.296328125 0.730972221875 0.2934909546875 0.7272441515625
1 0.36640625 0.7216666671875 0.36640625 0.70430555625 0.35367187499999997 0.70430555625 0.35367187499999997 0.7216666671875 0.36640625 0.7216666671875
0 0.4659375 0.5651388890625 0.4659375 0.6926388890624999 0.51265625 0.6926388890624999 0.51265625 0.5651388890625 0.4659375 0.5651388890625
1 0.19078124999999999 0.46388888906250003 0.19078124999999999 0.38486111093750003 0.143984375 0.38486111093750003 0.143984375 0.46388888906250003 0.19078124999999999 0.46388888906250003
1 0.083203125 0.3225 0.083203125 0.4279166671875 0.147890625 0.4279166671875 0.147890625 0.3225 0.083203125 0.3225
1 0.085546875 0.3876388890625 0.085546875 0.26569444375 0.009921875 0.26569444375 0.009921875 0.3876388890625 0.085546875 0.3876388890625
1 0.238359375 0.5063888890625 0.238359375 0.43805555625 0.189609375 0.43805555625 0.189609375 0.5063888890625 0.238359375 0.5063888890625
1 0.22804687499999998 0.4611111109375 0.22804687499999998 0.5208333328125 0.259453125 0.5208333328125 0.259453125 0.4611111109375 0.22804687499999998 0.4611111109375
1 0.27999999999999997 0.5419444437500001 0.27999999999999997 0.48805555624999997 0.25890625 0.48805555624999997 0.25890625 0.5419444437500001 0.27999999999999997 0.5419444437500001
1 0.27625 0.51305555625 0.27625 0.5477777781250001 0.29898437499999997 0.5477777781250001 0.29898437499999997 0.51305555625 0.27625 0.51305555625
1 0.3146875 0.56125 0.3146875 0.5247222218750001 0.29515625 0.5247222218750001 0.29515625 0.56125 0.3146875 0.56125
1 0.315234375 0.5429166671875 0.315234375 0.5708333328124999 0.32984375 0.5708333328124999 0.32984375 0.5429166671875 0.315234375 0.5429166671875
1 0.33203125 0.5651388890625 0.33203125 0.585277778125 0.353125 0.585277778125 0.3517689734375 0.57875 0.353125 0.5752083328125 0.3504129453125 0.5722222218749999 0.353125 0.5651388890625 0.3490569203125 0.56569444375 0.340920759375 0.526527778125 0.364453125 0.4938888890625 0.364453125 0.46305555624999994 0.33414062499999997 0.46305555624999994 0.33414062499999997 0.4938888890625 0.33956473125 0.52 0.34046875 0.5651388890625 0.33203125 0.5651388890625
1 0.308203125 0.439027778125 0.308203125 0.46694444375 0.36335937500000004 0.46694444375 0.36335937500000004 0.439027778125 0.308203125 0.439027778125
1 0.3265625 0.41500000000000004 0.3265625 0.4495833328125 0.34500000000000003 0.4495833328125 0.34500000000000003 0.41500000000000004 0.3265625 0.41500000000000004
1 0.31359375 0.41111111093749997 0.31359375 0.44763888906249993 0.33203125 0.44763888906249993 0.33203125 0.41111111093749997 0.31359375 0.41111111093749997
1 0.25460937499999997 0.3861111109375 0.25460937499999997 0.4361111109375 0.320625 0.4361111109375 0.320625 0.3861111109375 0.25460937499999997 0.3861111109375
1 0.284921875 0.3611111109375 0.284921875 0.4033333328125 0.30328125 0.4033333328125 0.30328125 0.3611111109375 0.284921875 0.3611111109375
1 0.195546875 0.32444444375 0.195546875 0.3898611109375 0.288671875 0.3898611109375 0.288671875 0.32444444375 0.195546875 0.32444444375
1 0.16640625 0.28097222187500004 0.16640625 0.34541666718749997 0.266015625 0.34541666718749997 0.266015625 0.28097222187500004 0.16640625 0.28097222187500004
1 0.20484375 0.21930555625 0.20484375 0.29722222187499997 0.24539062500000003 0.29722222187499997 0.24539062500000003 0.21930555625 0.20484375 0.21930555625
1 0.057578125 0.1854166671875 0.057578125 0.2766666671875 0.20890625 0.2766666671875 0.20890625 0.1854166671875 0.057578125 0.1854166671875
1 0.100390625 0.09305555625 0.100390625 0.19819444375 0.15367187499999999 0.19819444375 0.15367187499999999 0.09305555625 0.100390625 0.09305555625
1 0.023125 0.00569444375 0.023125 0.154722221875 0.121171875 0.154722221875 0.121171875 0.00569444375 0.023125 0.00569444375
1 0.032890625 0.116527778125 0.032890625 0.0311111109375 0.00296875 0.0311111109375 0.00296875 0.116527778125 0.032890625 0.116527778125
1 0.1140625 0.06805555625000001 0.1140625 0.16625 0.214765625 0.16625 0.214765625 0.06805555625000001 0.1140625 0.06805555625000001
1 0.11015625 0.00569444375 0.11015625 0.06930555625 0.21671875 0.06930555625 0.21671875 0.00569444375 0.11015625 0.00569444375
1 0.19984375000000001 0.048472221875 0.19984375000000001 0.12694444375 0.24914062499999998 0.12694444375 0.24914062499999998 0.048472221875 0.19984375000000001 0.048472221875
1 0.19132812500000002 0.11541666718750002 0.19132812500000002 0.1858333328125 0.268046875 0.1858333328125 0.268046875 0.11541666718750002 0.19132812500000002 0.11541666718750002
1 0.203046875 0.169722221875 0.203046875 0.2320833328125 0.2875 0.2320833328125 0.2875 0.169722221875 0.203046875 0.169722221875
1 0.2784375 0.22513888906249999 0.2784375 0.27944444375 0.306328125 0.27944444375 0.306328125 0.22513888906249999 0.2784375 0.22513888906249999
1 0.25375000000000003 0.2563888890625 0.25375000000000003 0.305972221875 0.323203125 0.305972221875 0.323203125 0.2563888890625 0.25375000000000003 0.2563888890625
1 0.2784375 0.290972221875 0.2784375 0.345277778125 0.329765625 0.345277778125 0.329765625 0.290972221875 0.2784375 0.290972221875
1 0.339453125 0.2170833328125 0.339453125 0.24472222187499998 0.34921875 0.24472222187499998 0.34921875 0.2170833328125 0.339453125 0.2170833328125
1 0.326484375 0.1788888890625 0.326484375 0.2216666671875 0.3453125 0.2216666671875 0.3453125 0.1788888890625 0.326484375 0.1788888890625
1 0.277734375 0.19055555625 0.277734375 0.23444444375 0.335546875 0.23444444375 0.335546875 0.19055555625 0.277734375 0.19055555625
1 0.310859375 0.14777777812499998 0.310859375 0.09930555625000001 0.25765625000000003 0.09930555625000001 0.25765625000000003 0.14777777812499998 0.243359375 0.14777777812499998 0.243359375 0.19513888906250001 0.3290625 0.19513888906250001 0.3290625 0.14777777812499998 0.310859375 0.14777777812499998
1 0.261484375 0.0391666671875 0.261484375 0.086527778125 0.32125 0.086527778125 0.32125 0.0391666671875 0.261484375 0.0391666671875
1 0.255 0.00569444375 0.255 0.053055556250000004 0.32125 0.053055556250000004 0.32125 0.00569444375 0.255 0.00569444375
1 0.2946875 0.1258333328125 0.2946875 0.16513888906250002 0.353125 0.16513888906250002 0.353125 0.1258333328125 0.2946875 0.1258333328125
1 0.2946875 0.08430555625 0.2946875 0.132777778125 0.34921875 0.132777778125 0.34921875 0.08430555625 0.2946875 0.08430555625