1 0.671484375 0.171527778125 0.671484375 0.0536111109375 0.5553125 0.0536111109375 0.5553125 0.171527778125 0.671484375 0.171527778125
1 0.5919531250000001 0.1576388890625 0.5919531250000001 0.03569444375 0.47578125 0.03569444375 0.47578125 0.1576388890625 0.5919531250000001 0.1576388890625
1 0.76734375 0.1866666671875 0.76734375 0.107777778125 0.665234375 0.107777778125 0.665234375 0.1866666671875 0.76734375 0.1866666671875
1 0.81484375 0.2311111109375 0.81484375 0.146527778125 0.7260156249999999 0.146527778125 0.7260156249999999 0.2311111109375 0.81484375 0.2311111109375
1 0.83359375 0.12430555624999999 0.83359375 0.031527778125 0.7579687500000001 0.031527778125 0.7579687500000001 0.12430555624999999 0.83359375 0.12430555624999999
1 0.6915625000000001 0.062777778125 0.6915625000000001 0.00125 0.59609375 0.00125 0.59609375 0.062777778125 0.6915625000000001 0.062777778125
1 0.6896875 0.317222221875 0.6896875 0.21236111093750001 0.581171875 0.21236111093750001 0.581171875 0.317222221875 0.6896875 0.317222221875
1 0.8627343749999999 0.322222221875 0.8627343749999999 0.2938888890625 0.8271875 0.2938888890625 0.8271875 0.322222221875 0.8627343749999999 0.322222221875
1 0.863671875 0.3620833328125 0.863671875 0.30555555624999997 0.8225 0.30555555624999997 0.8225 0.3620833328125 0.863671875 0.3620833328125
1 0.8262499999999999 0.31222222187500004 0.8262499999999999 0.2788888890625 0.7457812500000001 0.2788888890625 0.7457812500000001 0.31222222187500004 0.8262499999999999 0.31222222187500004
1 0.8225 0.35208333281250004 0.8225 0.2988888890625 0.74296875 0.2988888890625 0.74296875 0.35208333281250004 0.8225 0.35208333281250004
1 0.857109375 0.229027778125 0.857109375 0.1625 0.7963281249999999 0.1625 0.7963281249999999 0.229027778125 0.857109375 0.229027778125
1 0.8018750000000001 0.46347222187500003 0.8018750000000001 0.40694444374999994 0.73640625 0.40694444374999994 0.73640625 0.46347222187500003 0.8018750000000001 0.46347222187500003
1 0.73921875 0.47180555625 0.73921875 0.400277778125 0.650390625 0.400277778125 0.650390625 0.47180555625 0.73921875 0.47180555625
1 0.62046875 0.41194444375000006 0.62046875 0.3804166671875 0.588671875 0.3804166671875 0.588671875 0.41194444375000006 0.62046875 0.41194444375000006
1 0.60640625 0.4486111109375 0.60640625 0.40694444374999994 0.5334375 0.40694444374999994 0.5334375 0.4486111109375 0.60640625 0.4486111109375
1 0.59421875 0.5383333328125001 0.59421875 0.5051388890624999 0.5567968750000001 0.5051388890624999 0.5567968750000001 0.5383333328125001 0.59421875 0.5383333328125001
1 0.5521874999999999 0.5366666671875 0.5521874999999999 0.50680555625 0.5221875 0.50680555625 0.5221875 0.5366666671875 0.5521874999999999 0.5366666671875
1 0.690625 0.7329166671875 0.690625 0.68305555625 0.6214062499999999 0.68305555625 0.6214062499999999 0.7329166671875 0.690625 0.7329166671875
1 0.6185937499999999 0.7445833328125 0.6185937499999999 0.6963888890625001 0.486640625 0.6963888890625001 0.486640625 0.7445833328125 0.6185937499999999 0.7445833328125
1 0.8084374999999999 0.6963888890625001 0.8084374999999999 0.65305555625 0.75515625 0.65305555625 0.75515625 0.6963888890625001 0.8084374999999999 0.6963888890625001
1 0.33421875 0.69305555625 0.33421875 0.659722221875 0.278984375 0.659722221875 0.278984375 0.69305555625 0.33421875 0.69305555625
1 0.19859374999999999 0.7529166671875 0.19859374999999999 0.694722221875 0.121875 0.694722221875 0.121875 0.7529166671875 0.19859374999999999 0.7529166671875
1 0.133984375 0.7245833328125 0.133984375 0.6713888890625 0.04890625 0.6713888890625 0.04890625 0.7245833328125 0.133984375 0.7245833328125
1 0.148984375 0.79444444375 0.148984375 0.7462500000000001 0.076015625 0.7462500000000001 0.076015625 0.79444444375 0.148984375 0.79444444375
1 0.10406249999999999 0.8311111109375 0.10406249999999999 0.7629166671875 0.061953125 0.7629166671875 0.061953125 0.8311111109375 0.10406249999999999 0.8311111109375
1 0.081796875 0.9088888890625 0.081796875 0.7851388890625 0.0032812500000000003 0.7851388890625 0.0032812500000000003 0.9088888890625 0.081796875 0.9088888890625
1 0.45499999999999996 0.45805555625 0.45499999999999996 0.42458333281250005 0.408203125 0.42458333281250005 0.408203125 0.45805555625 0.45499999999999996 0.45805555625
1 0.45499999999999996 0.5447222218750001 0.45499999999999996 0.5123611109375 0.39460937500000004 0.5123611109375 0.39460937500000004 0.5447222218750001 0.45499999999999996 0.5447222218750001
1 0.52453125 0.54819444375 0.52453125 0.51694444375 0.490703125 0.51694444375 0.490703125 0.54819444375 0.52453125 0.54819444375
1 0.3334375 0.4236111109375 0.3334375 0.41069444375 0.314921875 0.41069444375 0.314921875 0.4236111109375 0.3334375 0.4236111109375
1 0.3334375 0.45555555625000005 0.3334375 0.43875000000000003 0.31359375 0.43875000000000003 0.31359375 0.45555555625000005 0.3334375 0.45555555625000005
1 0.35148437499999996 0.45402777812500006 0.35148437499999996 0.44444444375 0.33203125 0.44444444375 0.33203125 0.45402777812500006 0.35148437499999996 0.45402777812500006
1 0.34875 0.42513888906249997 0.34875 0.41069444375 0.334296875 0.41069444375 0.334296875 0.42513888906249997 0.34875 0.42513888906249997
1 0.331640625 0.48375 0.331640625 0.462777778125 0.313125 0.462777778125 0.313125 0.48375 0.331640625 0.48375
1 0.33703125 0.5045833328125 0.33703125 0.48847222187500006 0.313984375 0.48847222187500006 0.313984375 0.5045833328125 0.33703125 0.5045833328125
1 0.35367187499999997 0.50930555625 0.35367187499999997 0.4948611109375 0.33523437500000003 0.4948611109375 0.33523437500000003 0.50930555625 0.35367187499999997 0.50930555625
1 0.3325 0.5341666671875 0.3325 0.522222221875 0.313125 0.522222221875 0.313125 0.5341666671875 0.3325 0.5341666671875
1 0.3334375 0.561527778125 0.3334375 0.54944444375 0.31359375 0.54944444375 0.31359375 0.561527778125 0.3334375 0.561527778125
1 0.33382812500000003 0.59680555625 0.33382812500000003 0.57430555625 0.315390625 0.57430555625 0.315390625 0.59680555625 0.33382812500000003 0.59680555625
1 0.3121875 0.5904166671875 0.3121875 0.5727777781250001 0.29640625 0.5727777781250001 0.29640625 0.5904166671875 0.3121875 0.5904166671875
1 0.275703125 0.57194444375 0.275703125 0.5904166671875 0.295546875 0.5904166671875 0.295546875 0.57194444375 0.275703125 0.57194444375
1 0.27523437500000003 0.5911111109375 0.27523437500000003 0.5751388890625 0.25765625000000003 0.5751388890625 0.25765625000000003 0.5911111109375 0.27523437500000003 0.5911111109375
1 0.24 0.5766666671875 0.24 0.5936111109375 0.25765625000000003 0.5936111109375 0.25765625000000003 0.5766666671875 0.24 0.5766666671875
1 0.24 0.5943055562499999 0.24 0.5783333328125 0.22195312500000003 0.5783333328125 0.22195312500000003 0.5943055562499999 0.24 0.5943055562499999
1 0.238671875 0.5583333328125 0.238671875 0.5454166671875 0.21976562500000002 0.5454166671875 0.21976562500000002 0.5583333328125 0.238671875 0.5583333328125
1 0.25578124999999996 0.5583333328125 0.25578124999999996 0.5445833328125 0.236875 0.5445833328125 0.236875 0.5583333328125 0.25578124999999996 0.5583333328125
1 0.27609374999999997 0.5566666671875 0.27609374999999997 0.5470833328125 0.25625 0.5470833328125 0.25625 0.5566666671875 0.27609374999999997 0.5566666671875
1 0.29375 0.5583333328125 0.29375 0.54305555625 0.27609374999999997 0.54305555625 0.27609374999999997 0.5583333328125 0.29375 0.5583333328125
1 0.313984375 0.5583333328125 0.313984375 0.542222221875 0.29507812499999997 0.542222221875 0.29507812499999997 0.5583333328125 0.313984375 0.5583333328125
1 0.291875 0.627222221875 0.291875 0.6063888890625 0.27296875 0.6063888890625 0.27296875 0.627222221875 0.291875 0.627222221875
1 0.275703125 0.6248611109375 0.275703125 0.60875 0.259453125 0.60875 0.259453125 0.6248611109375 0.275703125 0.6248611109375
1 0.255390625 0.6288888890625 0.255390625 0.6095833328125 0.23734375000000002 0.6095833328125 0.23734375000000002 0.6288888890625 0.255390625 0.6288888890625
1 0.236875 0.6224999999999999 0.236875 0.612777778125 0.22195312500000003 0.612777778125 0.22195312500000003 0.6224999999999999 0.236875 0.6224999999999999
1 0.25765625000000003 0.64569444375 0.25765625000000003 0.6320833328125001 0.23781249999999998 0.6320833328125001 0.23781249999999998 0.64569444375 0.25765625000000003 0.64569444375
1 0.254921875 0.6697222218750001 0.254921875 0.6569444437499999 0.238671875 0.6569444437499999 0.238671875 0.6697222218750001 0.254921875 0.6697222218750001
1 0.28515625 0.6745833328125 0.28515625 0.6633333328125001 0.25578124999999996 0.6633333328125001 0.25578124999999996 0.6745833328125 0.28515625 0.6745833328125
1 0.3325 0.624027778125 0.3325 0.60555555625 0.314921875 0.60555555625 0.314921875 0.624027778125 0.3325 0.624027778125
1 0.202578125 0.5486111109375 0.198515625 0.5486111109375 0.198515625 0.559027778125 0.222890625 0.559027778125 0.222890625 0.5486111109375 0.214765625 0.5486111109375 0.21525390625 0.530972221875 0.21976562500000002 0.530972221875 0.21976562500000002 0.5125 0.21065848125 0.527976190625 0.2107421875 0.530972221875 0.2076227671875 0.5331349203125 0.20623046875 0.530972221875 0.20171875 0.5125 0.20171875 0.530972221875 0.20458705312499997 0.5382936515625001 0.20155133906249997 0.5434523812500001 0.202578125 0.5486111109375
1 0.24140625 0.527777778125 0.24140625 0.5101388890624999 0.22156250000000002 0.5101388890624999 0.22156250000000002 0.527777778125 0.24140625 0.527777778125
1 0.254921875 0.5286111109375 0.254921875 0.5133333328125 0.241796875 0.5133333328125 0.241796875 0.5286111109375 0.254921875 0.5286111109375
1 0.27703125 0.5286111109375 0.27703125 0.5133333328125 0.25578124999999996 0.5133333328125 0.25578124999999996 0.5286111109375 0.27703125 0.5286111109375
1 0.294140625 0.5318055562499999 0.294140625 0.510972221875 0.273828125 0.510972221875 0.273828125 0.5318055562499999 0.294140625 0.5318055562499999
1 0.31984375 0.52625 0.31984375 0.5101388890624999 0.29640625 0.5101388890624999 0.29640625 0.52625 0.31984375 0.52625
1 0.31171875 0.5005555562499999 0.31171875 0.479722221875 0.29281250000000003 0.479722221875 0.29281250000000003 0.5005555562499999 0.31171875 0.5005555562499999
1 0.290546875 0.49819444375 0.290546875 0.47805555625 0.278359375 0.47805555625 0.278359375 0.49819444375 0.290546875 0.49819444375
1 0.2765625 0.49416666718749996 0.2765625 0.47888888906249993 0.25359375 0.47888888906249993 0.25359375 0.49416666718749996 0.2765625 0.49416666718749996
1 0.255390625 0.49416666718749996 0.255390625 0.479722221875 0.24 0.479722221875 0.24 0.49416666718749996 0.255390625 0.49416666718749996
1 0.23960937499999999 0.49736111093749996 0.23960937499999999 0.48444444375 0.219296875 0.48444444375 0.219296875 0.49736111093749996 0.23960937499999999 0.49736111093749996
1 0.22109375 0.49819444375 0.22109375 0.4829166671875 0.20210937499999998 0.4829166671875 0.20210937499999998 0.49819444375 0.22109375 0.49819444375
1 0.20437500000000003 0.49736111093749996 0.20437500000000003 0.47888888906249993 0.185859375 0.47888888906249993 0.185859375 0.49736111093749996 0.20437500000000003 0.49736111093749996
1 0.20031249999999998 0.52625 0.20031249999999998 0.507777778125 0.181875 0.507777778125 0.181875 0.52625 0.20031249999999998 0.52625
1 0.19671875 0.5583333328125 0.19671875 0.542222221875 0.17867187499999998 0.542222221875 0.17867187499999998 0.5583333328125 0.19671875 0.5583333328125
1 0.20125 0.46527777812500004 0.20125 0.4516666671875 0.181875 0.4516666671875 0.181875 0.46527777812500004 0.20125 0.46527777812500004
1 0.22335937499999997 0.46680555625000003 0.22335937499999997 0.44763888906249993 0.203515625 0.44763888906249993 0.203515625 0.46680555625000003 0.22335937499999997 0.46680555625000003
1 0.23960937499999999 0.462777778125 0.23960937499999999 0.4491666671875 0.22195312500000003 0.4491666671875 0.22195312500000003 0.462777778125 0.23960937499999999 0.462777778125
1 0.25578124999999996 0.46527777812500004 0.25578124999999996 0.448472221875 0.23960937499999999 0.448472221875 0.23960937499999999 0.46527777812500004 0.25578124999999996 0.46527777812500004
1 0.278828125 0.46527777812500004 0.278828125 0.44763888906249993 0.25578124999999996 0.44763888906249993 0.25578124999999996 0.46527777812500004 0.278828125 0.46527777812500004
1 0.29734375 0.47402777812499997 0.29734375 0.448472221875 0.278828125 0.448472221875 0.278828125 0.47402777812499997 0.29734375 0.47402777812499997
1 0.309921875 0.43875000000000003 0.309921875 0.41472222187499996 0.291875 0.41472222187499996 0.291875 0.43875000000000003 0.309921875 0.43875000000000003
1 0.27703125 0.41555555625 0.27703125 0.4451388890625 0.29281250000000003 0.4451388890625 0.29281250000000003 0.41555555625 0.27703125 0.41555555625
1 0.27703125 0.4404166671875 0.27703125 0.41555555625 0.258984375 0.41555555625 0.258984375 0.4404166671875 0.27703125 0.4404166671875
1 0.24140625 0.420277778125 0.24140625 0.44194444375 0.258046875 0.44194444375 0.258046875 0.420277778125 0.24140625 0.420277778125
1 0.24140625 0.4451388890625 0.24140625 0.41638888906249993 0.22421875 0.41638888906249993 0.22421875 0.4451388890625 0.24140625 0.4451388890625
1 0.20578124999999997 0.41958333281250004 0.20578124999999997 0.44597222187499996 0.22562500000000002 0.44597222187499996 0.22562500000000002 0.41958333281250004 0.20578124999999997 0.41958333281250004
1 0.20484375 0.44277777812499997 0.20484375 0.41958333281250004 0.187734375 0.41958333281250004 0.187734375 0.44277777812499997 0.20484375 0.44277777812499997
0 0.323046875 0.4376388890625 0.323046875 0.720277778125 0.41656250000000006 0.720277778125 0.41656250000000006 0.4376388890625 0.323046875 0.4376388890625