1 0.996796875 0.3567708328125 0.996796875 0.0648958328125 0.7310156250000001 0.0648958328125 0.7310156250000001 0.3567708328125 0.996796875 0.3567708328125
1 0.7594531250000001 0.45906250000000004 0.7594531250000001 0.2563541671875 0.54484375 0.2563541671875 0.54484375 0.45906250000000004 0.7594531250000001 0.45906250000000004
1 0.94703125 0.5347916671874999 0.94703125 0.368125 0.45109374999999996 0.368125 0.45109374999999996 0.5347916671874999 0.94703125 0.5347916671874999
1 0.5235937500000001 0.55 0.5235937500000001 0.4533333328125 0.39140625 0.4533333328125 0.39140625 0.55 0.5235937500000001 0.55
1 0.397109375 0.5594791671875 0.397109375 0.4780208328125 0.338828125 0.4780208328125 0.338828125 0.5594791671875 0.397109375 0.5594791671875
1 0.33601562500000004 0.5102083328125 0.33601562500000004 0.4495833328125 0.28625 0.4495833328125 0.28625 0.5102083328125 0.33601562500000004 0.5102083328125
1 0.578984375 0.3226041671875 0.578984375 0.19 0.30046875 0.19 0.30046875 0.3226041671875 0.578984375 0.3226041671875
1 0.37296874999999996 0.0345833328125 0.37296874999999996 0.2184375 0.6485937500000001 0.2184375 0.6485937500000001 0.0345833328125 0.37296874999999996 0.0345833328125
1 0.7096875 0.9516666671875 0.7096875 0.8361458328125 0.385703125 0.8361458328125 0.385703125 0.9516666671875 0.7096875 0.9516666671875
1 0.5278125 0.9042708328125 0.5278125 0.8058333328125 0.354453125 0.8058333328125 0.354453125 0.9042708328125 0.5278125 0.9042708328125
1 0.4525 0.8456250000000001 0.4525 0.7848958328125 0.3175 0.7848958328125 0.3175 0.8456250000000001 0.4525 0.8456250000000001
1 0.350234375 0.8077083328124999 0.350234375 0.7621875 0.291953125 0.7621875 0.291953125 0.8077083328124999 0.350234375 0.8077083328124999
1 0.32601562500000003 0.7755208328125 0.32601562500000003 0.7242708328125 0.277734375 0.7242708328125 0.277734375 0.7755208328125 0.32601562500000003 0.7755208328125
1 0.08039062500000001 0.6891666671875 0.08039062500000001 0.6705208328125 0.055781250000000004 0.6705208328125 0.055781250000000004 0.6891666671875 0.08039062500000001 0.6891666671875
1 0.108359375 0.688125 0.108359375 0.6672916671875 0.07960937500000001 0.6672916671875 0.07960937500000001 0.688125 0.108359375 0.688125
1 0.1371875 0.6891666671875 0.1371875 0.6683333328125001 0.10593749999999999 0.6683333328125001 0.10593749999999999 0.6891666671875 0.1371875 0.6891666671875
1 0.0590625 0.7067708328125 0.0590625 0.6859375 0.010546875 0.6859375 0.010546875 0.7067708328125 0.0590625 0.7067708328125