1 0.8182812500000001 0.8578749999999999 0.8182812500000001 0.74475 0.62828125 0.74475 0.62828125 0.8578749999999999 0.8182812500000001 0.8578749999999999
1 0.383359375 0.72975 0.383359375 0.6783750000000001 0.2846875 0.6783750000000001 0.2846875 0.72975 0.383359375 0.72975
1 0.4409375 0.708625 0.4409375 0.6665 0.37101562499999996 0.6665 0.37101562499999996 0.708625 0.4409375 0.708625
1 0.15890625 0.7967500000000001 0.15890625 0.717875 0.03796875 0.717875 0.03796875 0.7967500000000001 0.15890625 0.7967500000000001
1 0.053593749999999996 0.8081250000000001 0.053593749999999996 0.745625 0.001484375 0.745625 0.001484375 0.8081250000000001 0.053593749999999996 0.8081250000000001
1 0.3390625 0.39575 0.3390625 0.350125 0.24312499999999998 0.350125 0.24312499999999998 0.39575 0.3390625 0.39575
1 0.2459375 0.407625 0.2459375 0.36375 0.22023437499999998 0.36375 0.22023437499999998 0.407625 0.2459375 0.407625
1 0.22312500000000002 0.41224999999999995 0.22312500000000002 0.38025000000000003 0.20593750000000002 0.38025000000000003 0.20593750000000002 0.41224999999999995 0.22312500000000002 0.41224999999999995
1 0.209375 0.425875 0.209375 0.386625 0.183125 0.386625 0.183125 0.425875 0.209375 0.425875
1 0.18656250000000002 0.41587500000000005 0.18656250000000002 0.38849999999999996 0.167109375 0.38849999999999996 0.167109375 0.41587500000000005 0.18656250000000002 0.41587500000000005
1 0.17171875 0.4205 0.17171875 0.3995 0.15 0.3995 0.15 0.4205 0.17171875 0.4205
1 0.17171875 0.43962500000000004 0.17171875 0.41137499999999994 0.14945312500000002 0.41137499999999994 0.14945312500000002 0.43962500000000004 0.17171875 0.43962500000000004
1 0.184296875 0.437875 0.184296875 0.407625 0.167734375 0.407625 0.167734375 0.437875 0.184296875 0.437875
1 0.187109375 0.521 0.187109375 0.48075 0.1665625 0.48075 0.1665625 0.521 0.187109375 0.521
1 0.20656249999999998 0.5045 0.20656249999999998 0.48987499999999995 0.18484375 0.48987499999999995 0.18484375 0.5045 0.20656249999999998 0.5045
1 0.22937500000000002 0.49625 0.22937500000000002 0.47887500000000005 0.203671875 0.47887500000000005 0.203671875 0.49625 0.22937500000000002 0.49625
1 0.252265625 0.49349999999999994 0.252265625 0.46699999999999997 0.22367187500000002 0.46699999999999997 0.22367187500000002 0.49349999999999994 0.252265625 0.49349999999999994
1 0.280234375 0.488125 0.280234375 0.46525 0.24710937500000002 0.46525 0.24710937500000002 0.488125 0.280234375 0.488125
1 0.34703125 0.58675 0.34703125 0.54475 0.250546875 0.54475 0.250546875 0.58675 0.34703125 0.58675
1 0.250546875 0.584875 0.250546875 0.556625 0.22593749999999999 0.556625 0.22593749999999999 0.584875 0.250546875 0.584875
1 0.229921875 0.58125 0.229921875 0.559375 0.21109375 0.559375 0.21109375 0.58125 0.229921875 0.58125
1 0.21171875 0.590375 0.21171875 0.559375 0.19398437500000001 0.559375 0.19398437500000001 0.590375 0.21171875 0.590375
1 0.21171875 0.66075 0.21171875 0.637875 0.19343749999999998 0.637875 0.19343749999999998 0.66075 0.21171875 0.66075
1 0.229921875 0.659875 0.229921875 0.637 0.210546875 0.637 0.210546875 0.659875 0.229921875 0.659875
1 0.25453125 0.6653749999999999 0.25453125 0.635125 0.225390625 0.635125 0.225390625 0.6653749999999999 0.25453125 0.6653749999999999
1 0.284765625 0.66625 0.284765625 0.6325000000000001 0.248203125 0.6325000000000001 0.248203125 0.66625 0.284765625 0.66625
1 0.43156249999999996 0.53925 0.43156249999999996 0.499 0.344140625 0.499 0.344140625 0.53925 0.43156249999999996 0.53925
1 0.42867187500000004 0.41137499999999994 0.42867187500000004 0.362 0.34585937499999997 0.362 0.34585937499999997 0.41137499999999994 0.42867187500000004 0.41137499999999994
1 0.5171875 0.34550000000000003 0.5171875 0.31725 0.47437500000000005 0.31725 0.47437500000000005 0.34550000000000003 0.5171875 0.34550000000000003
1 0.48125 0.35375 0.48125 0.31625000000000003 0.45726562499999995 0.31625000000000003 0.45726562499999995 0.35375 0.48125 0.35375
1 0.45953125000000006 0.319 0.45953125000000006 0.277 0.4246875 0.277 0.4246875 0.319 0.45953125000000006 0.319
1 0.429296875 0.323625 0.429296875 0.28525 0.40640625 0.28525 0.40640625 0.323625 0.429296875 0.323625
1 0.40984375 0.33187500000000003 0.40984375 0.296125 0.383046875 0.296125 0.383046875 0.33187500000000003 0.40984375 0.33187500000000003
1 0.49093749999999997 0.38937499999999997 0.49093749999999997 0.3565 0.420703125 0.3565 0.420703125 0.38937499999999997 0.49093749999999997 0.38937499999999997
1 0.483515625 0.442375 0.483515625 0.40862499999999996 0.44929687500000004 0.40862499999999996 0.44929687500000004 0.442375 0.483515625 0.442375
1 0.524609375 0.43512500000000004 0.524609375 0.403125 0.47664062500000004 0.403125 0.47664062500000004 0.43512500000000004 0.524609375 0.43512500000000004
1 0.5397421875 0.42348749999999996 0.540234375 0.426875 0.53609375 0.426875 0.53609375 0.45062499999999994 0.56921875 0.45062499999999994 0.56921875 0.426875 0.5567968750000001 0.426875 0.559541015625 0.41500000000000004 0.5725781249999999 0.41500000000000004 0.5725781249999999 0.393 0.5543359375 0.4099375 0.5551953125 0.41500000000000004 0.5508496093749999 0.41500000000000004 0.5506875 0.41332500000000005 0.5470390625 0.41671250000000004 0.5378125 0.393 0.5378125 0.41500000000000004 0.542158203125 0.41500000000000004 0.543390625 0.4201 0.5397421875 0.42348749999999996
1 0.53203125 0.5365 0.53203125 0.49812500000000004 0.488125 0.49812500000000004 0.488125 0.5365 0.53203125 0.5365
1 0.473828125 0.548375 0.473828125 0.5118750000000001 0.43039062499999997 0.5118750000000001 0.43039062499999997 0.548375 0.473828125 0.548375
1 0.494921875 0.648875 0.494921875 0.630625 0.46867187499999996 0.630625 0.46867187499999996 0.648875 0.494921875 0.648875
1 0.52234375 0.648 0.52234375 0.627875 0.49265625 0.627875 0.49265625 0.648 0.52234375 0.648
1 0.546953125 0.65075 0.546953125 0.622375 0.51890625 0.622375 0.51890625 0.65075 0.546953125 0.65075
1 0.56515625 0.646125 0.56515625 0.626 0.540625 0.626 0.540625 0.646125 0.56515625 0.646125
1 0.478984375 0.6845 0.478984375 0.654375 0.434375 0.654375 0.434375 0.6845 0.478984375 0.6845
1 0.721328125 0.334875 0.721328125 0.30025 0.6830468749999999 0.30025 0.6830468749999999 0.334875 0.721328125 0.334875
1 0.7053906249999999 0.274625 0.7053906249999999 0.23349999999999999 0.676796875 0.23349999999999999 0.676796875 0.274625 0.7053906249999999 0.274625
1 0.319921875 0.17525 0.319921875 0.11487499999999999 0.236328125 0.11487499999999999 0.236328125 0.17525 0.319921875 0.17525
1 0.303515625 0.196 0.303515625 0.14450000000000002 0.20890625 0.14450000000000002 0.20890625 0.196 0.303515625 0.196
1 0.42960937499999996 0.16212500000000002 0.42960937499999996 0.11712499999999999 0.33914062500000003 0.11712499999999999 0.33914062500000003 0.16212500000000002 0.42960937499999996 0.16212500000000002
1 0.5474218750000001 0.172 0.5474218750000001 0.12150000000000001 0.470703125 0.12150000000000001 0.470703125 0.172 0.5474218750000001 0.172
1 0.5392187500000001 0.18175 0.5392187500000001 0.145625 0.44328124999999996 0.145625 0.44328124999999996 0.18175 0.5392187500000001 0.18175
1 0.5871875 0.220125 0.5871875 0.17962499999999998 0.5228125 0.17962499999999998 0.5228125 0.220125 0.5871875 0.220125
1 0.55703125 0.2585 0.55703125 0.202625 0.47546875 0.202625 0.47546875 0.2585 0.55703125 0.2585
1 0.479609375 0.256375 0.479609375 0.213625 0.45421875 0.213625 0.45421875 0.256375 0.479609375 0.256375
1 0.43234374999999997 0.28925 0.43234374999999997 0.22999999999999998 0.33914062500000003 0.22999999999999998 0.33914062500000003 0.28925 0.43234374999999997 0.28925
1 0.335 0.29362499999999997 0.335 0.227875 0.24109375000000002 0.227875 0.24109375000000002 0.29362499999999997 0.335 0.29362499999999997
1 0.3103125 0.29362499999999997 0.3103125 0.24874999999999997 0.21921875000000002 0.24874999999999997 0.21921875000000002 0.29362499999999997 0.3103125 0.29362499999999997
1 0.22398437499999999 0.30674999999999997 0.22398437499999999 0.272875 0.2 0.272875 0.2 0.30674999999999997 0.22398437499999999 0.30674999999999997
1 0.20617187499999998 0.322125 0.20617187499999998 0.282625 0.17671874999999998 0.282625 0.17671874999999998 0.322125 0.20617187499999998 0.322125
1 0.143828125 0.284875 0.143828125 0.32325 0.161640625 0.32325 0.161640625 0.307875 0.17875000000000002 0.307875 0.17875000000000002 0.264 0.15617187500000002 0.264 0.15617187500000002 0.284875 0.143828125 0.284875
1 0.143828125 0.32325 0.143828125 0.288125 0.121875 0.288125 0.121875 0.32325 0.143828125 0.32325
1 0.128046875 0.338625 0.128046875 0.28712499999999996 0.0828125 0.28712499999999996 0.0828125 0.338625 0.128046875 0.338625
0 0.676796875 0.60675 0.676796875 0.398875 0.56453125 0.398875 0.56453125 0.60675 0.676796875 0.60675