1 0.9500781249999999 0.3447916671875 0.9500781249999999 0.0869791671875 0.605 0.0869791671875 0.605 0.3447916671875 0.9500781249999999 0.3447916671875
1 0.796875 0.0125 0.796875 0.1920833328125 0.9989062499999999 0.1920833328125 0.9989062499999999 0.0125 0.796875 0.0125
1 0.656171875 0.36770833281250004 0.656171875 0.17614583281250001 0.46460937500000005 0.17614583281250001 0.46460937500000005 0.36770833281250004 0.656171875 0.36770833281250004
1 0.48101562500000006 0.37374999999999997 0.48101562500000006 0.23802083281250003 0.38375 0.23802083281250003 0.38375 0.37374999999999997 0.48101562500000006 0.37374999999999997
1 0.39875 0.3916666671875 0.39875 0.2759375 0.30890625 0.2759375 0.30890625 0.3916666671875 0.39875 0.3916666671875
1 0.334375 0.3936458328125 0.334375 0.3038541671875 0.237109375 0.3038541671875 0.237109375 0.3936458328125 0.334375 0.3936458328125
1 0.29695312500000004 0.4575 0.29695312500000004 0.3317708328125 0.000625 0.3317708328125 0.000625 0.4575 0.29695312500000004 0.4575
1 0.006562500000000001 0.0005208328124999999 0.006562500000000001 0.13625 0.268515625 0.13625 0.268515625 0.0005208328124999999 0.006562500000000001 0.0005208328124999999
1 0.569375 0.0883333328125 0.569375 0.0005208328124999999 0.314921875 0.0005208328124999999 0.314921875 0.0883333328125 0.569375 0.0883333328125
1 0.13382812500000002 0.5273958328125 0.13382812500000002 0.44760416718749996 0.0035937499999999997 0.44760416718749996 0.0035937499999999997 0.5273958328125 0.13382812500000002 0.5273958328125
1 0.054453125000000005 0.9005208328125001 0.054453125000000005 0.79875 0.000625 0.79875 0.000625 0.9005208328125001 0.054453125000000005 0.9005208328125001
1 0.10984374999999999 0.974375 0.10984374999999999 0.8207291671875 0.024531249999999998 0.8207291671875 0.024531249999999998 0.974375 0.10984374999999999 0.974375
1 0.32687499999999997 0.9983333328124999 0.32687499999999997 0.890625 0.102421875 0.890625 0.102421875 0.9983333328124999 0.32687499999999997 0.9983333328124999
1 0.167578125 0.5882291671875 0.167578125 0.5458333328125 0.13148437500000001 0.5458333328125 0.13148437500000001 0.5882291671875 0.167578125 0.5882291671875
1 0.167578125 0.5410416671875 0.167578125 0.5882291671875 0.20656249999999998 0.5882291671875 0.20656249999999998 0.5410416671875 0.167578125 0.5410416671875
1 0.255625 0.5805208328125 0.255625 0.5333333328125 0.201484375 0.5333333328125 0.201484375 0.5805208328125 0.255625 0.5805208328125
1 0.255625 0.5188541671875 0.255625 0.5805208328125 0.31703125 0.5805208328125 0.31703125 0.5188541671875 0.255625 0.5188541671875
1 0.4375 0.571875 0.4375 0.5188541671875 0.31703125 0.5188541671875 0.31703125 0.571875 0.4375 0.571875
1 0.45773437499999997 0.47562499999999996 0.45773437499999997 0.563125 0.62234375 0.563125 0.62234375 0.47562499999999996 0.45773437499999997 0.47562499999999996
1 0.8169531250000001 0.5639583328125 0.8169531250000001 0.4561458328125 0.62296875 0.4561458328125 0.62296875 0.5639583328125 0.8169531250000001 0.5639583328125
1 0.809765625 0.42260416718749994 0.809765625 0.5495833328125 0.9965624999999999 0.5495833328125 0.9965624999999999 0.42260416718749994 0.809765625 0.42260416718749994