0 0.69359375 0.8520833328125 0.69359375 0.32819444375 0.55703125 0.32819444375 0.55703125 0.8520833328125 0.69359375 0.8520833328125
0 0.79484375 0.9258333328124999 0.79484375 0.27638888906250003 0.62296875 0.27638888906250003 0.62296875 0.9258333328124999 0.79484375 0.9258333328124999
0 0.963671875 0.99125 0.963671875 0.13180555625 0.718125 0.13180555625 0.718125 0.99125 0.963671875 0.99125
1 0.7439843749999999 0.004444443750000001 0.7439843749999999 0.23180555625000002 0.983125 0.23180555625000002 0.983125 0.004444443750000001 0.7439843749999999 0.004444443750000001
1 0.966484375 0.41152777812499997 0.966484375 0.1591666671875 0.65828125 0.1591666671875 0.65828125 0.41152777812499997 0.966484375 0.41152777812499997
1 0.897421875 0.454722221875 0.897421875 0.2841666671875 0.596875 0.2841666671875 0.596875 0.454722221875 0.897421875 0.454722221875
1 0.5982031250000001 0.0022222218750000003 0.5982031250000001 0.1545833328125 0.827109375 0.1545833328125 0.827109375 0.0022222218750000003 0.5982031250000001 0.0022222218750000003
1 0.606171875 0.2801388890625 0.606171875 0.22861111093750003 0.5803125 0.22861111093750003 0.5803125 0.2801388890625 0.606171875 0.2801388890625
1 0.6 0.3020833328125 0.6 0.28125 0.5790625 0.28125 0.5790625 0.3020833328125 0.6 0.3020833328125
1 0.6 0.3491666671875 0.6 0.3020833328125 0.574140625 0.3020833328125 0.574140625 0.3491666671875 0.6 0.3491666671875
1 0.6012500000000001 0.37986111093749997 0.6012500000000001 0.32944444375000004 0.56296875 0.32944444375000004 0.56296875 0.37986111093749997 0.6012500000000001 0.37986111093749997
1 0.60375 0.39638888906249997 0.60375 0.3513888890625 0.559921875 0.3513888890625 0.559921875 0.39638888906249997 0.60375 0.39638888906249997
1 0.606796875 0.43583333281250003 0.606796875 0.38430555625 0.56421875 0.38430555625 0.56421875 0.43583333281250003 0.606796875 0.43583333281250003
1 0.609296875 0.4566666671875 0.609296875 0.412777778125 0.56484375 0.412777778125 0.56484375 0.4566666671875 0.609296875 0.4566666671875
1 0.61234375 0.49180555625 0.61234375 0.443472221875 0.56421875 0.443472221875 0.56421875 0.49180555625 0.61234375 0.49180555625
1 0.618515625 0.52680555625 0.618515625 0.4808333328125 0.571015625 0.4808333328125 0.571015625 0.52680555625 0.618515625 0.52680555625
1 0.714765625 0.604722221875 0.714765625 0.5630555562499999 0.606796875 0.5630555562499999 0.606796875 0.604722221875 0.714765625 0.604722221875
1 0.60984375 0.6079166671875 0.60984375 0.5673611109375 0.5580468749999999 0.5673611109375 0.5580468749999999 0.6079166671875 0.60984375 0.6079166671875
1 0.7067187500000001 0.6638888890625 0.7067187500000001 0.6287499999999999 0.572890625 0.6287499999999999 0.572890625 0.6638888890625 0.7067187500000001 0.6638888890625
1 0.44703125000000005 0.6573611109375 0.44703125000000005 0.64305555625 0.42117187500000003 0.64305555625 0.42117187500000003 0.6573611109375 0.44703125000000005 0.6573611109375
1 0.44890625 0.6638888890625 0.44890625 0.6573611109375 0.42117187500000003 0.6573611109375 0.42117187500000003 0.6638888890625 0.44890625 0.6638888890625
1 0.448125 0.680277778125 0.448125 0.6631944437499999 0.42000000000000004 0.6631944437499999 0.42000000000000004 0.680277778125 0.448125 0.680277778125
1 0.059453124999999996 0.70625 0.059453124999999996 0.67125 0.008906250000000001 0.67125 0.008906250000000001 0.70625 0.059453124999999996 0.70625
0 0.2790625 0.7090277781250001 0.2790625 0.5148611109375001 0.192890625 0.5148611109375001 0.192890625 0.7090277781250001 0.2790625 0.7090277781250001