1 0.942109375 0.6341666671875 0.942109375 0.5710416671874999 0.785234375 0.5710416671874999 0.785234375 0.6341666671875 0.942109375 0.6341666671875
1 0.789140625 0.6341666671875 0.789140625 0.5763541671875 0.725 0.5763541671875 0.725 0.6341666671875 0.789140625 0.6341666671875
1 0.7299218749999999 0.6289583328125 0.7299218749999999 0.5789583328125001 0.676640625 0.5789583328125001 0.676640625 0.6289583328125 0.7299218749999999 0.6289583328125
1 0.67859375 0.6473958328125 0.67859375 0.5815625 0.60359375 0.5815625 0.60359375 0.6473958328125 0.67859375 0.6473958328125
1 0.801953125 0.7315625 0.801953125 0.6960416671874999 0.718125 0.6960416671874999 0.718125 0.7315625 0.801953125 0.7315625
1 0.868125 0.5 0.868125 0.4605208328125 0.79015625 0.4605208328125 0.79015625 0.5 0.868125 0.5
1 0.7940625 0.5210416671875 0.7940625 0.4605208328125 0.732890625 0.4605208328125 0.732890625 0.5210416671875 0.7940625 0.5210416671875
1 0.73390625 0.5276041671875 0.73390625 0.4684375 0.670703125 0.4684375 0.670703125 0.5276041671875 0.73390625 0.5276041671875
1 0.670703125 0.538125 0.670703125 0.4829166671875 0.6184375 0.4829166671875 0.6184375 0.538125 0.670703125 0.538125
1 0.62828125 0.5446875 0.62828125 0.49083333281249997 0.58390625 0.49083333281249997 0.58390625 0.5446875 0.62828125 0.5446875
1 0.58390625 0.5446875 0.58390625 0.49343750000000003 0.5375 0.49343750000000003 0.5375 0.5446875 0.58390625 0.5446875
1 0.6272656249999999 0.40395833281250004 0.6272656249999999 0.36052083281249997 0.5799218749999999 0.36052083281249997 0.5799218749999999 0.40395833281250004 0.6272656249999999 0.40395833281250004
1 0.629296875 0.4158333328125 0.629296875 0.38156249999999997 0.586875 0.38156249999999997 0.586875 0.4158333328125 0.629296875 0.4158333328125
1 0.58484375 0.4158333328125 0.58484375 0.3776041671875 0.535546875 0.3776041671875 0.535546875 0.4158333328125 0.58484375 0.4158333328125
1 0.5760156249999999 0.4341666671875 0.5760156249999999 0.40260416718750003 0.535546875 0.40260416718750003 0.535546875 0.4341666671875 0.5760156249999999 0.4341666671875
1 0.69640625 0.4184375 0.69640625 0.35531250000000003 0.6233593749999999 0.35531250000000003 0.6233593749999999 0.4184375 0.69640625 0.4184375
1 0.835546875 0.3329166671875 0.710234375 0.3329166671875 0.710234375 0.3473958328125 0.661875 0.3473958328125 0.661875 0.4065625 0.7378125 0.4065625 0.7378125 0.40260416718750003 0.835546875 0.40260416718750003 0.835546875 0.3329166671875
1 0.935234375 0.3710416671875 0.935234375 0.3079166671875 0.789140625 0.3079166671875 0.789140625 0.3710416671875 0.935234375 0.3710416671875
1 0.943125 0.23156249999999998 0.943125 0.1355208328125 0.770390625 0.1355208328125 0.770390625 0.23156249999999998 0.943125 0.23156249999999998
1 0.873046875 0.25135416718750003 0.873046875 0.16312500000000002 0.723046875 0.16312500000000002 0.723046875 0.25135416718750003 0.873046875 0.25135416718750003
1 0.8315625000000001 0.2684375 0.8315625000000001 0.20135416718750002 0.672734375 0.20135416718750002 0.672734375 0.2684375 0.8315625000000001 0.2684375
1 0.7654687499999999 0.2960416671875 0.7654687499999999 0.2236458328125 0.61546875 0.2236458328125 0.61546875 0.2960416671875 0.7654687499999999 0.2960416671875
1 0.639140625 0.2763541671875 0.639140625 0.1973958328125 0.5760156249999999 0.1973958328125 0.5760156249999999 0.2763541671875 0.639140625 0.2763541671875
1 0.6431250000000001 0.2894791671875 0.6431250000000001 0.2289583328125 0.539453125 0.2289583328125 0.539453125 0.2894791671875 0.6431250000000001 0.2894791671875
1 0.5424218749999999 0.2920833328125 0.5424218749999999 0.2420833328125 0.47632812500000005 0.2420833328125 0.47632812500000005 0.2920833328125 0.5424218749999999 0.2920833328125
1 0.483203125 0.29739583281250004 0.483203125 0.25135416718750003 0.445703125 0.25135416718750003 0.445703125 0.29739583281250004 0.483203125 0.29739583281250004
1 0.5 0.3091666671875 0.5 0.238125 0.09046875 0.238125 0.09046875 0.3091666671875 0.5 0.3091666671875
1 0.279609375 0.3070833328125 0.279609375 0.15687500000000001 0.06328125 0.15687500000000001 0.06328125 0.3070833328125 0.279609375 0.3070833328125
1 0.159609375 0.0078125 0.159609375 0.1097916671875 0.34875 0.1097916671875 0.34875 0.0078125 0.159609375 0.0078125
1 0.28703124999999996 0.1821875 0.28703124999999996 0.1042708328125 0.1365625 0.1042708328125 0.1365625 0.1821875 0.28703124999999996 0.1821875
1 0.300234375 0.21833333281249998 0.300234375 0.1339583328125 0.1275 0.1339583328125 0.1275 0.21833333281249998 0.300234375 0.21833333281249998
1 0.11187499999999999 0.175625 0.11187499999999999 0.12291666718750001 0.07734375 0.12291666718750001 0.07734375 0.175625 0.11187499999999999 0.175625
1 0.093828125 0.21833333281249998 0.093828125 0.1602083328125 0.060078125 0.1602083328125 0.060078125 0.21833333281249998 0.093828125 0.21833333281249998
1 0.5502343749999999 0.1020833328125 0.5502343749999999 0.0067708328125 0.330625 0.0067708328125 0.330625 0.1020833328125 0.5502343749999999 0.1020833328125
1 0.207265625 0.4234375 0.207265625 0.35104166718749996 0.1521875 0.35104166718749996 0.1521875 0.4234375 0.207265625 0.4234375
1 0.172734375 0.43656249999999996 0.172734375 0.3641666671875 0.10695312500000001 0.3641666671875 0.10695312500000001 0.43656249999999996 0.172734375 0.43656249999999996
1 0.13 0.4727083328125 0.13 0.4058333328125 0.078984375 0.4058333328125 0.078984375 0.4727083328125 0.13 0.4727083328125
1 0.11351562500000001 0.35875 0.11351562500000001 0.30822916718750004 0.07078124999999999 0.30822916718750004 0.07078124999999999 0.35875 0.11351562500000001 0.35875
1 0.361875 0.5901041671875 0.361875 0.5417708328125 0.157109375 0.5417708328125 0.157109375 0.5901041671875 0.361875 0.5901041671875
1 0.153828125 0.5933333328125 0.153828125 0.5385416671875001 0.12257812500000001 0.5385416671875001 0.12257812500000001 0.5933333328125 0.153828125 0.5933333328125
1 0.132421875 0.5922916671875 0.132421875 0.5352083328125 0.09625 0.5352083328125 0.09625 0.5922916671875 0.132421875 0.5922916671875
1 0.12015625 0.5417708328125 0.12015625 0.49906249999999996 0.072421875 0.49906249999999996 0.072421875 0.5417708328125 0.12015625 0.5417708328125
1 0.16609374999999998 0.8182291671874999 0.16609374999999998 0.7688541671875 0.1421875 0.7688541671875 0.1421875 0.8182291671874999 0.16609374999999998 0.8182291671874999
1 0.20968749999999997 0.8434375 0.20968749999999997 0.783125 0.1603125 0.783125 0.1603125 0.8434375 0.20968749999999997 0.8434375
1 0.24421875 0.8598958328125 0.24421875 0.8083333328125001 0.19484375 0.8083333328125001 0.19484375 0.8598958328125 0.24421875 0.8598958328125
1 0.3696875 0.9668749999999999 0.3696875 0.8605208328125 0.24304687500000002 0.8605208328125 0.24304687500000002 0.9668749999999999 0.3696875 0.9668749999999999
1 0.697265625 0.9998958328124999 0.697265625 0.909375 0.352578125 0.909375 0.352578125 0.9998958328124999 0.697265625 0.9998958328124999
1 0.9955468749999999 0.996875 0.9955468749999999 0.9415625000000001 0.691171875 0.9415625000000001 0.691171875 0.996875 0.9955468749999999 0.996875
1 0.9955468749999999 0.9589583328125 0.9955468749999999 0.883125 0.9197656249999999 0.883125 0.9197656249999999 0.9589583328125 0.9955468749999999 0.9589583328125
1 0.89765625 0.2588541671875 0.940699728125 0.2588541671875 0.9432706921875 0.2570073203125 0.9456714515625 0.2612302921875 0.9485258156249999 0.2588541671875 0.9480722125 0.265453265625 0.9576752531249999 0.28234515781249997 0.918984375 0.3330208328125 0.918984375 0.3898958328125 0.9864843750000001 0.3898958328125 0.9864843750000001 0.3330208328125 0.9600760125000001 0.2865681296875 0.956351903125 0.2588541671875 0.98765625 0.2588541671875 0.98765625 0.1767708328125 0.89765625 0.1767708328125 0.9000570109374999 0.18099380625 0.89765625 0.1822430546875 0.89765625 0.2588541671875
1 0.9923437500000001 0.5588541671875 0.9923437500000001 0.5225 0.9047656249999999 0.5225 0.9047656249999999 0.5588541671875 0.9923437500000001 0.5588541671875
1 0.99640625 0.0672916671875 0.99640625 0.00020833281250000002 0.93421875 0.00020833281250000002 0.93421875 0.0672916671875 0.99640625 0.0672916671875
1 0.9864843750000001 0.0935416671875 0.9864843750000001 0.00020833281250000002 0.7753125 0.00020833281250000002 0.7753125 0.0935416671875 0.9864843750000001 0.0935416671875
1 0.929296875 0.12250000000000001 0.929296875 0.0225 0.713125 0.0225 0.713125 0.12250000000000001 0.929296875 0.12250000000000001
1 0.8631249999999999 0.1540625 0.8631249999999999 0.059375 0.670703125 0.059375 0.670703125 0.1540625 0.8631249999999999 0.1540625
1 0.7871875 0.19354166718750002 0.7871875 0.0975 0.6075781250000001 0.0975 0.6075781250000001 0.19354166718750002 0.7871875 0.19354166718750002