0 0.0059375 0.17281249999999998 0.0059375 0.9654166671875 0.156796875 0.9654166671875 0.156796875 0.17281249999999998 0.0059375 0.17281249999999998
1 0.42765624999999996 0.48666666718749996 0.42765624999999996 0.38125 0.17484375000000002 0.38125 0.17484375000000002 0.48666666718749996 0.42765624999999996 0.48666666718749996
1 0.573515625 0.48510416718749994 0.573515625 0.41541666718750003 0.35859375 0.41541666718750003 0.35859375 0.48510416718749994 0.573515625 0.48510416718749994
1 0.70484375 0.49406249999999996 0.70484375 0.4183333328125 0.546796875 0.4183333328125 0.546796875 0.49406249999999996 0.70484375 0.49406249999999996
1 0.807265625 0.5073958328125 0.807265625 0.4332291671875 0.69265625 0.4332291671875 0.69265625 0.5073958328125 0.807265625 0.5073958328125
1 0.79953125 0.3515625 0.79953125 0.4213541671875 0.8885937500000001 0.4213541671875 0.8885937500000001 0.3515625 0.79953125 0.3515625
1 0.9676562499999999 0.4435416671875 0.9676562499999999 0.3960416671875 0.910859375 0.3960416671875 0.910859375 0.4435416671875 0.9676562499999999 0.4435416671875
1 0.9998437499999999 0.36906249999999996 0.9998437499999999 0.0933333328125 0.66796875 0.0933333328125 0.66796875 0.36906249999999996 0.9998437499999999 0.36906249999999996
1 0.7112499999999999 0.3519791671875 0.7112499999999999 0.1916666671875 0.47874999999999995 0.1916666671875 0.47874999999999995 0.3519791671875 0.7112499999999999 0.3519791671875
1 0.5765625 0.32197916718749997 0.5765625 0.1702083328125 0.36007812499999997 0.1702083328125 0.36007812499999997 0.32197916718749997 0.5765625 0.32197916718749997
1 0.4290625 0.29 0.4290625 0.1360416671875 0.182109375 0.1360416671875 0.182109375 0.29 0.4290625 0.29
1 0.385859375 0.0082291671875 0.385859375 0.1258333328125 0.674453125 0.1258333328125 0.674453125 0.0082291671875 0.385859375 0.0082291671875
1 0.5525781249999999 0.9018750000000001 0.5525781249999999 0.820625 0.411484375 0.820625 0.411484375 0.9018750000000001 0.5525781249999999 0.9018750000000001
1 0.41789062499999996 0.9210416671875 0.41789062499999996 0.8248958328124999 0.169375 0.8248958328124999 0.169375 0.9210416671875 0.41789062499999996 0.9210416671875
1 0.676015625 0.8847916671875 0.676015625 0.8120833328125 0.5333593750000001 0.8120833328125 0.5333593750000001 0.8847916671875 0.676015625 0.8847916671875
1 0.398671875 0.5833333328125 0.398671875 0.5319791671874999 0.313671875 0.5319791671874999 0.313671875 0.5833333328125 0.398671875 0.5833333328125
1 0.19984375000000001 0.21989583281249997 0.19984375000000001 0.13229166718750002 0.049140625 0.13229166718750002 0.049140625 0.21989583281249997 0.19984375000000001 0.21989583281249997
1 0.159765625 0.0723958328125 0.159765625 0.0039583328125 0.0459375 0.0039583328125 0.0459375 0.0723958328125 0.159765625 0.0723958328125