1 0.99734375 0.36052083281249997 0.99734375 0.1315625 0.7970312500000001 0.1315625 0.7970312500000001 0.36052083281249997 0.99734375 0.36052083281249997
1 0.96578125 0.4236458328125 0.96578125 0.213125 0.58484375 0.213125 0.58484375 0.4236458328125 0.96578125 0.4236458328125
1 0.711171875 0.4803125 0.711171875 0.3263541671875 0.41414062500000004 0.3263541671875 0.41414062500000004 0.4803125 0.711171875 0.4803125
1 0.4684375 0.4973958328125 0.4684375 0.41968750000000005 0.263125 0.41968750000000005 0.263125 0.4973958328125 0.4684375 0.4973958328125
1 0.281875 0.5079166671875 0.281875 0.4658333328125 0.163515625 0.4658333328125 0.163515625 0.5079166671875 0.281875 0.5079166671875
1 0.15757812499999999 0.5184375 0.15757812499999999 0.4815625 0.1190625 0.4815625 0.1190625 0.5184375 0.15757812499999999 0.5184375
1 0.255234375 0.5394791671875 0.255234375 0.5026041671875 0.21382812499999998 0.5026041671875 0.21382812499999998 0.5394791671875 0.255234375 0.5394791671875
1 0.33523437500000003 0.5394791671875 0.33523437500000003 0.49468750000000006 0.28781249999999997 0.49468750000000006 0.28781249999999997 0.5394791671875 0.33523437500000003 0.5394791671875
1 0.7052343750000001 0.9223958328125 0.7052343750000001 0.8184374999999999 0.40226562499999996 0.8184374999999999 0.40226562499999996 0.9223958328125 0.7052343750000001 0.9223958328125
1 0.8553906250000001 0.9894791671875 0.8553906250000001 0.8886458328125 0.5914843750000001 0.8886458328125 0.5914843750000001 0.9894791671875 0.8553906250000001 0.9894791671875
1 0.41789062499999996 0.8871874999999999 0.41789062499999996 0.7908333328125 0.33265625 0.7908333328125 0.33265625 0.8871874999999999 0.41789062499999996 0.8871874999999999
1 0.39421875 0.8334374999999999 0.39421875 0.7671875 0.246171875 0.7671875 0.246171875 0.8334374999999999 0.39421875 0.8334374999999999
1 0.272265625 0.8192708328125 0.272265625 0.7655208328125 0.20234375 0.7655208328125 0.20234375 0.8192708328125 0.272265625 0.8192708328125
1 0.204765625 0.8003125000000001 0.204765625 0.7466666671875 0.155 0.7466666671875 0.155 0.8003125000000001 0.204765625 0.8003125000000001
1 0.155 0.7797916671875 0.155 0.7308333328125001 0.12898437499999998 0.7308333328125001 0.12898437499999998 0.7797916671875 0.155 0.7797916671875
1 0.14906250000000001 0.7403125 0.14906250000000001 0.6960416671874999 0.033046874999999996 0.6960416671874999 0.033046874999999996 0.7403125 0.14906250000000001 0.7403125
1 0.038984375 0.7292708328125 0.038984375 0.6897916671875 0.015234375 0.6897916671875 0.015234375 0.7292708328125 0.038984375 0.7292708328125
1 0.017656250000000002 0.7150000000000001 0.017656250000000002 0.6834374999999999 0.002265625 0.6834374999999999 0.002265625 0.7150000000000001 0.017656250000000002 0.7150000000000001
1 0.17375000000000002 0.43583333281250003 0.17375000000000002 0.36124999999999996 0.02 0.36124999999999996 0.02 0.43583333281250003 0.17375000000000002 0.43583333281250003
1 0.160625 0.3930208328125 0.160625 0.339375 0.04546875 0.339375 0.04546875 0.3930208328125 0.160625 0.3930208328125
1 0.20992187499999998 0.3678125 0.20992187499999998 0.31083333281250003 0.065234375 0.31083333281250003 0.065234375 0.3678125 0.20992187499999998 0.3678125
1 0.2296875 0.3360416671875 0.2296875 0.2834375 0.0865625 0.2834375 0.0865625 0.3360416671875 0.2296875 0.3360416671875
1 0.272421875 0.33718750000000003 0.272421875 0.24395833281249998 0.10882812500000001 0.24395833281249998 0.10882812500000001 0.33718750000000003 0.272421875 0.33718750000000003
1 0.3209375 0.26697916718750003 0.3209375 0.2165625 0.140859375 0.2165625 0.140859375 0.26697916718750003 0.3209375 0.26697916718750003
1 0.36007812499999997 0.23854166718749997 0.36007812499999997 0.1675 0.17054687500000001 0.1675 0.17054687500000001 0.23854166718749997 0.36007812499999997 0.23854166718749997
1 0.47843749999999996 0.2290625 0.47843749999999996 0.10906249999999999 0.213203125 0.10906249999999999 0.213203125 0.2290625 0.47843749999999996 0.2290625
1 0.54796875 0.1526041671875 0.54796875 0.0326041671875 0.26968749999999997 0.0326041671875 0.26968749999999997 0.1526041671875 0.54796875 0.1526041671875
1 0.21398437499999998 0.0894791671875 0.21398437499999998 0.0089583328125 0.132265625 0.0089583328125 0.132265625 0.0894791671875 0.21398437499999998 0.0894791671875
1 0.1796875 0.1273958328125 0.1796875 0.0705208328125 0.09671874999999999 0.0705208328125 0.09671874999999999 0.1273958328125 0.1796875 0.1273958328125
1 0.1678125 0.15572916718750002 0.1678125 0.1179166671875 0.081328125 0.1179166671875 0.081328125 0.15572916718750002 0.1678125 0.15572916718750002
1 0.14171875 0.2079166671875 0.14171875 0.16052083281250001 0.06593750000000001 0.16052083281250001 0.06593750000000001 0.2079166671875 0.14171875 0.2079166671875
1 0.12281249999999999 0.2284375 0.12281249999999999 0.1873958328125 0.033984375 0.1873958328125 0.033984375 0.2284375 0.12281249999999999 0.2284375
1 0.081328125 0.2884375 0.081328125 0.2346875 0.0043749999999999995 0.2346875 0.0043749999999999995 0.2884375 0.081328125 0.2884375
1 0.08015625 0.1226041671875 0.08015625 0.0515625 0.026875 0.0515625 0.026875 0.1226041671875 0.08015625 0.1226041671875
1 0.10382812500000001 0.0594791671875 0.10382812500000001 0.018437500000000002 0.044687500000000005 0.018437500000000002 0.044687500000000005 0.0594791671875 0.10382812500000001 0.0594791671875
1 0.4146875 0.6167708328125 0.4146875 0.5882291671875 0.37109375 0.5882291671875 0.37109375 0.6167708328125 0.4146875 0.6167708328125
1 0.378515625 0.6211458328125 0.378515625 0.5904166671875 0.341484375 0.5904166671875 0.341484375 0.6211458328125 0.378515625 0.6211458328125
1 0.34234375 0.6255208328124999 0.34234375 0.59375 0.315234375 0.59375 0.315234375 0.6255208328124999 0.34234375 0.6255208328124999