1 0.9546875 0.9088749999999999 0.9546875 0.79375 0.8403906250000001 0.79375 0.8403906250000001 0.9088749999999999 0.9546875 0.9088749999999999
1 0.83953125 0.8727499999999999 0.83953125 0.81175 0.746875 0.81175 0.746875 0.8727499999999999 0.83953125 0.8727499999999999
1 0.76765625 0.8727499999999999 0.76765625 0.7771250000000001 0.6498437499999999 0.7771250000000001 0.6498437499999999 0.8727499999999999 0.76765625 0.8727499999999999
1 0.60390625 0.659375 0.60390625 0.601125 0.494765625 0.601125 0.494765625 0.659375 0.60390625 0.659375
1 0.614296875 0.559625 0.614296875 0.498625 0.5190625 0.498625 0.5190625 0.559625 0.614296875 0.559625
1 0.523359375 0.561 0.523359375 0.513875 0.45843749999999994 0.513875 0.45843749999999994 0.561 0.523359375 0.561
1 0.46796875 0.565125 0.46796875 0.5221250000000001 0.40734375 0.5221250000000001 0.40734375 0.565125 0.46796875 0.565125
1 0.40125 0.43624999999999997 0.40125 0.3975 0.33718750000000003 0.3975 0.33718750000000003 0.43624999999999997 0.40125 0.43624999999999997
1 0.40210937500000005 0.37525 0.40210937500000005 0.43624999999999997 0.451484375 0.43624999999999997 0.451484375 0.37525 0.40210937500000005 0.37525
1 0.51296875 0.41275000000000006 0.51296875 0.37525 0.451484375 0.37525 0.451484375 0.41275000000000006 0.51296875 0.41275000000000006
1 0.51296875 0.35724999999999996 0.51296875 0.41275000000000006 0.61 0.41275000000000006 0.61 0.35724999999999996 0.51296875 0.35724999999999996
1 0.571015625 0.27825 0.571015625 0.222875 0.46187500000000004 0.222875 0.46187500000000004 0.27825 0.571015625 0.27825
1 0.43156249999999996 0.307375 0.43156249999999996 0.24912499999999999 0.362265625 0.24912499999999999 0.362265625 0.307375 0.43156249999999996 0.307375
1 0.377890625 0.33925 0.377890625 0.24912499999999999 0.17867187499999998 0.24912499999999999 0.17867187499999998 0.33925 0.377890625 0.33925
1 0.25140625 0.274125 0.25140625 0.16325 0.00546875 0.16325 0.00546875 0.274125 0.25140625 0.274125
1 0.27046875 0.615 0.27046875 0.501375 0.040078125 0.501375 0.040078125 0.615 0.27046875 0.615
1 0.125 0.60675 0.125 0.529125 0.001953125 0.529125 0.001953125 0.60675 0.125 0.60675
1 0.451171875 0.192875 0.451171875 0.142125 0.3471875 0.142125 0.3471875 0.192875 0.451171875 0.192875
1 0.56875 0.159375 0.56875 0.086625 0.456875 0.086625 0.456875 0.159375 0.56875 0.159375
1 0.336953125 0.003125 0.336953125 0.045875 0.4603125 0.045875 0.4603125 0.003125 0.336953125 0.003125
1 0.27554687499999997 0.064375 0.27554687499999997 0.008875 0.182421875 0.008875 0.182421875 0.064375 0.27554687499999997 0.064375
1 0.19546875 0.075875 0.19546875 0.03775 0.14851562499999998 0.03775 0.14851562499999998 0.075875 0.19546875 0.075875
1 0.36648437500000003 0.064375 0.36648437500000003 0.041249999999999995 0.269765625 0.041249999999999995 0.269765625 0.064375 0.36648437500000003 0.064375
1 0.36359375 0.0955 0.36359375 0.062 0.266171875 0.062 0.266171875 0.0955 0.36359375 0.0955
1 0.36796875 0.1255 0.36796875 0.078125 0.2459375 0.078125 0.2459375 0.1255 0.36796875 0.1255
1 0.38093750000000004 0.189 0.38093750000000004 0.133625 0.239453125 0.133625 0.239453125 0.189 0.38093750000000004 0.189
1 0.101171875 0.4385 0.101171875 0.393375 0.03625 0.393375 0.03625 0.4385 0.101171875 0.4385
1 0.24625 0.39575 0.24625 0.3645 0.196484375 0.3645 0.196484375 0.39575 0.24625 0.39575
1 0.245546875 0.341375 0.245546875 0.39449999999999996 0.28234375 0.39449999999999996 0.28234375 0.341375 0.245546875 0.341375
1 0.3603125 0.36225 0.3603125 0.341375 0.28523437500000004 0.341375 0.28523437500000004 0.36225 0.3603125 0.36225