0 0.45499999999999996 0.141125 0.45499999999999996 0.5235000000000001 0.631640625 0.5235000000000001 0.631640625 0.141125 0.45499999999999996 0.141125
1 0.346015625 0.5667500000000001 0.346015625 0.530875 0.319375 0.530875 0.319375 0.5667500000000001 0.346015625 0.5667500000000001
1 0.344609375 0.63375 0.344609375 0.56325 0.21976562500000002 0.56325 0.21976562500000002 0.63375 0.344609375 0.63375
1 0.226953125 0.6833750000000001 0.226953125 0.592125 0.024140625 0.592125 0.024140625 0.6833750000000001 0.226953125 0.6833750000000001
1 0.12476562499999999 0.47225 0.12476562499999999 0.396125 0.0013281249999999999 0.396125 0.0013281249999999999 0.47225 0.12476562499999999 0.47225
1 0.0965625 0.15125 0.0965625 0.085375 0.002734375 0.085375 0.002734375 0.15125 0.0965625 0.15125
1 0.236640625 0.18475 0.236640625 0.12475 0.10234375 0.12475 0.10234375 0.18475 0.236640625 0.18475
1 0.171640625 0.209 0.171640625 0.155875 0.057578125 0.155875 0.057578125 0.209 0.171640625 0.209
1 0.261328125 0.37975 0.261328125 0.31325 0.095 0.31325 0.095 0.37975 0.261328125 0.37975
1 0.386953125 0.2465 0.386953125 0.183875 0.291328125 0.183875 0.291328125 0.2465 0.386953125 0.2465
1 0.30515625 0.2455 0.30515625 0.20800000000000002 0.251640625 0.20800000000000002 0.251640625 0.2455 0.30515625 0.2455
1 0.40679687500000006 0.369625 0.40679687500000006 0.3215 0.299765625 0.3215 0.299765625 0.369625 0.40679687500000006 0.369625
1 0.453125 0.504375 0.453125 0.46975 0.39359375 0.46975 0.39359375 0.504375 0.453125 0.504375
1 0.394765625 0.50925 0.394765625 0.480375 0.355078125 0.480375 0.355078125 0.50925 0.394765625 0.50925
1 0.356875 0.516 0.356875 0.487125 0.310546875 0.487125 0.310546875 0.516 0.356875 0.516
1 0.27359374999999997 0.060750000000000005 0.27359374999999997 0.121875 0.293192934375 0.121875 0.363209134375 0.12642307656250001 0.3631009609375 0.1395576921875 0.36698567656250003 0.146125 0.363046875 0.146125 0.363046875 0.21549999999999997 0.45757812500000006 0.21549999999999997 0.45757812500000006 0.146125 0.37092447968750003 0.146125 0.363263221875 0.11985576875 0.36375 0.11508333281250001 0.3633173078125 0.1132884609375 0.36375 0.10829166718750001 0.36375 0.10149999999999999 0.344150815625 0.121875 0.297112771875 0.121875 0.27359374999999997 0.060750000000000005
1 0.319765625 0.13925 0.319765625 0.078 0.23531249999999998 0.078 0.23531249999999998 0.13925 0.319765625 0.13925
1 0.559375 0.131125 0.559375 0.0665 0.508828125 0.0665 0.508828125 0.131125 0.559375 0.131125
1 0.6099218750000001 0.11725000000000001 0.6099218750000001 0.05500000000000001 0.54640625 0.05500000000000001 0.54640625 0.11725000000000001 0.6099218750000001 0.11725000000000001
1 0.7015625 0.078 0.7015625 0.027250000000000003 0.670546875 0.027250000000000003 0.670546875 0.078 0.7015625 0.078
1 0.7657812500000001 0.07925 0.7657812500000001 0.043375000000000004 0.725390625 0.043375000000000004 0.725390625 0.07925 0.7657812500000001 0.07925
1 0.7073437499999999 0.16 0.7073437499999999 0.125375 0.661875 0.125375 0.661875 0.16 0.7073437499999999 0.16
1 0.7059375 0.2305 0.7059375 0.213125 0.6640625 0.213125 0.6640625 0.2305 0.7059375 0.2305
1 0.597890625 0.05 0.597890625 0.0026249999999999997 0.48460937499999995 0.0026249999999999997 0.48460937499999995 0.05 0.597890625 0.05
1 0.035078125 0.608875 0.035078125 0.557 0.005156249999999999 0.557 0.005156249999999999 0.608875 0.035078125 0.608875