1 0.9983854171875001 0.305277778125 0.9983854171875001 0.0976851859375 0.7996875 0.0976851859375 0.7996875 0.305277778125 0.9983854171875001 0.305277778125
1 0.9444791671875 0.3771296296875 0.9444791671875 0.2753703703125 0.6638541671875 0.2753703703125 0.6638541671875 0.3771296296875 0.9444791671875 0.3771296296875
1 0.7847395828125 0.4040740734375 0.7847395828125 0.3541666671875 0.6397395828125 0.3541666671875 0.6397395828125 0.4040740734375 0.7847395828125 0.4040740734375
1 0.6405208328125 0.41648148125000006 0.6405208328125 0.376296296875 0.6125 0.376296296875 0.6125 0.41648148125000006 0.6405208328125 0.41648148125000006
1 0.9418749999999999 0.908240740625 0.9418749999999999 0.7543518515625001 0.72046875 0.7543518515625001 0.72046875 0.908240740625 0.9418749999999999 0.908240740625
1 0.7844270828125001 0.7931481484375 0.7844270828125001 0.6934259265625 0.6799479171875 0.6934259265625 0.6799479171875 0.7931481484375 0.7844270828125001 0.7931481484375
1 0.72203125 0.735 0.72203125 0.6656481484375 0.6433333328125 0.6656481484375 0.6433333328125 0.735 0.72203125 0.735
1 0.670625 0.696203703125 0.670625 0.6504629625 0.6129166671874999 0.6504629625 0.6129166671874999 0.696203703125 0.670625 0.696203703125
1 0.1590625 0.9971296296875 0.1590625 0.8336111109375001 0.00078125 0.8336111109375001 0.00078125 0.9971296296875 0.1590625 0.9971296296875
1 0.07718749999999999 0.5716666671875 0.07718749999999999 0.4954629625 0.00546875 0.4954629625 0.00546875 0.5716666671875 0.07718749999999999 0.5716666671875
1 0.15984375 0.5619444437500001 0.15984375 0.48990740781250003 0.0865625 0.48990740781250003 0.0865625 0.5619444437500001 0.15984375 0.5619444437500001
1 0.22374999999999998 0.8446296296875 0.22374999999999998 0.7725925921875 0.15203125 0.7725925921875 0.15203125 0.8446296296875 0.22374999999999998 0.8446296296875
1 0.2580208328125 0.7975 0.2580208328125 0.7351851859375 0.1980208328125 0.7351851859375 0.1980208328125 0.7975 0.2580208328125 0.7975
1 0.28531249999999997 0.7600925921874999 0.28531249999999997 0.7115740734375 0.2518229171875 0.7115740734375 0.2518229171875 0.7600925921874999 0.28531249999999997 0.7600925921874999
1 0.226875 0.43027777812499995 0.226875 0.3749074078125 0.07718749999999999 0.3749074078125 0.07718749999999999 0.43027777812499995 0.226875 0.43027777812499995
1 0.27208333281249997 0.44694444375 0.27208333281249997 0.3900925921875 0.21671875 0.3900925921875 0.21671875 0.44694444375 0.27208333281249997 0.44694444375
1 0.29041666718750003 0.3541666671875 0.29041666718750003 0.30101851874999996 0.25140625 0.30101851874999996 0.25140625 0.3541666671875 0.29041666718750003 0.3541666671875
1 0.14750000000000002 0.2733333328125 0.14750000000000002 0.33685185156249997 0.2572395828125 0.33685185156249997 0.2572395828125 0.2733333328125 0.14750000000000002 0.2733333328125
1 0.16828125 0.257222221875 0.16828125 0.1325 0.0260416671875 0.1325 0.0260416671875 0.257222221875 0.16828125 0.257222221875
1 0.08838541718750001 0.16944444375 0.08838541718750001 0.043611110937499996 0.0013541671875 0.043611110937499996 0.0013541671875 0.16944444375 0.08838541718750001 0.16944444375
1 0.22479166718750002 0.1879629625 0.22479166718750002 0.0620370375 0.0877083328125 0.0620370375 0.0877083328125 0.1879629625 0.22479166718750002 0.1879629625
1 0.2046354171875 0.12324074062499998 0.2046354171875 0.208703703125 0.25729166718749996 0.208703703125 0.25729166718749996 0.12324074062499998 0.2046354171875 0.12324074062499998
1 0.20984375000000002 0.025092592187500002 0.20984375000000002 0.1163888890625 0.2579166671875 0.1163888890625 0.2579166671875 0.025092592187500002 0.20984375000000002 0.025092592187500002
1 0.8169270828125 0.055555556250000006 0.8169270828125 0.0024074078125 0.64015625 0.0024074078125 0.64015625 0.055555556250000006 0.8169270828125 0.055555556250000006
1 0.6493229171875 0.052777778124999994 0.6493229171875 0.0065740734374999995 0.5432291671875 0.0065740734374999995 0.5432291671875 0.052777778124999994 0.6493229171875 0.052777778124999994
1 0.6547395828125 0.0950925921875 0.6547395828125 0.052777778124999994 0.54375 0.052777778124999994 0.54375 0.0950925921875 0.6547395828125 0.0950925921875
1 0.3176041671875 0.1129629625 0.3176041671875 0.1573148140625 0.37687499999999996 0.1573148140625 0.37687499999999996 0.1129629625 0.3176041671875 0.1129629625
0 0.5364583328125 0.5615740734375 0.5364583328125 0.429722221875 0.49390625000000005 0.429722221875 0.49390625000000005 0.5615740734375 0.5364583328125 0.5615740734375