0 0.5335156249999999 0.70375 0.5335156249999999 0.57625 0.48984375 0.57625 0.48984375 0.70375 0.5335156249999999 0.70375
1 0.750234375 0.7051388890625 0.750234375 0.6538888890625 0.658984375 0.6538888890625 0.658984375 0.7051388890625 0.750234375 0.7051388890625
1 0.72375 0.7854166671875 0.72375 0.7009722218750001 0.65671875 0.7009722218750001 0.65671875 0.7854166671875 0.72375 0.7854166671875
1 0.8596875 0.8458333328125001 0.8596875 0.67125 0.7165625 0.67125 0.7165625 0.8458333328125001 0.8596875 0.8458333328125001
1 0.9981249999999999 0.8541666671874999 0.9981249999999999 0.6829166671875 0.8025781249999999 0.6829166671875 0.8025781249999999 0.8541666671874999 0.9981249999999999 0.8541666671874999
1 0.9672656249999999 0.2820833328125 0.9672656249999999 0.002777778125 0.7735937500000001 0.002777778125 0.7735937500000001 0.2820833328125 0.9672656249999999 0.2820833328125
1 0.9578906249999999 0.423472221875 0.9578906249999999 0.20569444374999998 0.704375 0.20569444374999998 0.704375 0.423472221875 0.9578906249999999 0.423472221875
1 0.8897656250000001 0.45958333281249997 0.8897656250000001 0.33486111093750004 0.65328125 0.33486111093750004 0.65328125 0.45958333281249997 0.8897656250000001 0.45958333281249997
1 0.7260156249999999 0.3983333328125 0.7260156249999999 0.30361111093750004 0.6078125 0.30361111093750004 0.6078125 0.3983333328125 0.7260156249999999 0.3983333328125
1 0.6565624999999999 0.46986111093750005 0.6565624999999999 0.4201388890625 0.5758593750000001 0.4201388890625 0.5758593750000001 0.46986111093750005 0.6565624999999999 0.46986111093750005
1 0.647578125 0.5115277781249999 0.647578125 0.47069444374999997 0.56640625 0.47069444374999997 0.56640625 0.5115277781249999 0.647578125 0.5115277781249999
1 0.6503125 0.5283333328125 0.6503125 0.4883333328125 0.548359375 0.4883333328125 0.548359375 0.5283333328125 0.6503125 0.5283333328125
1 0.63359375 0.5363888890624999 0.63359375 0.5147222218749999 0.616015625 0.5147222218749999 0.616015625 0.5363888890624999 0.63359375 0.5363888890624999
1 0.6168750000000001 0.55 0.6168750000000001 0.5204166671875 0.6092187499999999 0.5204166671875 0.6092187499999999 0.55 0.6168750000000001 0.55
1 0.12593749999999998 0.89694444375 0.12593749999999998 0.7833333328125 0.04328125 0.7833333328125 0.04328125 0.89694444375 0.12593749999999998 0.89694444375
1 0.06921875 0.894722221875 0.06921875 0.8177777781250001 0.0028125 0.8177777781250001 0.0028125 0.894722221875 0.06921875 0.894722221875
1 0.18765625 0.8501388890625 0.18765625 0.7888888890625 0.1134375 0.7888888890625 0.1134375 0.8501388890625 0.18765625 0.8501388890625
1 0.272578125 0.8150000000000001 0.272578125 0.7576388890625 0.17671874999999998 0.7576388890625 0.17671874999999998 0.8150000000000001 0.272578125 0.8150000000000001
1 0.30078125 0.7913888890624999 0.30078125 0.75194444375 0.27265625 0.75194444375 0.27265625 0.7913888890624999 0.30078125 0.7913888890624999
1 0.31828124999999996 0.7816666671875 0.31828124999999996 0.742222221875 0.29796875 0.742222221875 0.29796875 0.7816666671875 0.31828124999999996 0.7816666671875
1 0.333671875 0.7723611109374999 0.333671875 0.7395833328125 0.31375000000000003 0.7395833328125 0.31375000000000003 0.7723611109374999 0.333671875 0.7723611109374999
1 0.34757812499999996 0.7536111109375 0.34757812499999996 0.7336111109375001 0.33218749999999997 0.7336111109375001 0.33218749999999997 0.7536111109375 0.34757812499999996 0.7536111109375
1 0.360703125 0.750972221875 0.360703125 0.7295833328125 0.34757812499999996 0.7295833328125 0.34757812499999996 0.750972221875 0.360703125 0.750972221875
1 0.37203125 0.7462500000000001 0.37203125 0.7262500000000001 0.35921875000000003 0.7262500000000001 0.35921875000000003 0.7462500000000001 0.37203125 0.7462500000000001
1 0.3825 0.7348611109375 0.3825 0.721527778125 0.37015625 0.721527778125 0.37015625 0.7348611109375 0.3825 0.7348611109375
1 0.3896875 0.7395833328125 0.3896875 0.721527778125 0.37687499999999996 0.721527778125 0.37687499999999996 0.7395833328125 0.3896875 0.7395833328125
1 0.395703125 0.7336111109375001 0.395703125 0.7175 0.384375 0.7175 0.384375 0.7336111109375001 0.395703125 0.7336111109375001
1 0.294921875 0.54305555625 0.294921875 0.49430555624999994 0.22953125000000002 0.49430555624999994 0.22953125000000002 0.54305555625 0.294921875 0.54305555625
1 0.273125 0.6052777781249999 0.273125 0.556527778125 0.23328125000000002 0.556527778125 0.23328125000000002 0.6052777781249999 0.273125 0.6052777781249999
1 0.236640625 0.58125 0.236640625 0.53569444375 0.1896875 0.53569444375 0.1896875 0.58125 0.236640625 0.58125
1 0.20773437499999997 0.573472221875 0.20773437499999997 0.5083333328124999 0.025937500000000002 0.5083333328124999 0.025937500000000002 0.573472221875 0.20773437499999997 0.573472221875
1 0.096484375 0.11555555625 0.096484375 0.0038888890625 0.005 0.0038888890625 0.005 0.11555555625 0.096484375 0.11555555625
1 0.203671875 0.35805555624999996 0.203671875 0.23680555625 0.03046875 0.23680555625 0.03046875 0.35805555624999996 0.203671875 0.35805555624999996
1 0.24320312500000002 0.39944444375 0.24320312500000002 0.30125 0.117109375 0.30125 0.117109375 0.39944444375 0.24320312500000002 0.39944444375
1 0.27515625 0.419722221875 0.27515625 0.348472221875 0.225390625 0.348472221875 0.225390625 0.419722221875 0.27515625 0.419722221875
1 0.2984375 0.380277778125 0.2984375 0.314722221875 0.22640625 0.314722221875 0.22640625 0.380277778125 0.2984375 0.380277778125
1 0.19398437500000001 0.2541666671875 0.19398437500000001 0.30513888906250003 0.29898437499999997 0.30513888906250003 0.29898437499999997 0.2541666671875 0.19398437500000001 0.2541666671875
1 0.15335937500000002 0.1579166671875 0.15335937500000002 0.23875000000000002 0.276796875 0.23875000000000002 0.276796875 0.1579166671875 0.15335937500000002 0.1579166671875
1 0.225390625 0.154027778125 0.225390625 0.0136111109375 0.054843750000000004 0.0136111109375 0.054843750000000004 0.154027778125 0.225390625 0.154027778125
1 0.302734375 0.1848611109375 0.302734375 0.11555555625 0.21023437500000003 0.11555555625 0.21023437500000003 0.1848611109375 0.302734375 0.1848611109375
1 0.32546875000000003 0.143472221875 0.32546875000000003 0.08 0.253515625 0.08 0.253515625 0.143472221875 0.32546875000000003 0.143472221875
1 0.3103125 0.1348611109375 0.3103125 0.024166667187499997 0.19453125 0.024166667187499997 0.19453125 0.1348611109375 0.3103125 0.1348611109375
1 0.327109375 0.070277778125 0.327109375 0.0038888890625 0.25890625 0.0038888890625 0.25890625 0.070277778125 0.327109375 0.070277778125
1 0.236171875 0.0029166671875000003 0.236171875 0.034722221875 0.34445312499999997 0.034722221875 0.34445312499999997 0.0029166671875000003 0.236171875 0.0029166671875000003
1 0.35148437499999996 0.0845833328125 0.35148437499999996 0.0311111109375 0.31734375 0.0311111109375 0.31734375 0.0845833328125 0.35148437499999996 0.0845833328125
1 0.3703125 0.1275 0.3703125 0.08236111093750001 0.33421875 0.08236111093750001 0.33421875 0.1275 0.3703125 0.1275
1 0.30390625 0.0601388890625 0.30390625 0.11194444374999998 0.341796875 0.11194444374999998 0.341796875 0.0601388890625 0.30390625 0.0601388890625
1 0.349921875 0.1576388890625 0.349921875 0.114722221875 0.31734375 0.114722221875 0.31734375 0.1576388890625 0.349921875 0.1576388890625
1 0.36117187500000003 0.19430555625 0.36117187500000003 0.1513888890625 0.33296875 0.1513888890625 0.33296875 0.19430555625 0.36117187500000003 0.19430555625
1 0.336171875 0.1163888890625 0.336171875 0.15875 0.3725 0.15875 0.3725 0.1163888890625 0.336171875 0.1163888890625
1 0.336796875 0.19375 0.336796875 0.135277778125 0.301015625 0.135277778125 0.301015625 0.19375 0.336796875 0.19375
1 0.349609375 0.21833333281249998 0.349609375 0.175972221875 0.32578125 0.175972221875 0.32578125 0.21833333281249998 0.349609375 0.21833333281249998
1 0.342421875 0.20319444375 0.342421875 0.23944444374999999 0.35554687500000004 0.23944444374999999 0.35554687500000004 0.20319444375 0.342421875 0.20319444375
1 0.34835937499999997 0.24500000000000002 0.34835937499999997 0.274027778125 0.37 0.274027778125 0.37 0.24500000000000002 0.34835937499999997 0.24500000000000002
1 0.348984375 0.2851388890625 0.348984375 0.23722222187500003 0.32640625 0.23722222187500003 0.32640625 0.2851388890625 0.348984375 0.2851388890625
1 0.31515624999999997 0.20486111093749998 0.31515624999999997 0.25833333281250004 0.336796875 0.25833333281250004 0.336796875 0.20486111093749998 0.31515624999999997 0.20486111093749998
1 0.2659375 0.2233333328125 0.2659375 0.2673611109375 0.31609375 0.2673611109375 0.31609375 0.2233333328125 0.2659375 0.2233333328125
1 0.2521875 0.1698611109375 0.2521875 0.21888888906249998 0.301640625 0.21888888906249998 0.301640625 0.1698611109375 0.2521875 0.1698611109375
1 0.2846875 0.2576388890625 0.2846875 0.30736111093749996 0.3365625 0.30736111093749996 0.3365625 0.2576388890625 0.2846875 0.2576388890625
1 0.320546875 0.34694444375 0.320546875 0.2979166671875 0.28898437499999996 0.2979166671875 0.28898437499999996 0.34694444375 0.320546875 0.34694444375
1 0.31632812499999996 0.329722221875 0.31632812499999996 0.3779166671875 0.33328125000000003 0.3779166671875 0.33328125000000003 0.329722221875 0.31632812499999996 0.329722221875
1 0.289375 0.34944444375 0.289375 0.4033333328125 0.31859375 0.4033333328125 0.31859375 0.34944444375 0.289375 0.34944444375
1 0.314765625 0.38 0.314765625 0.43375 0.33187500000000003 0.43375 0.33187500000000003 0.38 0.314765625 0.38
1 0.26015625 0.43916666718749997 0.26015625 0.48319444375 0.31875 0.48319444375 0.31875 0.43916666718749997 0.26015625 0.43916666718749997
1 0.3125 0.45027777812499997 0.3125 0.49430555624999994 0.33125 0.49430555624999994 0.33125 0.45027777812499997 0.3125 0.45027777812499997
1 0.34695312500000003 0.47375 0.34695312500000003 0.429722221875 0.305859375 0.429722221875 0.305859375 0.47375 0.34695312500000003 0.47375
1 0.344140625 0.449722221875 0.344140625 0.48541666718750004 0.359765625 0.48541666718750004 0.359765625 0.449722221875 0.344140625 0.449722221875
1 0.356640625 0.476527778125 0.356640625 0.5048611109375 0.368828125 0.5048611109375 0.368828125 0.476527778125 0.356640625 0.476527778125
1 0.323125 0.414027778125 0.323125 0.43861111093750005 0.371328125 0.43861111093750005 0.371328125 0.414027778125 0.323125 0.414027778125
1 0.325625 0.3538888890625 0.325625 0.38069444375 0.368203125 0.38069444375 0.368203125 0.3538888890625 0.325625 0.3538888890625
1 0.3225 0.32277777812499997 0.3225 0.3583333328125 0.358515625 0.3583333328125 0.358515625 0.32277777812499997 0.3225 0.32277777812499997
1 0.32625000000000004 0.27319444375 0.32625000000000004 0.30333333281249997 0.361328125 0.30333333281249997 0.361328125 0.27319444375 0.32625000000000004 0.27319444375
1 0.350703125 0.2826388890625 0.350703125 0.31 0.373828125 0.31 0.373828125 0.2826388890625 0.350703125 0.2826388890625
1 0.345078125 0.307777778125 0.345078125 0.32944444375000004 0.38171875 0.32944444375000004 0.38171875 0.307777778125 0.345078125 0.307777778125
1 0.3415625 0.1879166671875 0.3415625 0.2225 0.37640625 0.2225 0.37640625 0.1879166671875 0.3415625 0.1879166671875
1 0.36320312499999996 0.34944444375 0.36320312499999996 0.37569444375 0.39765625 0.37569444375 0.39765625 0.34944444375 0.36320312499999996 0.34944444375
1 0.345390625 0.39736111093750004 0.345390625 0.41916666718749995 0.38328125 0.41916666718749995 0.38328125 0.39736111093750004 0.345390625 0.39736111093750004
1 0.333125 0.37847222187499996 0.333125 0.398472221875 0.38140625 0.398472221875 0.38140625 0.37847222187499996 0.333125 0.37847222187499996
1 0.31820312500000003 0.55805555625 0.31820312500000003 0.5173611109375 0.2946875 0.5173611109375 0.2946875 0.55805555625 0.31820312500000003 0.55805555625
1 0.34828125 0.57305555625 0.34828125 0.544027778125 0.33195312499999996 0.544027778125 0.33195312499999996 0.57305555625 0.34828125 0.57305555625
1 0.34484375 0.5575 0.34484375 0.579722221875 0.35984375 0.579722221875 0.35984375 0.5575 0.34484375 0.5575
1 0.35546875 0.5608333328125 0.35546875 0.5886111109375001 0.370234375 0.5886111109375001 0.370234375 0.5608333328125 0.35546875 0.5608333328125
1 0.36453125000000003 0.5708333328124999 0.36453125000000003 0.5980555562500001 0.38210937500000003 0.5980555562500001 0.38210937500000003 0.5708333328124999 0.36453125000000003 0.5708333328124999
1 0.387734375 0.6054166671875 0.387734375 0.58194444375 0.377734375 0.58194444375 0.377734375 0.6054166671875 0.387734375 0.6054166671875
1 0.395859375 0.6104166671875 0.395859375 0.5886111109375001 0.388046875 0.5886111109375001 0.388046875 0.6104166671875 0.395859375 0.6104166671875
1 0.35203125 0.5006944437499999 0.35203125 0.52625 0.393984375 0.52625 0.393984375 0.5006944437499999 0.35203125 0.5006944437499999
1 0.377421875 0.487777778125 0.377421875 0.50625 0.388359375 0.50625 0.388359375 0.487777778125 0.377421875 0.487777778125
1 0.36328125 0.4683333328125 0.36328125 0.49291666718749994 0.377734375 0.49291666718749994 0.377734375 0.4683333328125 0.36328125 0.4683333328125
1 0.390859375 0.43777777812499996 0.390859375 0.41152777812499997 0.366171875 0.41152777812499997 0.366171875 0.43777777812499996 0.390859375 0.43777777812499996
1 0.686640625 0.737222221875 0.686640625 0.6713888890625 0.6028125 0.6713888890625 0.6028125 0.737222221875 0.686640625 0.737222221875
1 0.6153125 0.724722221875 0.6153125 0.67930555625 0.58671875 0.67930555625 0.58671875 0.724722221875 0.6153125 0.724722221875
1 0.597265625 0.7180555562500001 0.597265625 0.6799999999999999 0.5758593750000001 0.6799999999999999 0.5758593750000001 0.7180555562500001 0.597265625 0.7180555562500001
1 0.58 0.714027778125 0.58 0.6745833328125 0.561171875 0.6745833328125 0.561171875 0.714027778125 0.58 0.714027778125
1 0.5615625 0.7033333328125 0.5615625 0.6740277781249999 0.55140625 0.6740277781249999 0.55140625 0.7033333328125 0.5615625 0.7033333328125
1 0.769140625 0.06319444375 0.769140625 0.0026388890625 0.614296875 0.0026388890625 0.614296875 0.06319444375 0.769140625 0.06319444375
1 0.76640625 0.11902777812500001 0.76640625 0.00555555625 0.587265625 0.00555555625 0.587265625 0.11902777812500001 0.76640625 0.11902777812500001
1 0.65546875 0.24416666718750002 0.65546875 0.170972221875 0.5634375 0.170972221875 0.5634375 0.24416666718750002 0.65546875 0.24416666718750002
1 0.626171875 0.3154166671875 0.626171875 0.25 0.55640625 0.25 0.55640625 0.3154166671875 0.626171875 0.3154166671875
1 0.56828125 0.288472221875 0.56828125 0.250972221875 0.51359375 0.250972221875 0.51359375 0.288472221875 0.56828125 0.288472221875
1 0.566640625 0.3125 0.566640625 0.288472221875 0.51359375 0.288472221875 0.51359375 0.3125 0.566640625 0.3125
1 0.58671875 0.3923611109375 0.58671875 0.363472221875 0.52390625 0.363472221875 0.52390625 0.3923611109375 0.58671875 0.3923611109375
1 0.550390625 0.0036111109374999998 0.550390625 0.0670833328125 0.60890625 0.0670833328125 0.60890625 0.0036111109374999998 0.550390625 0.0036111109374999998