1 0.5715625 0.54075 0.5715625 0.397375 0.1784375 0.397375 0.1784375 0.54075 0.5715625 0.54075
1 0.6159375 0.538125 0.6159375 0.429 0.53703125 0.429 0.53703125 0.538125 0.6159375 0.538125
1 0.616796875 0.48287500000000005 0.616796875 0.542125 0.661171875 0.542125 0.661171875 0.48287500000000005 0.616796875 0.48287500000000005
1 0.6849999999999999 0.43550000000000005 0.6849999999999999 0.336875 0.55671875 0.336875 0.55671875 0.43550000000000005 0.6849999999999999 0.43550000000000005
1 0.6809375 0.38687499999999997 0.6809375 0.43949999999999995 0.7056250000000001 0.43949999999999995 0.7056250000000001 0.38687499999999997 0.6809375 0.38687499999999997
1 0.66609375 0.9223750000000001 0.66609375 0.78425 0.523046875 0.78425 0.523046875 0.9223750000000001 0.66609375 0.9223750000000001
1 0.548359375 0.9963749999999999 0.548359375 0.8936249999999999 0.254765625 0.8936249999999999 0.254765625 0.9963749999999999 0.548359375 0.9963749999999999
1 0.6939062500000001 0.8186249999999999 0.6939062500000001 0.751625 0.6544531250000001 0.751625 0.6544531250000001 0.8186249999999999 0.6939062500000001 0.8186249999999999
1 0.723515625 0.7555 0.723515625 0.7186250000000001 0.70375 0.7186250000000001 0.70375 0.7555 0.723515625 0.7555
1 0.7465625 0.7278749999999999 0.7465625 0.677875 0.7251562500000001 0.677875 0.7251562500000001 0.7278749999999999 0.7465625 0.7278749999999999
1 0.206875 0.014624999999999999 0.206875 0.137875 0.56453125 0.137875 0.56453125 0.014624999999999999 0.206875 0.014624999999999999
1 0.0008593750000000001 0.007124999999999999 0.0008593750000000001 0.082875 0.154765625 0.082875 0.154765625 0.007124999999999999 0.0008593750000000001 0.007124999999999999
1 0.301640625 0.05450000000000001 0.301640625 0.196625 0.6153906250000001 0.196625 0.6153906250000001 0.05450000000000001 0.301640625 0.05450000000000001
1 0.42242187500000006 0.11325 0.42242187500000006 0.24775 0.6509375000000001 0.24775 0.6509375000000001 0.11325 0.42242187500000006 0.11325
1 0.559765625 0.05825 0.559765625 0.173875 0.682890625 0.173875 0.682890625 0.05825 0.559765625 0.05825
1 0.6734375 0.14925 0.6734375 0.213625 0.701875 0.213625 0.701875 0.14925 0.6734375 0.14925
1 0.6995312499999999 0.196625 0.6995312499999999 0.259125 0.7208593750000001 0.259125 0.7208593750000001 0.196625 0.6995312499999999 0.196625
1 0.44375 0.20224999999999999 0.44375 0.3065 0.692421875 0.3065 0.692421875 0.20224999999999999 0.44375 0.20224999999999999
1 0.6995312499999999 0.29512499999999997 0.6995312499999999 0.363375 0.729140625 0.363375 0.729140625 0.29512499999999997 0.6995312499999999 0.29512499999999997
1 0.675859375 0.276125 0.675859375 0.334875 0.6971093749999999 0.334875 0.6971093749999999 0.276125 0.675859375 0.276125
1 0.565703125 0.009 0.565703125 0.075375 0.669921875 0.075375 0.669921875 0.009 0.565703125 0.009
1 0.663984375 0.046875 0.663984375 0.12462500000000001 0.6971093749999999 0.12462500000000001 0.6971093749999999 0.046875 0.663984375 0.046875
1 0.686484375 0.115125 0.686484375 0.16625 0.7184375000000001 0.16625 0.7184375000000001 0.115125 0.686484375 0.115125
1 0.726197915625 0.413802084375 0.72642578125 0.41637500000000005 0.7238802093750001 0.418854165625 0.722138671875 0.41637500000000005 0.700703125 0.41637500000000005 0.700703125 0.46275000000000005 0.703020834375 0.46432291562500005 0.700703125 0.469375 0.735 0.469375 0.735 0.41637500000000005 0.730712890625 0.41637500000000005 0.730833334375 0.403697915625 0.754010415625 0.353177084375 0.752387153125 0.348125 0.756328125 0.348125 0.756328125 0.28375 0.7208593750000001 0.28375 0.7208593750000001 0.348125 0.7287413203125 0.348125 0.728515625 0.40875000000000006 0.726197915625 0.413802084375
1 0.735 0.43150000000000005 0.735 0.492125 0.753984375 0.492125 0.753984375 0.43150000000000005 0.735 0.43150000000000005