1 0.95546875 0.14010416718750002 0.95546875 0.04625 0.37625000000000003 0.04625 0.37625000000000003 0.14010416718750002 0.95546875 0.14010416718750002
1 0.95546875 0.2558333328125 0.95546875 0.1320833328125 0.38671875 0.1320833328125 0.38671875 0.2558333328125 0.95546875 0.2558333328125
1 0.9884375000000001 0.38947916718750003 0.9884375000000001 0.2338541671875 0.440625 0.2338541671875 0.440625 0.38947916718750003 0.9884375000000001 0.38947916718750003
1 0.9779687499999999 0.51125 0.9779687499999999 0.3495833328125 0.42265625 0.3495833328125 0.42265625 0.51125 0.9779687499999999 0.51125
1 0.979453125 0.6529166671875 0.979453125 0.5092708328125 0.43765625 0.5092708328125 0.43765625 0.6529166671875 0.979453125 0.6529166671875
1 0.9839062500000001 0.7926041671874999 0.9839062500000001 0.6330208328125 0.43460937499999996 0.6330208328125 0.43460937499999996 0.7926041671874999 0.9839062500000001 0.7926041671874999
1 0.9884375000000001 0.9023958328124999 0.9884375000000001 0.780625 0.39875 0.780625 0.39875 0.9023958328124999 0.9884375000000001 0.9023958328124999
1 0.997421875 0.9961458328124999 0.997421875 0.8984375 0.40617187499999996 0.8984375 0.40617187499999996 0.9961458328124999 0.997421875 0.9961458328124999
1 0.33140625 0.9902083328125 0.33140625 0.7966666671875 0.009609375 0.7966666671875 0.009609375 0.9902083328125 0.33140625 0.9902083328125
1 0.343359375 0.9023958328124999 0.343359375 0.6788541671874999 0.0035937499999999997 0.6788541671874999 0.0035937499999999997 0.9023958328124999 0.343359375 0.9023958328124999
1 0.002109375 0.605 0.002109375 0.7926041671874999 0.349296875 0.7926041671874999 0.349296875 0.605 0.002109375 0.605
1 0.34187500000000004 0.6589583328125 0.34187500000000004 0.52125 0.008125 0.52125 0.008125 0.6589583328125 0.34187500000000004 0.6589583328125
1 0.005078125 0.3715625 0.005078125 0.5511458328125001 0.311953125 0.5511458328125001 0.311953125 0.3715625 0.005078125 0.3715625
1 0.009609375 0.2678125 0.009609375 0.43937499999999996 0.334375 0.43937499999999996 0.334375 0.2678125 0.009609375 0.2678125
1 0.320859375 0.3177083328125 0.320859375 0.128125 0.0035937499999999997 0.128125 0.0035937499999999997 0.3177083328125 0.320859375 0.3177083328125
1 0.0035937499999999997 0.010416667187500001 0.0035937499999999997 0.2139583328125 0.332890625 0.2139583328125 0.332890625 0.010416667187500001 0.0035937499999999997 0.010416667187500001