1 0.7112499999999999 0.7424999999999999 0.7112499999999999 0.678796296875 0.5701562499999999 0.678796296875 0.5701562499999999 0.7424999999999999 0.7112499999999999 0.7424999999999999
1 0.79234375 0.7411111109374999 0.79234375 0.66351851875 0.6816145828125 0.66351851875 0.6816145828125 0.7411111109374999 0.79234375 0.7411111109374999
1 0.9069270828124999 0.7175925921874999 0.9069270828124999 0.6579629625 0.7946354171875 0.6579629625 0.7946354171875 0.7175925921874999 0.9069270828124999 0.7175925921874999
1 0.8203645828124999 0.242222221875 0.8203645828124999 0.10916666718750001 0.6726041671874999 0.10916666718750001 0.6726041671874999 0.242222221875 0.8203645828124999 0.242222221875
1 0.6660416671875 0.252222221875 0.6660416671875 0.12250000000000001 0.5771875 0.12250000000000001 0.5771875 0.252222221875 0.6660416671875 0.252222221875
1 0.7153125 0.088796296875 0.7153125 0.005 0.5765625 0.005 0.5765625 0.088796296875 0.7153125 0.088796296875
1 0.8931250000000001 0.043240740625 0.8931250000000001 0.005 0.7678645828125 0.005 0.7678645828125 0.043240740625 0.8931250000000001 0.043240740625
1 0.8405729171875 0.09361111093749999 0.8405729171875 0.04805555625 0.719375 0.04805555625 0.719375 0.09361111093749999 0.8405729171875 0.09361111093749999
1 0.8621354171875 0.1271296296875 0.8621354171875 0.0959259265625 0.719375 0.0959259265625 0.719375 0.1271296296875 0.8621354171875 0.1271296296875
1 0.9995312500000001 0.2061111109375 0.9995312500000001 0.167777778125 0.8971354171874999 0.167777778125 0.8971354171874999 0.2061111109375 0.9995312500000001 0.2061111109375
1 0.9995312500000001 0.23722222187500003 0.9995312500000001 0.1941666671875 0.8877083328125 0.1941666671875 0.8877083328125 0.23722222187500003 0.9995312500000001 0.23722222187500003
1 0.51359375 0.47592592656250005 0.51359375 0.40944444375 0.44343750000000004 0.40944444375 0.44343750000000004 0.47592592656250005 0.51359375 0.47592592656250005
1 0.50609375 0.3495370375 0.50609375 0.321296296875 0.45187499999999997 0.321296296875 0.45187499999999997 0.3495370375 0.50609375 0.3495370375
1 0.1824479171875 0.750277778125 0.1824479171875 0.7087037031250001 0.08328125 0.7087037031250001 0.08328125 0.750277778125 0.1824479171875 0.750277778125
1 0.1936979171875 0.7220370375 0.1936979171875 0.668796296875 0.1309895828125 0.668796296875 0.1309895828125 0.7220370375 0.1936979171875 0.7220370375
1 0.11041666718750001 0.8218518515625 0.11041666718750001 0.7253703703125 0.0103645828125 0.7253703703125 0.0103645828125 0.8218518515625 0.11041666718750001 0.8218518515625
1 0.1226041671875 0.9199074078124999 0.1226041671875 0.7819444437499999 0.025312499999999998 0.7819444437499999 0.025312499999999998 0.9199074078124999 0.1226041671875 0.9199074078124999
1 0.0421354171875 0.928240740625 0.0421354171875 0.8168518515625 0.0028645828125 0.8168518515625 0.0028645828125 0.928240740625 0.0421354171875 0.928240740625
1 0.0702083328125 0.99805555625 0.0702083328125 0.9165740734375 0.0066145828125 0.9165740734375 0.0066145828125 0.99805555625 0.0702083328125 0.99805555625
1 0.28161458281249996 0.31416666718749997 0.28161458281249996 0.29407407343749997 0.2572395828125 0.29407407343749997 0.2572395828125 0.31416666718749997 0.28161458281249996 0.31416666718749997
1 0.30416666718749996 0.315 0.30416666718749996 0.303703703125 0.2833854171875 0.303703703125 0.2833854171875 0.315 0.30416666718749996 0.315
1 0.32760416718749996 0.315 0.32760416718749996 0.2988888890625 0.30593750000000003 0.2988888890625 0.30593750000000003 0.315 0.32760416718749996 0.315
1 0.3565104171875 0.307777778125 0.3565104171875 0.29407407343749997 0.3294270828125 0.29407407343749997 0.3294270828125 0.307777778125 0.3565104171875 0.307777778125
1 0.378125 0.303703703125 0.378125 0.29333333281249996 0.3546875 0.29333333281249996 0.3546875 0.303703703125 0.378125 0.303703703125
1 0.33125 0.2508333328125 0.33125 0.27805555625 0.3758854171875 0.27805555625 0.3758854171875 0.253240740625 0.3560416671875 0.253240740625 0.3560416671875 0.2508333328125 0.33125 0.2508333328125
1 0.3565104171875 0.4063888890625 0.3565104171875 0.3895370375 0.334375 0.3895370375 0.334375 0.4063888890625 0.3565104171875 0.4063888890625
1 0.378125 0.40398148125000005 0.378125 0.38712962968750003 0.35515625 0.38712962968750003 0.35515625 0.40398148125000005 0.378125 0.40398148125000005
1 0.35828125 0.439259259375 0.35828125 0.4240740734375 0.3330208328125 0.4240740734375 0.3330208328125 0.439259259375 0.35828125 0.439259259375
1 0.35828125 0.47055555625 0.35828125 0.4545370375 0.33166666718750004 0.4545370375 0.33166666718750004 0.47055555625 0.35828125 0.47055555625
1 0.35875 0.5114814812499999 0.35875 0.48333333281249996 0.3361979171875 0.48333333281249996 0.3361979171875 0.5114814812499999 0.35875 0.5114814812499999
1 0.3515104171875 0.5916666671875 0.3515104171875 0.5619444437500001 0.306875 0.5619444437500001 0.306875 0.5916666671875 0.3515104171875 0.5916666671875
1 0.3163541671875 0.5796296296875 0.3163541671875 0.5531481484375 0.2653645828125 0.5531481484375 0.2653645828125 0.5796296296875 0.3163541671875 0.5796296296875
1 0.25859375 0.47453703750000004 0.25859375 0.4528703703125 0.2319791671875 0.4528703703125 0.2319791671875 0.47453703750000004 0.25859375 0.47453703750000004
1 0.2811458328125 0.4673148140625 0.2811458328125 0.4576851859375 0.2604166671875 0.4576851859375 0.2604166671875 0.4673148140625 0.2811458328125 0.4673148140625
1 0.3055208328125 0.4673148140625 0.3055208328125 0.4545370375 0.28203125 0.4545370375 0.28203125 0.4673148140625 0.3055208328125 0.4673148140625
1 0.3258333328125 0.4641666671875 0.3258333328125 0.451296296875 0.30593750000000003 0.451296296875 0.30593750000000003 0.4641666671875 0.3258333328125 0.4641666671875
1 0.2806770828125 0.5106481484375001 0.2806770828125 0.493796296875 0.25906250000000003 0.493796296875 0.25906250000000003 0.5106481484375001 0.2806770828125 0.5106481484375001
1 0.25947916718749997 0.5114814812499999 0.25947916718749997 0.48981481406249994 0.2373958328125 0.48981481406249994 0.2373958328125 0.5114814812499999 0.25947916718749997 0.5114814812499999
1 0.2802604171875 0.35583333281249996 0.2802604171875 0.3398148140625 0.255 0.3398148140625 0.255 0.35583333281249996 0.2802604171875 0.35583333281249996
1 0.30416666718749996 0.3566666671875 0.30416666718749996 0.33898148125 0.2797916671875 0.33898148125 0.2797916671875 0.3566666671875 0.30416666718749996 0.3566666671875
1 0.33125 0.3550925921875 0.33125 0.3293518515625 0.30822916718750004 0.3293518515625 0.30822916718750004 0.3550925921875 0.33125 0.3550925921875
1 0.3569270828125 0.33898148125 0.3569270828125 0.31898148125 0.33125 0.31898148125 0.33125 0.33898148125 0.3569270828125 0.33898148125
1 0.3758854171875 0.342222221875 0.3758854171875 0.3198148140625 0.3578645828125 0.3198148140625 0.3578645828125 0.342222221875 0.3758854171875 0.342222221875
1 0.3528645828125 0.3775 0.3528645828125 0.35583333281249996 0.33484375 0.35583333281249996 0.33484375 0.3775 0.3528645828125 0.3775
1 0.33125 0.396759259375 0.33125 0.38074074062499996 0.30593750000000003 0.38074074062499996 0.30593750000000003 0.396759259375 0.33125 0.396759259375
1 0.3072916671875 0.396759259375 0.3072916671875 0.3743518515625 0.2843229171875 0.3743518515625 0.2843229171875 0.396759259375 0.3072916671875 0.396759259375
1 0.28609375 0.3943518515625 0.28609375 0.3711111109375 0.2572395828125 0.3711111109375 0.2572395828125 0.3943518515625 0.28609375 0.3943518515625
1 0.28609375 0.43203703750000005 0.28609375 0.412777778125 0.2577083328125 0.412777778125 0.2577083328125 0.43203703750000005 0.28609375 0.43203703750000005
1 0.3077604171875 0.428796296875 0.3077604171875 0.4136111109375 0.28203125 0.4136111109375 0.28203125 0.428796296875 0.3077604171875 0.428796296875
1 0.33390624999999996 0.428796296875 0.33390624999999996 0.41601851874999995 0.30234375 0.41601851874999995 0.30234375 0.428796296875 0.33390624999999996 0.428796296875
1 0.25906250000000003 0.43444444375 0.25906250000000003 0.41203703750000004 0.2243229171875 0.41203703750000004 0.2243229171875 0.43444444375 0.25906250000000003 0.43444444375
1 0.2283854171875 0.4384259265625 0.2283854171875 0.41203703750000004 0.20760416718750002 0.41203703750000004 0.20760416718750002 0.4384259265625 0.2283854171875 0.4384259265625
1 0.2085416671875 0.43601851875 0.2085416671875 0.41601851874999995 0.1728645828125 0.41601851874999995 0.1728645828125 0.43601851875 0.2085416671875 0.43601851875
1 0.20489583281249998 0.47379629687499997 0.20489583281249998 0.4545370375 0.1805729171875 0.4545370375 0.1805729171875 0.47379629687499997 0.20489583281249998 0.47379629687499997
1 0.2328645828125 0.4681481484375 0.2328645828125 0.45370370312499997 0.2040104171875 0.45370370312499997 0.2040104171875 0.4681481484375 0.2328645828125 0.4681481484375
1 0.2319791671875 0.5090740734375 0.2319791671875 0.49296296249999993 0.20671875 0.49296296249999993 0.20671875 0.5090740734375 0.2319791671875 0.5090740734375
1 0.23333333281250002 0.536296296875 0.23333333281250002 0.5250925921875 0.2180208328125 0.5250925921875 0.2180208328125 0.536296296875 0.23333333281250002 0.536296296875
1 0.2572395828125 0.5314814812499999 0.2572395828125 0.5226851859375 0.2319791671875 0.5226851859375 0.2319791671875 0.5314814812499999 0.2572395828125 0.5314814812499999
1 0.2599479171875 0.566759259375 0.2599479171875 0.5443518515625 0.2346875 0.5443518515625 0.2346875 0.566759259375 0.2599479171875 0.566759259375
1 0.2279166671875 0.2756481484375 0.2279166671875 0.2556481484375 0.2040104171875 0.2556481484375 0.2040104171875 0.2756481484375 0.2279166671875 0.2756481484375
1 0.2518229171875 0.2788888890625 0.2518229171875 0.257222221875 0.2274479171875 0.257222221875 0.2274479171875 0.2788888890625 0.2518229171875 0.2788888890625
0 0.34489583281249997 0.326759259375 0.34489583281249997 0.6496296296875 0.4516666671875 0.6496296296875 0.4516666671875 0.326759259375 0.34489583281249997 0.326759259375