0 0.49453125 0.5734259265625 0.49453125 0.4251851859375 0.45088541718749997 0.4251851859375 0.45088541718749997 0.5734259265625 0.49453125 0.5734259265625
1 0.6668229171875 0.7993518515625 0.6668229171875 0.69398148125 0.6208333328125 0.69398148125 0.6208333328125 0.7993518515625 0.6668229171875 0.7993518515625
1 0.7236979171875 0.8616666671875001 0.7236979171875 0.7411111109374999 0.6558854171874999 0.7411111109374999 0.6558854171874999 0.8616666671875001 0.7236979171875 0.8616666671875001
1 0.9930208328125 0.9941666671875 0.9930208328125 0.806296296875 0.7260416671875001 0.806296296875 0.7260416671875001 0.9941666671875 0.9930208328125 0.9941666671875
1 0.8482291671875 0.0063888890625 0.8482291671875 0.2079629625 0.9986458328125 0.2079629625 0.9986458328125 0.0063888890625 0.8482291671875 0.0063888890625
1 0.8159375000000001 0.21925925937500002 0.8159375000000001 0.09805555625 0.6769270828125 0.09805555625 0.6769270828125 0.21925925937500002 0.8159375000000001 0.21925925937500002
1 0.7055208328125 0.2654629625 0.7055208328125 0.20657407343749998 0.6535416671875 0.20657407343749998 0.6535416671875 0.2654629625 0.7055208328125 0.2654629625
1 0.6535416671875 0.2943518515625 0.6535416671875 0.23546296249999998 0.6314583328125 0.23546296249999998 0.6314583328125 0.2943518515625 0.6535416671875 0.2943518515625
1 0.6529166671875 0.24472222187499998 0.6529166671875 0.1753703703125 0.5353125000000001 0.1753703703125 0.5353125000000001 0.24472222187499998 0.6529166671875 0.24472222187499998
1 0.6438020828125001 0.27351851875 0.6438020828125001 0.21694444375000002 0.5216666671875 0.21694444375000002 0.5216666671875 0.27351851875 0.6438020828125001 0.27351851875
1 0.7259375 0.042129629687499996 0.7259375 0.0061111109375 0.65109375 0.0061111109375 0.65109375 0.042129629687499996 0.7259375 0.042129629687499996
1 0.73140625 0.10305555625 0.73140625 0.042129629687499996 0.6292708328125001 0.042129629687499996 0.6292708328125001 0.10305555625 0.73140625 0.10305555625
1 0.0053645828125 0.017499999999999998 0.0053645828125 0.1438888890625 0.1147916671875 0.1438888890625 0.1147916671875 0.017499999999999998 0.0053645828125 0.017499999999999998
1 0.0025520828125 0.0058333328125 0.0025520828125 0.0440740734375 0.0408854171875 0.0440740734375 0.0408854171875 0.0058333328125 0.0025520828125 0.0058333328125
1 0.10635416718749999 0.1006481484375 0.10635416718749999 0.21203703749999997 0.16343749999999999 0.21203703749999997 0.16343749999999999 0.1006481484375 0.10635416718749999 0.1006481484375
1 0.0614583328125 0.0058333328125 0.0614583328125 0.060740740625 0.17093750000000002 0.060740740625 0.17093750000000002 0.0058333328125 0.0614583328125 0.0058333328125
1 0.1989583328125 0.23037037031250002 0.1989583328125 0.13388888906250002 0.1503645828125 0.13388888906250002 0.1503645828125 0.23037037031250002 0.1989583328125 0.23037037031250002
1 0.1943229171875 0.1804629625 0.1943229171875 0.255277778125 0.22984374999999999 0.255277778125 0.22984374999999999 0.1804629625 0.1943229171875 0.1804629625
1 0.23265625 0.2103703703125 0.23265625 0.2851851859375 0.2597916671875 0.2851851859375 0.2597916671875 0.2103703703125 0.23265625 0.2103703703125
1 0.24484374999999997 0.25027777812499996 0.24484374999999997 0.3101851859375 0.27567708281250003 0.3101851859375 0.27567708281250003 0.25027777812499996 0.24484374999999997 0.25027777812499996
1 0.2719270828125 0.2736111109375 0.2719270828125 0.3234259265625 0.2934375 0.3234259265625 0.2934375 0.2736111109375 0.2719270828125 0.2736111109375
1 0.43 0.590277778125 0.43 0.5623148140625001 0.39640624999999996 0.5623148140625001 0.39640624999999996 0.590277778125 0.43 0.590277778125
1 0.39968750000000003 0.589259259375 0.39968750000000003 0.5681481484375001 0.3622916671875 0.5681481484375001 0.3622916671875 0.589259259375 0.39968750000000003 0.589259259375
1 0.166875 0.8875 0.166875 0.7798148140625 0.09953125 0.7798148140625 0.09953125 0.8875 0.166875 0.8875
1 0.10848958281250001 0.9713888890625 0.10848958281250001 0.801759259375 0.0186979171875 0.801759259375 0.0186979171875 0.9713888890625 0.10848958281250001 0.9713888890625
1 0.027708332812499997 0.9713888890625 0.027708332812499997 0.8915740734375 0.0007291671875 0.8915740734375 0.0007291671875 0.9713888890625 0.027708332812499997 0.9713888890625
1 0.00296875 0.31083333281250003 0.00296875 0.3886111109375 0.0411458328125 0.3886111109375 0.0411458328125 0.31083333281250003 0.00296875 0.31083333281250003
1 0.1163541671875 0.42851851874999997 0.1163541671875 0.328796296875 0.027708332812499997 0.328796296875 0.027708332812499997 0.42851851874999997 0.1163541671875 0.42851851874999997
1 0.1029166671875 0.3526851859375 0.1029166671875 0.4365740734375 0.166875 0.4365740734375 0.166875 0.3526851859375 0.1029166671875 0.3526851859375
1 0.2117708328125 0.45851851874999994 0.2117708328125 0.3886111109375 0.16125 0.3886111109375 0.16125 0.45851851874999994 0.2117708328125 0.45851851874999994
1 0.20505208281249998 0.4046296296875 0.20505208281249998 0.46444444375 0.2409895828125 0.46444444375 0.2409895828125 0.4046296296875 0.20505208281249998 0.4046296296875
1 0.23421875 0.4086111109375 0.23421875 0.46444444375 0.2679166671875 0.46444444375 0.2679166671875 0.4086111109375 0.23421875 0.4086111109375
1 0.1922916671875 0.8362962968750001 0.1922916671875 0.7450925921875 0.1591666671875 0.7450925921875 0.1591666671875 0.8362962968750001 0.1922916671875 0.8362962968750001
1 0.1838020828125 0.7231481484375 0.1838020828125 0.7704629625 0.22541666718750003 0.7704629625 0.22541666718750003 0.7231481484375 0.1838020828125 0.7231481484375
1 0.21828124999999998 0.6873148140625001 0.21828124999999998 0.7381481484375 0.2578645828125 0.7381481484375 0.2578645828125 0.6873148140625001 0.21828124999999998 0.6873148140625001
1 0.27609374999999997 0.7138888890625 0.27609374999999997 0.668796296875 0.2475 0.668796296875 0.2475 0.7138888890625 0.27609374999999997 0.7138888890625
1 0.26828124999999997 0.4378703703125 0.26828124999999997 0.4725 0.29359375 0.4725 0.29359375 0.4378703703125 0.26828124999999997 0.4378703703125
1 0.2916666671875 0.44129629687499994 0.2916666671875 0.47592592656250005 0.31437499999999996 0.47592592656250005 0.31437499999999996 0.44129629687499994 0.2916666671875 0.44129629687499994
1 0.13619791718750002 0.031296296875000004 0.13619791718750002 0.1051851859375 0.2552083328125 0.1051851859375 0.2552083328125 0.031296296875000004 0.13619791718750002 0.031296296875000004
1 0.14296875 0.0013888890625 0.14296875 0.0473148140625 0.2305208328125 0.0473148140625 0.2305208328125 0.0013888890625 0.14296875 0.0013888890625
1 0.6238020828125 0.748703703125 0.6238020828125 0.6531481484375 0.5918229171875 0.6531481484375 0.5918229171875 0.748703703125 0.6238020828125 0.748703703125
1 0.5962500000000001 0.705740740625 0.5962500000000001 0.6375925921875 0.5696354171875 0.6375925921875 0.5696354171875 0.705740740625 0.5962500000000001 0.705740740625
1 0.5701041671875 0.6768518515624999 0.5701041671875 0.6336111109375 0.5502604171875001 0.6336111109375 0.5502604171875001 0.6768518515624999 0.5701041671875 0.6768518515624999
1 0.56015625 0.6600925921874999 0.56015625 0.6079629625 0.5434895828124999 0.6079629625 0.5434895828124999 0.6600925921874999 0.56015625 0.6600925921874999
1 0.5475520828125 0.6424074078124999 0.5475520828125 0.604722221875 0.5267708328125 0.604722221875 0.5267708328125 0.6424074078124999 0.5475520828125 0.6424074078124999
1 0.66203125 0.46055555625 0.66203125 0.39898148125 0.5391145828125 0.39898148125 0.5391145828125 0.46055555625 0.66203125 0.46055555625