1 0.947890625 0.5995833328125 0.947890625 0.5123958328125 0.74328125 0.5123958328125 0.74328125 0.5995833328125 0.947890625 0.5995833328125
1 0.99765625 0.5995833328125 0.99765625 0.5067708328125 0.9421875 0.5067708328125 0.9421875 0.5995833328125 0.99765625 0.5995833328125
1 0.9990625 0.31916666718750003 0.9990625 0.13343750000000001 0.793046875 0.13343750000000001 0.793046875 0.31916666718750003 0.9990625 0.31916666718750003
1 0.84984375 0.4025 0.84984375 0.2073958328125 0.349609375 0.2073958328125 0.349609375 0.4025 0.84984375 0.4025
1 0.6353125000000001 0.4253125 0.6353125000000001 0.3096875 0.223203125 0.3096875 0.223203125 0.4253125 0.6353125000000001 0.4253125
1 0.409296875 0.47072916718749996 0.409296875 0.3873958328125 0.092421875 0.3873958328125 0.092421875 0.47072916718749996 0.409296875 0.47072916718749996
1 0.29281250000000003 0.5010416671875 0.29281250000000003 0.4233333328125 0.05265625 0.4233333328125 0.05265625 0.5010416671875 0.29281250000000003 0.5010416671875
1 0.223203125 0.5181250000000001 0.223203125 0.45562500000000006 0.014296875 0.45562500000000006 0.014296875 0.5181250000000001 0.223203125 0.5181250000000001
1 0.238828125 0.28125 0.238828125 0.1940625 0.002890625 0.1940625 0.002890625 0.28125 0.238828125 0.28125
1 0.316953125 0.2338541671875 0.316953125 0.1051041671875 0.049765625 0.1051041671875 0.049765625 0.2338541671875 0.316953125 0.2338541671875
1 0.002890625 0.0008333328124999999 0.002890625 0.09177083281250001 0.13078125000000002 0.09177083281250001 0.13078125000000002 0.0008333328124999999 0.002890625 0.0008333328124999999
1 0.392265625 0.044375 0.392265625 0.0008333328124999999 0.288515625 0.0008333328124999999 0.288515625 0.044375 0.392265625 0.044375
1 0.747578125 0.6241666671874999 0.747578125 0.5237499999999999 0.589765625 0.5237499999999999 0.589765625 0.6241666671874999 0.747578125 0.6241666671874999
1 0.5940624999999999 0.6128125 0.5940624999999999 0.5181250000000001 0.47609375 0.5181250000000001 0.47609375 0.6128125 0.5940624999999999 0.6128125
1 0.481796875 0.6146874999999999 0.481796875 0.5408333328125 0.390859375 0.5408333328125 0.390859375 0.6146874999999999 0.481796875 0.6146874999999999
1 0.22742187500000002 0.5673958328125 0.22742187500000002 0.6146874999999999 0.285703125 0.6146874999999999 0.285703125 0.5884143515625 0.29140625 0.5908541671875 0.29140625 0.6128125 0.348203125 0.6128125 0.348203125 0.5579166671875 0.29140625 0.5579166671875 0.29140625 0.56340625 0.2885546875 0.5626562500000001 0.285703125 0.5673958328125 0.22742187500000002 0.5673958328125
1 0.2303125 0.6298958328125 0.2303125 0.5635416671875 0.169140625 0.5635416671875 0.169140625 0.6298958328125 0.2303125 0.6298958328125
1 0.08249999999999999 0.7814583328125 0.08249999999999999 0.7265625 0.0071874999999999994 0.7265625 0.0071874999999999994 0.7814583328125 0.08249999999999999 0.7814583328125
1 0.15640625 0.8269791671875 0.15640625 0.7492708328125001 0.028515625 0.7492708328125001 0.028515625 0.8269791671875 0.15640625 0.8269791671875
1 0.13218749999999999 0.8496874999999999 0.13218749999999999 0.7682291671875 0.08249999999999999 0.7682291671875 0.08249999999999999 0.8496874999999999 0.13218749999999999 0.8496874999999999
1 0.2515625 0.8705208328125 0.2515625 0.75875 0.12515625 0.75875 0.12515625 0.8705208328125 0.2515625 0.8705208328125
1 0.23312499999999997 0.8989583328125 0.23312499999999997 0.819375 0.129375 0.819375 0.129375 0.8989583328125 0.23312499999999997 0.8989583328125
1 0.390859375 0.9595833328125 0.390859375 0.8402083328125001 0.208984375 0.8402083328125001 0.208984375 0.9595833328125 0.390859375 0.9595833328125
1 0.5528906250000001 0.9936458328125 0.5528906250000001 0.9027083328125001 0.328359375 0.9027083328125001 0.328359375 0.9936458328125 0.5528906250000001 0.9936458328125