1 0.08890624999999999 0.11474999999999999 0.08890624999999999 0.42300000000000004 0.546484375 0.42300000000000004 0.546484375 0.11474999999999999 0.08890624999999999 0.11474999999999999
1 0.0013281249999999999 0.006125 0.0013281249999999999 0.21275 0.11515625 0.21275 0.11515625 0.006125 0.0013281249999999999 0.006125
1 0.52453125 0.335375 0.52453125 0.4545 0.739140625 0.4545 0.739140625 0.335375 0.52453125 0.335375
1 0.741328125 0.40199999999999997 0.741328125 0.4615 0.828828125 0.4615 0.828828125 0.40199999999999997 0.741328125 0.40199999999999997
1 0.824453125 0.43 0.824453125 0.48600000000000004 0.89453125 0.48600000000000004 0.89453125 0.43 0.824453125 0.43
1 0.9767187500000001 0.756625 0.9767187500000001 0.7055 0.90078125 0.7055 0.90078125 0.756625 0.9767187500000001 0.756625
1 0.998046875 0.717625 0.998046875 0.676375 0.95703125 0.676375 0.95703125 0.717625 0.998046875 0.717625
1 0.7471875 0.275 0.7471875 0.330875 0.89921875 0.330875 0.89921875 0.275 0.7471875 0.275
1 0.759375 0.199625 0.759375 0.292 0.8794531250000001 0.292 0.8794531250000001 0.199625 0.759375 0.199625
1 0.77609375 0.160625 0.77609375 0.2385 0.84296875 0.2385 0.84296875 0.160625 0.77609375 0.160625
1 0.724375 0.185 0.724375 0.270125 0.785234375 0.270125 0.785234375 0.185 0.724375 0.185
1 0.7578125 0.013875000000000002 0.7578125 0.11850000000000001 0.8900781249999999 0.11850000000000001 0.8900781249999999 0.013875000000000002 0.7578125 0.013875000000000002