1 0.5642968749999999 0.5709375 0.5642968749999999 0.3966666671875 0.09109375 0.3966666671875 0.09109375 0.5709375 0.5642968749999999 0.5709375
1 0.08828125 0.536875 0.08828125 0.4647916671875 0.024296875000000002 0.4647916671875 0.024296875000000002 0.536875 0.08828125 0.536875
1 0.470546875 0.19197916718750002 0.470546875 0.0043749999999999995 0.0896875 0.0043749999999999995 0.0896875 0.19197916718750002 0.470546875 0.19197916718750002
1 0.201953125 0.24125000000000002 0.201953125 0.1010416671875 0.039921875 0.1010416671875 0.039921875 0.24125000000000002 0.201953125 0.24125000000000002
1 0.9991406250000001 0.45541666718749996 0.9991406250000001 0.41937499999999994 0.91671875 0.41937499999999994 0.91671875 0.45541666718749996 0.9991406250000001 0.45541666718749996
1 0.8400000000000001 0.6278125 0.8400000000000001 0.5841666671875 0.7874218749999999 0.5841666671875 0.7874218749999999 0.6278125 0.8400000000000001 0.6278125
1 0.8896875 0.6278125 0.8896875 0.5804166671875 0.84140625 0.5804166671875 0.84140625 0.6278125 0.8896875 0.6278125
1 0.7803125 0.6259375 0.7803125 0.5861458328125 0.713515625 0.5861458328125 0.713515625 0.6259375 0.7803125 0.6259375
1 0.774609375 0.7641666671875 0.774609375 0.724375 0.7178125 0.724375 0.7178125 0.7641666671875 0.774609375 0.7641666671875
1 0.7803125 0.29812500000000003 0.7803125 0.2544791671875 0.695078125 0.2544791671875 0.695078125 0.29812500000000003 0.7803125 0.29812500000000003
1 0.776015625 0.33406250000000004 0.776015625 0.2923958328125 0.70640625 0.2923958328125 0.70640625 0.33406250000000004 0.776015625 0.33406250000000004
1 0.669453125 0.3303125 0.669453125 0.30375 0.609765625 0.30375 0.609765625 0.3303125 0.669453125 0.3303125
1 0.6637500000000001 0.3548958328125 0.6637500000000001 0.3303125 0.621171875 0.3303125 0.621171875 0.3548958328125 0.6637500000000001 0.3548958328125
1 0.8712500000000001 0.2923958328125 0.8712500000000001 0.2544791671875 0.788828125 0.2544791671875 0.788828125 0.2923958328125 0.8712500000000001 0.2923958328125
1 0.9778125 0.2544791671875 0.9778125 0.2090625 0.9224218750000001 0.2090625 0.9224218750000001 0.2544791671875 0.9778125 0.2544791671875
1 0.997734375 0.23562500000000003 0.997734375 0.19958333281250001 0.986328125 0.19958333281250001 0.986328125 0.23562500000000003 0.997734375 0.23562500000000003
1 0.997734375 0.1029166671875 0.997734375 0.0082291671875 0.912421875 0.0082291671875 0.912421875 0.1029166671875 0.997734375 0.1029166671875