1 0.9204687500000001 0.8708750000000001 0.9204687500000001 0.7457499999999999 0.8198437500000001 0.7457499999999999 0.8198437500000001 0.8708750000000001 0.9204687500000001 0.8708750000000001
1 0.9998437499999999 0.88975 0.9998437499999999 0.79125 0.916953125 0.79125 0.916953125 0.88975 0.9998437499999999 0.88975
1 0.8221875000000001 0.8083750000000001 0.8221875000000001 0.757125 0.7546875 0.757125 0.7546875 0.8083750000000001 0.8221875000000001 0.8083750000000001
1 0.760625 0.7893749999999999 0.760625 0.734375 0.69078125 0.734375 0.69078125 0.7893749999999999 0.760625 0.7893749999999999
1 0.644609375 0.749625 0.644609375 0.711625 0.607890625 0.711625 0.607890625 0.749625 0.644609375 0.749625
1 0.60546875 0.749625 0.60546875 0.689 0.571171875 0.689 0.571171875 0.749625 0.60546875 0.749625
1 0.5806250000000001 0.7382500000000001 0.5806250000000001 0.694625 0.5475 0.694625 0.5475 0.7382500000000001 0.5806250000000001 0.7382500000000001
1 0.553359375 0.734375 0.553359375 0.677625 0.5083593750000001 0.677625 0.5083593750000001 0.734375 0.553359375 0.734375
1 0.769609375 0.481 0.769609375 0.41262499999999996 0.61 0.41262499999999996 0.61 0.481 0.769609375 0.481
1 0.6157812500000001 0.49024999999999996 0.6157812500000001 0.442875 0.5853906249999999 0.442875 0.5853906249999999 0.49024999999999996 0.6157812500000001 0.49024999999999996
1 0.619921875 0.51 0.619921875 0.45862499999999995 0.558203125 0.45862499999999995 0.558203125 0.51 0.619921875 0.51
1 0.5565625 0.5165 0.5565625 0.47050000000000003 0.535234375 0.47050000000000003 0.535234375 0.5165 0.5565625 0.5165
1 0.961640625 0.43775000000000003 0.961640625 0.341125 0.7318749999999999 0.341125 0.7318749999999999 0.43775000000000003 0.961640625 0.43775000000000003
1 0.9237500000000001 0.140375 0.9237500000000001 0.020999999999999998 0.6951562499999999 0.020999999999999998 0.6951562499999999 0.140375 0.9237500000000001 0.140375
1 0.859765625 0.202875 0.859765625 0.11000000000000001 0.6442187500000001 0.11000000000000001 0.6442187500000001 0.202875 0.859765625 0.202875
1 0.773359375 0.2805 0.773359375 0.21037499999999998 0.60875 0.21037499999999998 0.60875 0.2805 0.773359375 0.2805
1 0.741328125 0.31275 0.741328125 0.246375 0.5803125 0.246375 0.5803125 0.31275 0.741328125 0.31275
1 0.7366406249999999 0.350625 0.7366406249999999 0.29 0.551875 0.29 0.551875 0.350625 0.7366406249999999 0.350625
1 0.556640625 0.362 0.556640625 0.3165 0.53171875 0.3165 0.53171875 0.362 0.556640625 0.362
1 0.5328906250000001 0.39237500000000003 0.5328906250000001 0.33925 0.5128125 0.33925 0.5128125 0.39237500000000003 0.5328906250000001 0.39237500000000003
1 0.7366406249999999 0.16499999999999998 0.7366406249999999 0.07025 0.56015625 0.07025 0.56015625 0.16499999999999998 0.7366406249999999 0.16499999999999998
1 0.7366406249999999 0.09675 0.7366406249999999 0.00575 0.585 0.00575 0.585 0.09675 0.7366406249999999 0.09675
1 0.708203125 0.21237499999999998 0.708203125 0.138375 0.52109375 0.138375 0.52109375 0.21237499999999998 0.708203125 0.21237499999999998
1 0.59921875 0.10625 0.59921875 0.05500000000000001 0.49976562500000005 0.05500000000000001 0.49976562500000005 0.10625 0.59921875 0.10625
1 0.221484375 0.373375 0.221484375 0.23125 0.004765625 0.23125 0.004765625 0.373375 0.221484375 0.373375
1 0.24874999999999997 0.432125 0.24874999999999997 0.324125 0.016640625 0.324125 0.016640625 0.432125 0.24874999999999997 0.432125
1 0.243984375 0.953125 0.243984375 0.8035 0.007109374999999999 0.8035 0.007109374999999999 0.953125 0.243984375 0.953125
1 0.272421875 0.8641249999999999 0.272421875 0.756125 0.1753125 0.756125 0.1753125 0.8641249999999999 0.272421875 0.8641249999999999
1 0.2925 0.72575 0.2925 0.687875 0.1409375 0.687875 0.1409375 0.72575 0.2925 0.72575
1 0.99640625 0.17075 0.99640625 0.04575 0.9487500000000001 0.04575 0.9487500000000001 0.17075 0.99640625 0.17075
1 0.99640625 0.264125 0.99640625 0.11287499999999999 0.8221093749999999 0.11287499999999999 0.8221093749999999 0.264125 0.99640625 0.264125
1 0.45484375000000005 0.005124999999999999 0.45484375000000005 0.051125 0.561796875 0.051125 0.561796875 0.005124999999999999 0.45484375000000005 0.005124999999999999