1 0.907578125 0.43531250000000005 0.907578125 0.20114583281249998 0.610859375 0.20114583281249998 0.610859375 0.43531250000000005 0.907578125 0.43531250000000005
1 0.9996875 0.4580208328125 0.9996875 0.27156250000000004 0.8615625 0.27156250000000004 0.8615625 0.4580208328125 0.9996875 0.4580208328125
1 0.784765625 0.4534375 0.784765625 0.30114583281249996 0.46765625 0.30114583281249996 0.46765625 0.4534375 0.784765625 0.4534375
1 0.36875 0.3488541671875 0.36875 0.5103125000000001 0.6825 0.5103125000000001 0.6825 0.3488541671875 0.36875 0.3488541671875
1 0.49664062500000006 0.50125 0.49664062500000006 0.3920833328125 0.25960937500000003 0.3920833328125 0.25960937500000003 0.50125 0.49664062500000006 0.50125
1 0.3209375 0.5171875 0.3209375 0.45125000000000004 0.177734375 0.45125000000000004 0.177734375 0.5171875 0.3209375 0.5171875
1 0.38234375 0.2534375 0.38234375 0.1419791671875 0.19140625 0.1419791671875 0.19140625 0.2534375 0.38234375 0.2534375
1 0.349921875 0.2852083328125 0.349921875 0.19885416718749999 0.138515625 0.19885416718749999 0.138515625 0.2852083328125 0.349921875 0.2852083328125
1 0.26640625 0.3352083328125 0.26640625 0.25114583281249997 0.116328125 0.25114583281249997 0.116328125 0.3352083328125 0.26640625 0.3352083328125
1 0.27664062500000003 0.3625 0.27664062500000003 0.2784375 0.09929687499999999 0.2784375 0.09929687499999999 0.3625 0.27664062500000003 0.3625
1 0.215234375 0.37385416718750003 0.215234375 0.3057291671875 0.082265625 0.3057291671875 0.082265625 0.37385416718750003 0.215234375 0.37385416718750003
1 0.26125 0.3920833328125 0.26125 0.3307291671875 0.04984375 0.3307291671875 0.04984375 0.3920833328125 0.26125 0.3920833328125
1 0.205 0.16468750000000001 0.205 0.0828125 0.082265625 0.0828125 0.082265625 0.16468750000000001 0.205 0.16468750000000001
1 0.6790625 0.9013541671875 0.6790625 0.7808333328125 0.373828125 0.7808333328125 0.373828125 0.9013541671875 0.6790625 0.9013541671875
1 0.8461718749999999 0.9695833328125 0.8461718749999999 0.8217708328125 0.46929687500000006 0.8217708328125 0.46929687500000006 0.9695833328125 0.8461718749999999 0.9695833328125
1 0.9535937499999999 0.9922916671875001 0.9535937499999999 0.871875 0.5682031249999999 0.871875 0.5682031249999999 0.9922916671875001 0.9535937499999999 0.9922916671875001
1 0.36875 0.8467708328124999 0.36875 0.7717708328125 0.26640625 0.7717708328125 0.26640625 0.8467708328124999 0.36875 0.8467708328124999
1 0.273203125 0.8263541671875 0.273203125 0.7558333328125 0.215234375 0.7558333328125 0.215234375 0.8263541671875 0.273203125 0.8263541671875
1 0.26296875000000003 0.7944791671875 0.26296875000000003 0.7421875 0.16578125 0.7421875 0.16578125 0.7944791671875 0.26296875000000003 0.7944791671875
1 0.18453124999999998 0.7717708328125 0.18453124999999998 0.7285416671875 0.13679687499999998 0.7285416671875 0.13679687499999998 0.7717708328125 0.18453124999999998 0.7717708328125
1 0.14359375000000002 0.7513541671875 0.14359375000000002 0.708125 0.08734375 0.708125 0.08734375 0.7513541671875 0.14359375000000002 0.7513541671875
1 0.102734375 0.7240624999999999 0.102734375 0.6785416671875 0.01234375 0.6785416671875 0.01234375 0.7240624999999999 0.102734375 0.7240624999999999