1 0.9977604171875001 0.4200925921875 0.9977604171875001 0.22916666718749998 0.8550520828125 0.22916666718749998 0.8550520828125 0.4200925921875 0.9977604171875001 0.4200925921875
1 0.8519791671875 0.463796296875 0.8519791671875 0.32462962968750003 0.7291666671875 0.32462962968750003 0.7291666671875 0.463796296875 0.8519791671875 0.463796296875
1 0.7414583328125001 0.474722221875 0.7414583328125001 0.37648148125 0.6846875 0.37648148125 0.6846875 0.474722221875 0.7414583328125001 0.474722221875
1 0.6933333328125 0.4865740734375 0.6933333328125 0.40888888906250004 0.64109375 0.40888888906250004 0.64109375 0.4865740734375 0.6933333328125 0.4865740734375
1 0.6421875 0.48546296250000004 0.6421875 0.4341666671875 0.6184895828125 0.4341666671875 0.6184895828125 0.48546296250000004 0.6421875 0.48546296250000004
1 0.6251562500000001 0.49592592656249995 0.6251562500000001 0.44333333281250004 0.59921875 0.44333333281250004 0.59921875 0.49592592656249995 0.6251562500000001 0.49592592656249995
1 0.6044270828125 0.49592592656249995 0.6044270828125 0.451203703125 0.5740624999999999 0.451203703125 0.5740624999999999 0.49592592656249995 0.6044270828125 0.49592592656249995
1 0.61234375 0.5824074078125 0.61234375 0.5570370375 0.5748958328125 0.5570370375 0.5748958328125 0.5824074078125 0.61234375 0.5824074078125
1 0.58828125 0.4946296296875 0.58828125 0.47453703750000004 0.5730729171875 0.47453703750000004 0.5730729171875 0.4946296296875 0.58828125 0.4946296296875
1 0.5858854171875 0.46342592656250003 0.5858854171875 0.43638888906249995 0.5721875 0.43638888906249995 0.5721875 0.46342592656250003 0.5858854171875 0.46342592656250003
1 0.5728125000000001 0.4248148140625 0.5728125000000001 0.443796296875 0.5870833328125 0.443796296875 0.5870833328125 0.4248148140625 0.5728125000000001 0.4248148140625
1 0.5728125000000001 0.4031481484375 0.5728125000000001 0.4248148140625 0.5846875 0.4248148140625 0.5846875 0.4031481484375 0.5728125000000001 0.4031481484375
1 0.5838020828125 0.4136111109375 0.5838020828125 0.3843518515625 0.5745312499999999 0.3843518515625 0.5745312499999999 0.4136111109375 0.5838020828125 0.4136111109375
1 0.5745312499999999 0.36611111093750004 0.5745312499999999 0.3925925921875 0.5827604171874999 0.3925925921875 0.5827604171874999 0.36611111093750004 0.5745312499999999 0.36611111093750004
1 0.5809895828125 0.3303703703125 0.5809895828125 0.3086111109375 0.5732291671875 0.3086111109375 0.5732291671875 0.3303703703125 0.5809895828125 0.3303703703125
1 0.5842708328125 0.3499074078125 0.5842708328125 0.3303703703125 0.5732291671875 0.3303703703125 0.5732291671875 0.3499074078125 0.5842708328125 0.3499074078125
1 0.5830729171875 0.36944444375 0.5830729171875 0.346759259375 0.5711458328125001 0.346759259375 0.5711458328125001 0.36944444375 0.5830729171875 0.36944444375
1 0.6719791671875 0.34629629687499996 0.6719791671875 0.2950925921875 0.5809895828125 0.2950925921875 0.5809895828125 0.34629629687499996 0.6719791671875 0.34629629687499996
1 0.67453125 0.3170370375 0.67453125 0.241203703125 0.5861458328125 0.241203703125 0.5861458328125 0.3170370375 0.67453125 0.3170370375
1 0.7236458328125 0.2859259265625 0.7236458328125 0.2109259265625 0.6015625 0.2109259265625 0.6015625 0.2859259265625 0.7236458328125 0.2859259265625
1 0.7707291671875 0.2549074078125 0.7707291671875 0.1586111109375 0.6357291671875 0.1586111109375 0.6357291671875 0.2549074078125 0.7707291671875 0.2549074078125
1 0.67125 0.052777778124999994 0.67125 0.19648148125 0.7902604171875 0.19648148125 0.7902604171875 0.052777778124999994 0.67125 0.052777778124999994
1 0.7338541671875001 0.0041666671875 0.7338541671875001 0.09287037031249999 0.9205729171874999 0.09287037031249999 0.9205729171874999 0.0041666671875 0.7338541671875001 0.0041666671875
1 0.6761458328125001 0.11944444375 0.6761458328125001 0.0024074078125 0.604375 0.0024074078125 0.604375 0.11944444375 0.6761458328125001 0.11944444375
1 0.6872395828125 0.16555555625 0.6872395828125 0.081296296875 0.5925 0.081296296875 0.5925 0.16555555625 0.6872395828125 0.16555555625
1 0.66578125 0.2024074078125 0.66578125 0.13 0.57625 0.13 0.57625 0.2024074078125 0.66578125 0.2024074078125
1 0.5769791671875 0.006296296875 0.5769791671875 0.0575925921875 0.6325000000000001 0.0575925921875 0.6325000000000001 0.006296296875 0.5769791671875 0.006296296875
1 0.8866666671875001 0.8133333328125 0.8866666671875001 0.6484259265625 0.74171875 0.6484259265625 0.74171875 0.8133333328125 0.8866666671875001 0.8133333328125
1 0.9985937500000001 0.8986111109375001 0.9985937500000001 0.6863888890625 0.8536458328125001 0.6863888890625 0.8536458328125001 0.8986111109375001 0.9985937500000001 0.8986111109375001
1 0.93140625 0.9951851859374999 0.93140625 0.8701851859374999 0.73 0.8701851859374999 0.73 0.9951851859374999 0.93140625 0.9951851859374999
1 0.75984375 0.9705555562500001 0.75984375 0.822777778125 0.6916145828125 0.822777778125 0.6916145828125 0.9705555562500001 0.75984375 0.9705555562500001
1 0.7140104171874999 0.8379629625 0.7140104171874999 0.7659259265625 0.67671875 0.7659259265625 0.67671875 0.8379629625 0.7140104171874999 0.8379629625
1 0.6894791671875 0.8360185187500001 0.6894791671875 0.73944444375 0.6159375 0.73944444375 0.6159375 0.8360185187500001 0.6894791671875 0.8360185187500001
1 0.7310416671875 0.68444444375 0.7310416671875 0.5973148140625 0.6511458328125 0.5973148140625 0.6511458328125 0.68444444375 0.7310416671875 0.68444444375
1 0.7726041671874999 0.7148148140624999 0.7726041671874999 0.5953703703125 0.67671875 0.5953703703125 0.67671875 0.7148148140624999 0.7726041671874999 0.7148148140624999
0 0.6490104171875 0.7811111109375 0.6490104171875 0.48175925937499997 0.5882291671875 0.48175925937499997 0.5882291671875 0.7811111109375 0.6490104171875 0.7811111109375
0 0.5957291671875 0.7224074078125 0.5957291671875 0.4798148140625 0.5701041671875 0.4798148140625 0.5701041671875 0.7224074078125 0.5957291671875 0.7224074078125
0 0.5776041671875001 0.671203703125 0.5776041671875001 0.45898148125000005 0.5477604171875 0.45898148125000005 0.5477604171875 0.671203703125 0.5776041671875001 0.671203703125
0 0.32828124999999997 0.6029629625 0.32828124999999997 0.429722221875 0.2438020828125 0.429722221875 0.2438020828125 0.6029629625 0.32828124999999997 0.6029629625