0 0.09375 0.1813541671875 0.09375 0.8327083328124999 0.542734375 0.8327083328124999 0.542734375 0.1813541671875 0.09375 0.1813541671875
1 0.130859375 0.7978125 0.130859375 0.7482291671875 0.08671875 0.7482291671875 0.08671875 0.7978125 0.130859375 0.7978125
1 0.06593750000000001 0.7401041671875 0.06593750000000001 0.7723958328125 0.09625 0.7723958328125 0.09625 0.7401041671875 0.06593750000000001 0.7401041671875
1 0.163828125 0.5126041671875 0.163828125 0.4548958328125 0.035625000000000004 0.4548958328125 0.035625000000000004 0.5126041671875 0.163828125 0.5126041671875
1 0.042578125 0.5241666671874999 0.042578125 0.4791666671875 0.000078125 0.4791666671875 0.000078125 0.5241666671874999 0.042578125 0.5241666671874999
1 0.18257812499999998 0.2948958328125 0.18257812499999998 0.2352083328125 0.043984375 0.2352083328125 0.043984375 0.2948958328125 0.18257812499999998 0.2948958328125
1 0.18546875000000002 0.31895833281249997 0.18546875000000002 0.2688541671875 0.025234374999999996 0.2688541671875 0.025234374999999996 0.31895833281249997 0.18546875000000002 0.31895833281249997
1 0.1284375 0.38145833281249997 0.1284375 0.3228125 0.00640625 0.3228125 0.00640625 0.38145833281249997 0.1284375 0.38145833281249997
1 0.17203125 0.13999999999999999 0.17203125 0.047604167187500004 0.033437499999999995 0.047604167187500004 0.033437499999999995 0.13999999999999999 0.17203125 0.13999999999999999
1 0.06984375000000001 0.0891666671875 0.06984375000000001 0.0094791671875 0.012656249999999999 0.0094791671875 0.012656249999999999 0.0891666671875 0.06984375000000001 0.0891666671875
1 0.015234375 0.1341666671875 0.015234375 0.0614583328125 0.002265625 0.0614583328125 0.002265625 0.1341666671875 0.015234375 0.1341666671875
1 0.6548437500000001 0.12833333281249998 0.6548437500000001 0.0429166671875 0.537890625 0.0429166671875 0.537890625 0.12833333281249998 0.6548437500000001 0.12833333281249998
1 0.612421875 0.146875 0.612421875 0.0694791671875 0.489453125 0.0694791671875 0.489453125 0.146875 0.612421875 0.146875
1 0.577734375 0.176875 0.577734375 0.1144791671875 0.42703125000000003 0.1144791671875 0.42703125000000003 0.176875 0.577734375 0.176875
1 0.58296875 0.7196875 0.58296875 0.676875 0.545703125 0.676875 0.545703125 0.7196875 0.58296875 0.7196875
1 0.582109375 0.6965625 0.582109375 0.7184375000000001 0.62625 0.7184375000000001 0.62625 0.6965625 0.582109375 0.6965625
1 0.68171875 0.7265625 0.68171875 0.6872916671875 0.630625 0.6872916671875 0.630625 0.7265625 0.68171875 0.7265625
1 0.682578125 0.7011458328125 0.682578125 0.7265625 0.73109375 0.7265625 0.73109375 0.7011458328125 0.682578125 0.7011458328125
1 0.915390625 0.1365625 0.915390625 0.0627083328125 0.797578125 0.0627083328125 0.797578125 0.1365625 0.915390625 0.1365625
1 0.821875 0.1746875 0.821875 0.10187500000000001 0.735234375 0.10187500000000001 0.735234375 0.1746875 0.821875 0.1746875
1 0.805390625 0.1989583328125 0.805390625 0.125 0.689375 0.125 0.689375 0.1989583328125 0.805390625 0.1989583328125
1 0.72140625 0.0927083328125 0.72140625 0.025729167187500002 0.64953125 0.025729167187500002 0.64953125 0.0927083328125 0.72140625 0.0927083328125
1 0.832265625 0.0638541671875 0.832265625 0.00375 0.672890625 0.00375 0.672890625 0.0638541671875 0.832265625 0.0638541671875
1 0.305703125 0.2234375 0.305703125 0.1954166671875 0.285625 0.1954166671875 0.285625 0.2234375 0.305703125 0.2234375
1 0.305703125 0.1753125 0.305703125 0.2234375 0.31671875 0.2234375 0.31671875 0.1753125 0.305703125 0.1753125
1 0.35578125 0.18802083281249998 0.35578125 0.1619791671875 0.32171875 0.1619791671875 0.32171875 0.18802083281249998 0.35578125 0.18802083281249998
1 0.380390625 0.2034375 0.380390625 0.1766666671875 0.33875 0.1766666671875 0.33875 0.2034375 0.380390625 0.2034375
1 0.43695312499999994 0.1913541671875 0.43695312499999994 0.15531250000000002 0.361328125 0.15531250000000002 0.361328125 0.1913541671875 0.43695312499999994 0.1913541671875
1 0.594765625 0.2294791671875 0.594765625 0.1909375 0.488671875 0.1909375 0.488671875 0.2294791671875 0.594765625 0.2294791671875
1 0.588984375 0.3055208328125 0.588984375 0.2526041671875 0.49585937500000005 0.2526041671875 0.49585937500000005 0.3055208328125 0.588984375 0.3055208328125
1 0.48796875 0.3064583328125 0.48796875 0.27375 0.45328125 0.27375 0.45328125 0.3064583328125 0.48796875 0.3064583328125
1 0.49874999999999997 0.3613541671875 0.49874999999999997 0.3314583328125 0.450390625 0.3314583328125 0.450390625 0.3613541671875 0.49874999999999997 0.3613541671875
1 0.52828125 0.7072916671875 0.52828125 0.6766666671875 0.46640625 0.6766666671875 0.46640625 0.7072916671875 0.52828125 0.7072916671875
1 0.542578125 0.41875 0.542578125 0.3772916671875 0.493515625 0.3772916671875 0.493515625 0.41875 0.542578125 0.41875
1 0.495 0.41875 0.495 0.383125 0.45023437499999996 0.383125 0.45023437499999996 0.41875 0.495 0.41875
1 0.49210937499999996 0.48218750000000005 0.49210937499999996 0.44666666718750003 0.45453124999999994 0.44666666718750003 0.45453124999999994 0.48218750000000005 0.49210937499999996 0.48218750000000005
1 0.49210937499999996 0.4292708328125 0.49210937499999996 0.48218750000000005 0.541875 0.48218750000000005 0.541875 0.4292708328125 0.49210937499999996 0.4292708328125
1 0.11140625 0.2267708328125 0.11140625 0.1575 0.0075 0.1575 0.0075 0.2267708328125 0.11140625 0.2267708328125