1 0.69734375 0.8868750000000001 0.69734375 0.8105 0.63484375 0.8105 0.63484375 0.8868750000000001 0.69734375 0.8868750000000001
1 0.73109375 0.8394999999999999 0.73109375 0.776375 0.6702343749999999 0.776375 0.6702343749999999 0.8394999999999999 0.73109375 0.8394999999999999
1 0.7672656250000001 0.80525 0.7672656250000001 0.731625 0.703125 0.731625 0.703125 0.80525 0.7672656250000001 0.80525
1 0.7985156250000001 0.768375 0.7985156250000001 0.7105 0.75578125 0.7105 0.75578125 0.768375 0.7985156250000001 0.768375
1 0.6321875 0.370125 0.6321875 0.156375 0.16890624999999998 0.156375 0.16890624999999998 0.370125 0.6321875 0.370125
1 0.525625 0.317875 0.525625 0.0405 0.07796875 0.0405 0.07796875 0.317875 0.525625 0.317875
1 0.02828125 0.010875 0.02828125 0.23825 0.356484375 0.23825 0.356484375 0.010875 0.02828125 0.010875
1 0.8842187499999999 0.641 0.8842187499999999 0.6054999999999999 0.8373437499999999 0.6054999999999999 0.8373437499999999 0.641 0.8842187499999999 0.641
1 0.9327343750000001 0.623875 0.9327343750000001 0.6002500000000001 0.8809374999999999 0.6002500000000001 0.8809374999999999 0.623875 0.9327343750000001 0.623875
1 0.9828906249999999 0.634375 0.9828906249999999 0.6028749999999999 0.9278124999999999 0.6028749999999999 0.9278124999999999 0.634375 0.9828906249999999 0.634375
1 0.7353125 0.409375 0.7353125 0.32125 0.588984375 0.32125 0.588984375 0.409375 0.7353125 0.409375
1 0.5349999999999999 0.050249999999999996 0.5349999999999999 0.20249999999999999 0.783671875 0.20249999999999999 0.783671875 0.050249999999999996 0.5349999999999999 0.050249999999999996
1 0.442578125 0.0025 0.442578125 0.059250000000000004 0.76515625 0.059250000000000004 0.76515625 0.0025 0.442578125 0.0025
0 0.639453125 0.174375 0.639453125 0.7342500000000001 0.857734375 0.7342500000000001 0.857734375 0.174375 0.639453125 0.174375