1 0.85609375 0.8895 0.85609375 0.781625 0.640625 0.781625 0.640625 0.8895 0.85609375 0.8895
1 0.99765625 0.896625 0.99765625 0.8265 0.8780468750000001 0.8265 0.8780468750000001 0.896625 0.99765625 0.896625
1 0.5521874999999999 0.528125 0.5521874999999999 0.45575 0.347265625 0.45575 0.347265625 0.528125 0.5521874999999999 0.528125
1 0.30484374999999997 0.5433749999999999 0.30484374999999997 0.4755 0.15132812499999998 0.4755 0.15132812499999998 0.5433749999999999 0.30484374999999997 0.5433749999999999
1 0.14375 0.5587500000000001 0.14375 0.51275 0.02859375 0.51275 0.02859375 0.5587500000000001 0.14375 0.5587500000000001
1 0.24851562500000002 0.442125 0.24851562500000002 0.36712500000000003 0.12593749999999998 0.36712500000000003 0.12593749999999998 0.442125 0.24851562500000002 0.442125
1 0.30359375 0.35 0.30359375 0.280375 0.1975 0.280375 0.1975 0.35 0.30359375 0.35
1 0.470546875 0.37112500000000004 0.470546875 0.2395 0.2978125 0.2395 0.2978125 0.37112500000000004 0.470546875 0.37112500000000004
1 0.62015625 0.347375 0.62015625 0.217125 0.40226562499999996 0.217125 0.40226562499999996 0.347375 0.62015625 0.347375
1 0.15726562500000002 0.34525 0.15726562500000002 0.24987499999999999 0.018828125 0.24987499999999999 0.018828125 0.34525 0.15726562500000002 0.34525
1 0.002421875 0.26525 0.002421875 0.364 0.096953125 0.364 0.096953125 0.26525 0.002421875 0.26525
1 0.0026562499999999998 0.026250000000000002 0.0026562499999999998 0.16225 0.114375 0.16225 0.114375 0.026250000000000002 0.0026562499999999998 0.026250000000000002
1 0.0013281249999999999 0.0043749999999999995 0.0013281249999999999 0.030625000000000003 0.037578125000000004 0.030625000000000003 0.037578125000000004 0.0043749999999999995 0.0013281249999999999 0.0043749999999999995
1 0.031484374999999995 0.0032500000000000003 0.031484374999999995 0.07125000000000001 0.158203125 0.07125000000000001 0.158203125 0.0032500000000000003 0.031484374999999995 0.0032500000000000003
1 0.287734375 0.20612499999999997 0.287734375 0.06687499999999999 0.114375 0.06687499999999999 0.114375 0.20612499999999997 0.287734375 0.20612499999999997
1 0.35421874999999997 0.175375 0.35421874999999997 0.032875 0.19796875 0.032875 0.19796875 0.175375 0.35421874999999997 0.175375
1 0.475390625 0.132 0.475390625 0.000375 0.301015625 0.000375 0.301015625 0.132 0.475390625 0.132
1 0.41125 0.0017500000000000003 0.41125 0.083375 0.606953125 0.083375 0.606953125 0.0017500000000000003 0.41125 0.0017500000000000003