1 0.994375 0.42895833281250006 0.994375 0.225 0.52171875 0.225 0.52171875 0.42895833281250006 0.994375 0.42895833281250006
1 0.858203125 0.4513541671875 0.858203125 0.313125 0.39640624999999996 0.313125 0.39640624999999996 0.4513541671875 0.858203125 0.4513541671875
1 0.610546875 0.48687500000000006 0.610546875 0.3670833328125 0.31843750000000004 0.3670833328125 0.31843750000000004 0.48687500000000006 0.610546875 0.48687500000000006
1 0.5602343750000001 0.48687500000000006 0.5602343750000001 0.3920833328125 0.232578125 0.3920833328125 0.232578125 0.48687500000000006 0.5602343750000001 0.48687500000000006
1 0.38453125 0.49468750000000006 0.38453125 0.4329166671875 0.18421875000000001 0.4329166671875 0.18421875000000001 0.49468750000000006 0.38453125 0.49468750000000006
1 0.18617187500000001 0.5118750000000001 0.18617187500000001 0.4513541671875 0.13289062499999998 0.4513541671875 0.13289062499999998 0.5118750000000001 0.18617187500000001 0.5118750000000001
1 0.13390625 0.5223958328125 0.13390625 0.47104166718749996 0.09734374999999999 0.47104166718749996 0.09734374999999999 0.5223958328125 0.13390625 0.5223958328125
1 0.102265625 0.5341666671875 0.102265625 0.4736458328125 0.069765625 0.4736458328125 0.069765625 0.5341666671875 0.102265625 0.5341666671875
1 0.073671875 0.5408333328125 0.073671875 0.48687500000000006 0.045078125000000004 0.48687500000000006 0.045078125000000004 0.5408333328125 0.073671875 0.5408333328125
1 0.13187500000000002 0.475 0.13187500000000002 0.4158333328125 0.023359374999999998 0.4158333328125 0.023359374999999998 0.475 0.13187500000000002 0.475
1 0.057890624999999994 0.3855208328125 0.057890624999999994 0.3329166671875 0.027265624999999998 0.3329166671875 0.027265624999999998 0.3855208328125 0.057890624999999994 0.3855208328125
1 0.030234375 0.40395833281250004 0.030234375 0.35 0.0026562499999999998 0.35 0.0026562499999999998 0.40395833281250004 0.030234375 0.40395833281250004
1 0.204921875 0.3973958328125 0.204921875 0.3434375 0.035234375 0.3434375 0.035234375 0.3973958328125 0.204921875 0.3973958328125
1 0.252265625 0.3803125 0.252265625 0.3158333328125 0.073671875 0.3158333328125 0.073671875 0.3803125 0.252265625 0.3803125
1 0.270078125 0.3644791671875 0.270078125 0.2815625 0.102265625 0.2815625 0.102265625 0.3644791671875 0.270078125 0.3644791671875
1 0.32632812499999997 0.3053125 0.32632812499999997 0.2039583328125 0.139765625 0.2039583328125 0.139765625 0.3053125 0.32632812499999997 0.3053125
1 0.40921874999999996 0.2763541671875 0.40921874999999996 0.16312500000000002 0.18125 0.16312500000000002 0.18125 0.2763541671875 0.40921874999999996 0.2763541671875
1 0.520703125 0.2289583328125 0.520703125 0.08156250000000001 0.2246875 0.08156250000000001 0.2246875 0.2289583328125 0.520703125 0.2289583328125
1 0.67296875 0.1759375 0.67296875 0.0016666671875 0.309140625 0.0016666671875 0.309140625 0.1759375 0.67296875 0.1759375
1 0.411484375 0.0035416671875 0.411484375 0.0944791671875 0.731171875 0.0944791671875 0.731171875 0.0035416671875 0.411484375 0.0035416671875
1 0.24351562499999999 0.1428125 0.24351562499999999 0.0417708328125 0.10968750000000001 0.0417708328125 0.10968750000000001 0.1428125 0.24351562499999999 0.1428125
1 0.24 0.17124999999999999 0.24 0.0985416671875 0.081328125 0.0985416671875 0.081328125 0.17124999999999999 0.24 0.17124999999999999
1 0.181953125 0.22020833281250002 0.181953125 0.1585416671875 0.097890625 0.1585416671875 0.097890625 0.22020833281250002 0.181953125 0.22020833281250002
1 0.14640625000000002 0.24072916718749998 0.14640625000000002 0.1695833328125 0.036328125 0.1695833328125 0.036328125 0.24072916718749998 0.14640625000000002 0.24072916718749998
1 0.112109375 0.32125 0.112109375 0.26749999999999996 0.029218749999999998 0.26749999999999996 0.029218749999999998 0.32125 0.112109375 0.32125
1 0.136953125 0.10177083281249999 0.136953125 0.0322916671875 0.0646875 0.0322916671875 0.0646875 0.10177083281249999 0.136953125 0.10177083281249999
1 0.16890624999999998 0.0480208328125 0.16890624999999998 0.0038541671875000003 0.089609375 0.0038541671875000003 0.089609375 0.0480208328125 0.16890624999999998 0.0480208328125
1 0.14765625 0.0007291671875 0.14765625 0.05437499999999999 0.29679687499999996 0.05437499999999999 0.29679687499999996 0.0007291671875 0.14765625 0.0007291671875
1 0.185546875 0.8548958328125 0.185546875 0.7948958328125 0.138125 0.7948958328125 0.138125 0.8548958328125 0.185546875 0.8548958328125
1 0.2671875 0.8848958328125001 0.2671875 0.8185416671875 0.181953125 0.8185416671875 0.181953125 0.8848958328125001 0.2671875 0.8848958328125001
1 0.47679687499999995 0.9512499999999999 0.47679687499999995 0.8390625 0.21749999999999997 0.8390625 0.21749999999999997 0.9512499999999999 0.47679687499999995 0.9512499999999999
1 0.47562499999999996 0.9828125 0.47562499999999996 0.8880208328125001 0.316953125 0.8880208328125001 0.316953125 0.9828125 0.47562499999999996 0.9828125
1 0.545546875 0.9922916671875001 0.545546875 0.9528125 0.43773437499999995 0.9528125 0.43773437499999995 0.9922916671875001 0.545546875 0.9922916671875001
1 0.17015625 0.83125 0.17015625 0.7822916671875 0.0990625 0.7822916671875 0.0990625 0.83125 0.17015625 0.83125
1 0.1109375 0.8169791671875 0.1109375 0.77125 0.0765625 0.77125 0.0765625 0.8169791671875 0.1109375 0.8169791671875
1 0.086015625 0.8028124999999999 0.086015625 0.7585416671874999 0.055234375 0.7585416671874999 0.055234375 0.8028124999999999 0.086015625 0.8028124999999999
1 0.05765625 0.7948958328125 0.05765625 0.7380208328125 0.015 0.7380208328125 0.015 0.7948958328125 0.05765625 0.7948958328125
1 0.030390624999999998 0.7869791671875 0.030390624999999998 0.7395833328125 0.00078125 0.7395833328125 0.00078125 0.7869791671875 0.030390624999999998 0.7869791671875