1 0.25421875 0.00825 0.25421875 0.15825 0.6140625 0.15825 0.6140625 0.00825 0.25421875 0.00825
1 0.36507812500000003 0.0655 0.36507812500000003 0.221 0.680546875 0.221 0.680546875 0.0655 0.36507812500000003 0.0655
1 0.503515625 0.142125 0.503515625 0.271 0.7329687500000001 0.271 0.7329687500000001 0.142125 0.503515625 0.142125
1 0.5569531249999999 0.19475 0.5569531249999999 0.293375 0.772421875 0.293375 0.772421875 0.19475 0.5569531249999999 0.19475
1 0.647421875 0.24737499999999998 0.647421875 0.331625 0.7954687500000001 0.331625 0.7954687500000001 0.24737499999999998 0.647421875 0.24737499999999998
1 0.706640625 0.292125 0.706640625 0.342125 0.81765625 0.342125 0.81765625 0.292125 0.706640625 0.292125
1 0.644921875 0.31837499999999996 0.644921875 0.368375 0.8300000000000001 0.368375 0.8300000000000001 0.31837499999999996 0.644921875 0.31837499999999996
1 0.6975781249999999 0.14737499999999998 0.6975781249999999 0.201375 0.825859375 0.201375 0.825859375 0.14737499999999998 0.6975781249999999 0.14737499999999998
1 0.659765625 0.097375 0.659765625 0.1605 0.809375 0.1605 0.809375 0.097375 0.659765625 0.097375
1 0.6029687499999999 0.04475 0.6029687499999999 0.11712499999999999 0.7913281249999999 0.11712499999999999 0.7913281249999999 0.04475 0.6029687499999999 0.04475
1 0.5775781249999999 0.03275 0.5775781249999999 0.10149999999999999 0.7576562499999999 0.10149999999999999 0.7576562499999999 0.03275 0.5775781249999999 0.03275
1 0.6155468749999999 0.0075 0.6155468749999999 0.039375 0.720703125 0.039375 0.720703125 0.0075 0.6155468749999999 0.0075