1 0.9955468749999999 0.5707291671875 0.9955468749999999 0.39708333281249997 0.61984375 0.39708333281249997 0.61984375 0.5707291671875 0.9955468749999999 0.5707291671875
1 0.636328125 0.5677083328125 0.636328125 0.41312499999999996 0.47976562500000003 0.41312499999999996 0.47976562500000003 0.5677083328125 0.636328125 0.5677083328125
1 0.49015624999999996 0.5665625000000001 0.49015624999999996 0.4683333328125 0.40859375 0.4683333328125 0.40859375 0.5665625000000001 0.49015624999999996 0.5665625000000001
1 0.41656250000000006 0.5742708328125 0.41656250000000006 0.4953125 0.35234375 0.4953125 0.35234375 0.5742708328125 0.41656250000000006 0.5742708328125
1 0.356640625 0.5704166671875 0.356640625 0.50875 0.31046874999999996 0.50875 0.31046874999999996 0.5704166671875 0.356640625 0.5704166671875
1 0.315546875 0.5742708328125 0.315546875 0.5184375 0.278671875 0.5184375 0.278671875 0.5742708328125 0.315546875 0.5742708328125
1 0.28015625 0.5742708328125 0.28015625 0.531875 0.256328125 0.531875 0.256328125 0.5742708328125 0.28015625 0.5742708328125
1 0.260625 0.5742708328125 0.260625 0.5280208328125 0.228203125 0.5280208328125 0.228203125 0.5742708328125 0.260625 0.5742708328125
1 0.381953125 0.4376041671875 0.381953125 0.38468749999999996 0.22960937499999998 0.38468749999999996 0.22960937499999998 0.4376041671875 0.381953125 0.4376041671875
1 0.25703125 0.4519791671875 0.25703125 0.4125 0.21156250000000001 0.4125 0.21156250000000001 0.4519791671875 0.25703125 0.4519791671875
1 0.30328125 0.3740625 0.30328125 0.3327083328125 0.26351562500000003 0.3327083328125 0.26351562500000003 0.3740625 0.30328125 0.3740625
1 0.400703125 0.4251041671875 0.400703125 0.3557291671875 0.2671875 0.3557291671875 0.2671875 0.4251041671875 0.400703125 0.4251041671875
1 0.5703125 0.3779166671875 0.5703125 0.29802083281249997 0.29890625000000004 0.29802083281249997 0.29890625000000004 0.3779166671875 0.5703125 0.3779166671875
1 0.561640625 0.3390625 0.561640625 0.23937499999999998 0.352734375 0.23937499999999998 0.352734375 0.3390625 0.561640625 0.3390625
1 0.6780468749999999 0.3169791671875 0.6780468749999999 0.1672916671875 0.403671875 0.1672916671875 0.403671875 0.3169791671875 0.6780468749999999 0.3169791671875
1 0.9112500000000001 0.24635416718749997 0.9112500000000001 0.0733333328125 0.4884375 0.0733333328125 0.4884375 0.24635416718749997 0.9112500000000001 0.24635416718749997
1 0.999765625 0.1797916671875 0.999765625 0.001875 0.596953125 0.001875 0.596953125 0.1797916671875 0.999765625 0.1797916671875
1 0.39421875 0.1188541671875 0.39421875 0.00625 0.307578125 0.00625 0.307578125 0.1188541671875 0.39421875 0.1188541671875
1 0.537109375 0.1746875 0.537109375 0.0351041671875 0.320546875 0.0351041671875 0.320546875 0.1746875 0.537109375 0.1746875
1 0.34367187499999996 0.1535416671875 0.34367187499999996 0.0716666671875 0.272890625 0.0716666671875 0.272890625 0.1535416671875 0.34367187499999996 0.1535416671875
1 0.44039062500000004 0.1978125 0.44039062500000004 0.1179166671875 0.28234375 0.1179166671875 0.28234375 0.1978125 0.44039062500000004 0.1978125
1 0.39851562500000004 0.2382291671875 0.39851562500000004 0.1583333328125 0.252734375 0.1583333328125 0.252734375 0.2382291671875 0.39851562500000004 0.2382291671875
1 0.29171874999999997 0.19677083281250002 0.29171874999999997 0.13614583281249998 0.252734375 0.13614583281249998 0.252734375 0.19677083281250002 0.29171874999999997 0.19677083281250002
1 0.339296875 0.2497916671875 0.339296875 0.16312500000000002 0.2303125 0.16312500000000002 0.2303125 0.2497916671875 0.339296875 0.2497916671875
1 0.24984375 0.3016666671875 0.24984375 0.25166666718749997 0.153828125 0.25166666718749997 0.153828125 0.3016666671875 0.24984375 0.3016666671875
1 0.264296875 0.10541666718750001 0.264296875 0.0553125 0.158203125 0.0553125 0.158203125 0.10541666718750001 0.264296875 0.10541666718750001
1 0.20656249999999998 0.0053124999999999995 0.20656249999999998 0.0553125 0.2975 0.0553125 0.2975 0.0053124999999999995 0.20656249999999998 0.0053124999999999995
1 0.22265625 0.4765625 0.22265625 0.43041666718749994 0.192578125 0.43041666718749994 0.192578125 0.4765625 0.22265625 0.4765625
1 0.23140624999999998 0.5796875 0.23140624999999998 0.5435416671875 0.20171875 0.5435416671875 0.20171875 0.5796875 0.23140624999999998 0.5796875
1 0.210390625 0.6990624999999999 0.210390625 0.6607291671875 0.190625 0.6607291671875 0.190625 0.6990624999999999 0.210390625 0.6990624999999999
1 0.22374999999999998 0.7029166671875 0.22374999999999998 0.6645833328124999 0.20601562499999998 0.6645833328124999 0.20601562499999998 0.7029166671875 0.22374999999999998 0.7029166671875
1 0.234765625 0.7110416671875 0.234765625 0.6727083328125001 0.22171875000000002 0.6727083328125001 0.22171875000000002 0.7110416671875 0.234765625 0.7110416671875
1 0.256796875 0.7241666671875 0.256796875 0.6789583328125001 0.23296875 0.6789583328125001 0.23296875 0.7241666671875 0.256796875 0.7241666671875
1 0.2803125 0.7415625 0.2803125 0.6866666671874999 0.24718749999999998 0.6866666671874999 0.24718749999999998 0.7415625 0.2803125 0.7415625
1 0.3334375 0.7703125 0.3334375 0.6965625 0.2840625 0.6965625 0.2840625 0.7703125 0.3334375 0.7703125
1 0.38210937500000003 0.7919791671875 0.38210937500000003 0.7085416671875 0.31179687500000003 0.7085416671875 0.31179687500000003 0.7919791671875 0.38210937500000003 0.7919791671875
1 0.427578125 0.8367708328125 0.427578125 0.72875 0.353984375 0.72875 0.353984375 0.8367708328125 0.427578125 0.8367708328125
1 0.51359375 0.8866666671875001 0.51359375 0.7636458328125 0.408828125 0.7636458328125 0.408828125 0.8866666671875001 0.51359375 0.8866666671875001
1 0.6333593750000001 0.9498958328124999 0.6333593750000001 0.7985416671875 0.493671875 0.7985416671875 0.493671875 0.9498958328124999 0.6333593750000001 0.9498958328124999
1 0.8678125 0.9914583328125 0.8678125 0.8467708328124999 0.604609375 0.8467708328124999 0.604609375 0.9914583328125 0.8678125 0.9914583328125