1 1 0.005520832812499999 0.43062500000000004 0.005520832812499999 0.43062500000000004 0.3103125 1 0.3103125 1 0.005520832812499999
1 0.727890625 0.37 0.727890625 0.1772916671875 0.318359375 0.1772916671875 0.318359375 0.37 0.727890625 0.37
1 0.55015625 0.41979166718750005 0.55015625 0.2882291671875 0.23734375000000002 0.2882291671875 0.23734375000000002 0.41979166718750005 0.55015625 0.41979166718750005
1 0.52625 0.4447916671875 0.52625 0.3325 0.17289062500000002 0.3325 0.17289062500000002 0.4447916671875 0.52625 0.4447916671875
1 0.4046875 0.45583333281250005 0.4046875 0.3796875 0.134453125 0.3796875 0.134453125 0.45583333281250005 0.4046875 0.45583333281250005
1 0.29757812499999997 0.47114583281250005 0.29757812499999997 0.4073958328125 0.10015624999999999 0.4073958328125 0.10015624999999999 0.47114583281250005 0.29757812499999997 0.47114583281250005
1 0.101171875 0.4780208328125 0.101171875 0.4322916671875 0.074140625 0.4322916671875 0.074140625 0.4780208328125 0.101171875 0.4780208328125
1 0.208203125 0.5029166671875 0.208203125 0.4498958328125 0.052265625 0.4498958328125 0.052265625 0.5029166671875 0.208203125 0.5029166671875
1 0.063828125 0.4970833328125 0.063828125 0.4653125 0.039296874999999995 0.4653125 0.039296874999999995 0.4970833328125 0.063828125 0.4970833328125
1 0.0984375 0.43072916718750004 0.0984375 0.3835416671875 0.021953125 0.3835416671875 0.021953125 0.43072916718750004 0.0984375 0.43072916718750004
1 0.049375 0.3517708328125 0.049375 0.2920833328125 0.024140625 0.2920833328125 0.024140625 0.3517708328125 0.049375 0.3517708328125
1 0.23343750000000002 0.35375 0.23343750000000002 0.2997916671875 0.039296874999999995 0.2997916671875 0.039296874999999995 0.35375 0.23343750000000002 0.35375
1 0.257265625 0.330625 0.257265625 0.2641666671875 0.053671875 0.2641666671875 0.053671875 0.330625 0.257265625 0.330625
1 0.2521875 0.2882291671875 0.2521875 0.2228125 0.0725 0.2228125 0.0725 0.2882291671875 0.2521875 0.2882291671875
1 0.4175 0.2382291671875 0.4175 0.1227083328125 0.0984375 0.1227083328125 0.0984375 0.2382291671875 0.4175 0.2382291671875
1 0.46117187499999995 0.1966666671875 0.46117187499999995 0.0594791671875 0.1275 0.0594791671875 0.1275 0.1966666671875 0.46117187499999995 0.1966666671875
1 0.481953125 0.13104166718750002 0.481953125 0.0016666671875 0.163203125 0.0016666671875 0.163203125 0.13104166718750002 0.481953125 0.13104166718750002
1 0.12859375 0.0929166671875 0.12859375 0.0340625 0.059296875000000006 0.0340625 0.059296875000000006 0.0929166671875 0.12859375 0.0929166671875
1 0.16578125 0.1644791671875 0.16578125 0.0929166671875 0.073984375 0.0929166671875 0.073984375 0.1644791671875 0.16578125 0.1644791671875
1 0.09992187500000001 0.8255208328125001 0.09992187500000001 0.7797916671875 0.072890625 0.7797916671875 0.072890625 0.8255208328125001 0.09992187500000001 0.8255208328125001
1 0.080703125 0.8014583328124999 0.080703125 0.7533333328125 0.06265625 0.7533333328125 0.06265625 0.8014583328124999 0.080703125 0.8014583328124999
1 0.07046875 0.78625 0.07046875 0.7461458328125 0.036171875 0.7461458328125 0.036171875 0.78625 0.07046875 0.78625
1 0.148046875 0.8632291671875001 0.148046875 0.7910416671875 0.101171875 0.7910416671875 0.101171875 0.8632291671875001 0.148046875 0.8632291671875001
1 0.21781250000000002 0.8920833328125 0.21781250000000002 0.8222916671875 0.14203125 0.8222916671875 0.14203125 0.8920833328125 0.21781250000000002 0.8920833328125
1 0.4109375 0.9810416671875 0.4109375 0.8552083328125001 0.157109375 0.8552083328125001 0.157109375 0.9810416671875 0.4109375 0.9810416671875
1 0.4415625 0.9970833328125 0.4415625 0.9209375 0.247890625 0.9209375 0.247890625 0.9970833328125 0.4415625 0.9970833328125