0 0.0365625 0.274722221875 0.0365625 0.8020833328125001 0.228359375 0.8020833328125001 0.228359375 0.274722221875 0.0365625 0.274722221875
1 0.001015625 0.14375 0.001015625 0.23055555625 0.0409375 0.23055555625 0.0409375 0.14375 0.001015625 0.14375
1 0.021406249999999998 0.00305555625 0.021406249999999998 0.1073611109375 0.179140625 0.1073611109375 0.179140625 0.00305555625 0.021406249999999998 0.00305555625
1 0.324765625 0.7045833328125 0.324765625 0.6783333328125 0.27515625 0.6783333328125 0.27515625 0.7045833328125 0.324765625 0.7045833328125
1 0.34695312500000003 0.6940277781249999 0.34695312500000003 0.67694444375 0.3203125 0.67694444375 0.3203125 0.6940277781249999 0.34695312500000003 0.6940277781249999
1 0.392890625 0.7033333328125 0.392890625 0.6795833328125 0.34328125 0.6795833328125 0.34328125 0.7033333328125 0.392890625 0.7033333328125
1 0.482421875 0.69930555625 0.482421875 0.6836111109375 0.42984375 0.6836111109375 0.42984375 0.69930555625 0.482421875 0.69930555625
1 0.15531250000000002 0.8506944437499999 0.15531250000000002 0.7665277781250001 0.003515625 0.7665277781250001 0.003515625 0.8506944437499999 0.15531250000000002 0.8506944437499999
1 0.087890625 0.8875 0.087890625 0.780972221875 0.0028125 0.780972221875 0.0028125 0.8875 0.087890625 0.8875
1 0.70484375 0.73875 0.70484375 0.668472221875 0.6364062500000001 0.668472221875 0.6364062500000001 0.73875 0.70484375 0.73875
1 0.94171875 0.75444444375 0.94171875 0.622777778125 0.703359375 0.622777778125 0.703359375 0.75444444375 0.94171875 0.75444444375
1 0.998671875 0.75180555625 0.998671875 0.622777778125 0.9439062500000001 0.622777778125 0.9439062500000001 0.75180555625 0.998671875 0.75180555625
1 0.8975 0.47680555625 0.8975 0.3983333328125 0.8224218750000001 0.3983333328125 0.8224218750000001 0.47680555625 0.8975 0.47680555625
1 0.9776562500000001 0.4323611109375 0.9776562500000001 0.3441666671875 0.89625 0.3441666671875 0.89625 0.4323611109375 0.9776562500000001 0.4323611109375
1 0.851171875 0.360972221875 0.851171875 0.2563888890625 0.61328125 0.2563888890625 0.61328125 0.360972221875 0.851171875 0.360972221875
1 0.940703125 0.322222221875 0.940703125 0.1404166671875 0.6657031250000001 0.1404166671875 0.6657031250000001 0.322222221875 0.940703125 0.322222221875
1 0.75265625 0.005972221875 0.75265625 0.2561111109375 0.9978125 0.2561111109375 0.9978125 0.005972221875 0.75265625 0.005972221875
1 0.931328125 0.531527778125 0.931328125 0.5133333328125 0.9061718750000001 0.5133333328125 0.9061718750000001 0.531527778125 0.931328125 0.531527778125
1 0.8696875000000001 0.3461111109375 0.8696875000000001 0.32777777812500003 0.8526562500000001 0.32777777812500003 0.8526562500000001 0.3461111109375 0.8696875000000001 0.3461111109375
1 0.86296875 0.31597222187499996 0.86296875 0.3379166671875 0.883515625 0.3379166671875 0.883515625 0.31597222187499996 0.86296875 0.31597222187499996