1 0.9983854171875001 0.41629629687499997 0.9983854171875001 0.183240740625 0.95046875 0.183240740625 0.95046875 0.41629629687499997 0.9983854171875001 0.41629629687499997
1 0.9621875 0.44472222187500005 0.9621875 0.25712962968749997 0.7873958328125 0.25712962968749997 0.7873958328125 0.44472222187500005 0.9621875 0.44472222187500005
1 0.8055208328125 0.4674074078125 0.8055208328125 0.3556481484375 0.7031770828125 0.3556481484375 0.7031770828125 0.4674074078125 0.8055208328125 0.4674074078125
1 0.7095833328125 0.475 0.7095833328125 0.3916666671875 0.6605729171875 0.3916666671875 0.6605729171875 0.475 0.7095833328125 0.475
1 0.6599999999999999 0.49148148125 0.6599999999999999 0.40601851875 0.6161979171875 0.40601851875 0.6161979171875 0.49148148125 0.6599999999999999 0.49148148125
1 0.62421875 0.48490740781249997 0.62421875 0.42898148125 0.6063020828125001 0.42898148125 0.6063020828125001 0.48490740781249997 0.62421875 0.48490740781249997
1 0.6057291671875 0.48379629687500003 0.6057291671875 0.44768518593750006 0.5859895828125 0.44768518593750006 0.5859895828125 0.48379629687500003 0.6057291671875 0.48379629687500003
1 0.5871875 0.48824074062499995 0.5871875 0.4509259265625 0.5791666671875 0.4509259265625 0.5791666671875 0.48824074062499995 0.5871875 0.48824074062499995
1 0.5797916671875 0.4893518515625 0.5797916671875 0.45537037031249994 0.5699479171874999 0.45537037031249994 0.5699479171874999 0.4893518515625 0.5797916671875 0.4893518515625
1 0.5717708328125 0.49481481406250005 0.5717708328125 0.4575 0.5588541671875 0.4575 0.5588541671875 0.49481481406250005 0.5717708328125 0.49481481406250005
1 0.5606770828125 0.49148148125 0.5606770828125 0.459722221875 0.5508333328125 0.459722221875 0.5508333328125 0.49148148125 0.5606770828125 0.49148148125
0 0.5804166671875 0.6560185187500001 0.5804166671875 0.48166666718749995 0.5384895828125 0.48166666718749995 0.5384895828125 0.6560185187500001 0.5804166671875 0.6560185187500001
1 0.7569270828125 0.6880555562499999 0.7569270828125 0.601203703125 0.6599479171875 0.601203703125 0.6599479171875 0.6880555562499999 0.7569270828125 0.6880555562499999
1 0.7110416671875 0.6446296296875 0.7110416671875 0.5775925921875 0.6318229171875 0.5775925921875 0.6318229171875 0.6446296296875 0.7110416671875 0.6446296296875
1 0.6466145828125 0.6223148140625 0.6466145828125 0.5709259265625 0.6103645828125 0.5709259265625 0.6103645828125 0.6223148140625 0.6466145828125 0.6223148140625
1 0.62296875 0.607777778125 0.62296875 0.5591666671875 0.59484375 0.5591666671875 0.59484375 0.607777778125 0.62296875 0.607777778125
1 0.5992708328125 0.5841666671875 0.5992708328125 0.5551851859375 0.58 0.5551851859375 0.58 0.5841666671875 0.5992708328125 0.5841666671875
1 0.5955729171875 0.7025925921875 0.5955729171875 0.6604629625 0.5852083328125001 0.6604629625 0.5852083328125001 0.7025925921875 0.5955729171875 0.7025925921875
1 0.6126041671875 0.7236111109375 0.6126041671875 0.676203703125 0.591875 0.676203703125 0.591875 0.7236111109375 0.6126041671875 0.7236111109375
1 0.6658854171875 0.7893518515625 0.6658854171875 0.6920370375 0.6059375 0.6920370375 0.6059375 0.7893518515625 0.6658854171875 0.7893518515625
1 0.7398958328125 0.8393518515625 0.7398958328125 0.73805555625 0.64515625 0.73805555625 0.64515625 0.8393518515625 0.7398958328125 0.8393518515625
1 0.7325 0.8801851859375001 0.7325 0.7749074078125 0.6695833328125 0.7749074078125 0.6695833328125 0.8801851859375001 0.7325 0.8801851859375001
1 0.7961458328125001 0.9946296296874999 0.7961458328125001 0.8920370375 0.704375 0.8920370375 0.704375 0.9946296296874999 0.7961458328125001 0.9946296296874999
1 0.19515625 0.8862037031250001 0.19515625 0.7643518515625 0.0946354171875 0.7643518515625 0.0946354171875 0.8862037031250001 0.19515625 0.8862037031250001
1 0.11739583281249999 0.9950925921874999 0.11739583281249999 0.8395370375000001 0.0053645828125 0.8395370375000001 0.0053645828125 0.9950925921874999 0.11739583281249999 0.9950925921874999
1 0.7689583328125 0.1621296296875 0.7689583328125 0.00101851875 0.6934375 0.00101851875 0.6934375 0.1621296296875 0.7689583328125 0.1621296296875
1 0.71296875 0.225277778125 0.71296875 0.086296296875 0.6366145828125 0.086296296875 0.6366145828125 0.225277778125 0.71296875 0.225277778125
1 0.7431770828125 0.29472222187499997 0.7431770828125 0.1921296296875 0.6144270828125 0.1921296296875 0.6144270828125 0.29472222187499997 0.7431770828125 0.29472222187499997
1 0.6996875 0.3168518515625 0.6996875 0.23157407343749997 0.5984375 0.23157407343749997 0.5984375 0.3168518515625 0.6996875 0.3168518515625
1 0.60640625 0.3341666671875 0.60640625 0.2725925921875 0.58421875 0.2725925921875 0.58421875 0.3341666671875 0.60640625 0.3341666671875
1 0.5916666671875 0.35805555624999996 0.5916666671875 0.3109259265625 0.5700520828125 0.3109259265625 0.5700520828125 0.35805555624999996 0.5916666671875 0.35805555624999996
1 0.5719270828125 0.3701851859375 0.5719270828125 0.3350925921875 0.5589583328125001 0.3350925921875 0.5589583328125001 0.3701851859375 0.5719270828125 0.3701851859375
1 0.5608333328125 0.3921296296875 0.5608333328125 0.3493518515625 0.5454166671875 0.3493518515625 0.5454166671875 0.3921296296875 0.5608333328125 0.3921296296875
1 0.6268229171875 0.291203703125 0.6268229171875 0.25944444375 0.5435416671875 0.25944444375 0.5435416671875 0.291203703125 0.6268229171875 0.291203703125
1 0.5922916671875 0.27148148125 0.5922916671875 0.22546296250000003 0.5491145828125 0.22546296250000003 0.5491145828125 0.27148148125 0.5922916671875 0.27148148125
1 0.6317708328125 0.26601851875000004 0.6317708328125 0.19037037031249998 0.56203125 0.19037037031249998 0.56203125 0.26601851875000004 0.6317708328125 0.26601851875000004
1 0.6095312500000001 0.2320370375 0.6095312500000001 0.16398148125 0.5706770828125001 0.16398148125 0.5706770828125001 0.2320370375 0.6095312500000001 0.2320370375
1 0.7131770828125 0.20898148125 0.7131770828125 0.11027777812499999 0.5786979171875 0.11027777812499999 0.5786979171875 0.20898148125 0.7131770828125 0.20898148125
1 0.7125520828125 0.1288888890625 0.7125520828125 0.01601851875 0.5929166671874999 0.01601851875 0.5929166671874999 0.1288888890625 0.7125520828125 0.1288888890625
0 0.3591666671875 0.5870370375 0.3591666671875 0.45277777812500003 0.2969791671875 0.45277777812500003 0.2969791671875 0.5870370375 0.3591666671875 0.5870370375
1 0.49135416718749997 0.543703703125 0.49135416718749997 0.5368518515625 0.47083333281249995 0.5368518515625 0.47083333281249995 0.543703703125 0.49135416718749997 0.543703703125
1 0.49312500000000004 0.55694444375 0.49312500000000004 0.543703703125 0.46901041718750003 0.543703703125 0.46901041718750003 0.55694444375 0.49312500000000004 0.55694444375
0 0.54734375 0.6421296296875 0.54734375 0.481203703125 0.5276041671875 0.481203703125 0.5276041671875 0.6421296296875 0.54734375 0.6421296296875