1 0.9832812499999999 0.437625 0.9832812499999999 0.385 0.8940625000000001 0.385 0.8940625000000001 0.437625 0.9832812499999999 0.437625
1 0.913125 0.43899999999999995 0.913125 0.3975 0.8793749999999999 0.3975 0.8793749999999999 0.43899999999999995 0.913125 0.43899999999999995
1 0.8914843749999999 0.42374999999999996 0.8914843749999999 0.37112500000000004 0.8637499999999999 0.37112500000000004 0.8637499999999999 0.42374999999999996 0.8914843749999999 0.42374999999999996
1 0.86546875 0.4335 0.86546875 0.378 0.8360937500000001 0.378 0.8360937500000001 0.4335 0.86546875 0.4335
1 0.8438281249999999 0.457 0.8438281249999999 0.3975 0.808359375 0.3975 0.808359375 0.457 0.8438281249999999 0.457
1 0.8221875000000001 0.47787499999999994 0.8221875000000001 0.41275000000000006 0.7771874999999999 0.41275000000000006 0.7771874999999999 0.47787499999999994 0.8221875000000001 0.47787499999999994
1 0.781484375 0.50975 0.781484375 0.44312500000000005 0.717421875 0.44312500000000005 0.717421875 0.50975 0.781484375 0.50975
1 0.735625 0.55125 0.735625 0.450125 0.6740625 0.450125 0.6740625 0.55125 0.735625 0.55125
1 0.6775781249999999 0.583125 0.6775781249999999 0.480625 0.582265625 0.480625 0.582265625 0.583125 0.6775781249999999 0.583125
1 0.588359375 0.684375 0.588359375 0.508375 0.43765625 0.508375 0.43765625 0.684375 0.588359375 0.684375
1 0.455859375 0.779875 0.455859375 0.6025 0.24625 0.6025 0.24625 0.779875 0.455859375 0.779875
1 0.27164062499999997 0.93925 0.27164062499999997 0.683875 0.002265625 0.683875 0.002265625 0.93925 0.27164062499999997 0.93925
1 0.25671875 0.3585 0.25671875 0.190875 0.003515625 0.190875 0.003515625 0.3585 0.25671875 0.3585
1 0.43624999999999997 0.332625 0.43624999999999997 0.192875 0.25046875 0.192875 0.25046875 0.332625 0.43624999999999997 0.332625
1 0.554765625 0.30862500000000004 0.554765625 0.212875 0.423828125 0.212875 0.423828125 0.30862500000000004 0.554765625 0.30862500000000004
1 0.6682812499999999 0.29862500000000003 0.6682812499999999 0.22087500000000002 0.558515625 0.22087500000000002 0.558515625 0.29862500000000003 0.6682812499999999 0.29862500000000003
1 0.722421875 0.303375 0.722421875 0.22712500000000002 0.657421875 0.22712500000000002 0.657421875 0.303375 0.722421875 0.303375
1 0.7674218749999999 0.29775 0.7674218749999999 0.23125 0.716328125 0.23125 0.716328125 0.29775 0.7674218749999999 0.29775
1 0.79859375 0.28112499999999996 0.79859375 0.23125 0.7631249999999999 0.23125 0.7631249999999999 0.28112499999999996 0.79859375 0.28112499999999996
1 0.8271875 0.283875 0.8271875 0.23537499999999997 0.791640625 0.23537499999999997 0.791640625 0.283875 0.8271875 0.283875
1 0.85234375 0.277 0.85234375 0.242375 0.8159375000000001 0.242375 0.8159375000000001 0.277 0.85234375 0.277
1 0.87828125 0.29500000000000004 0.87828125 0.24375 0.845390625 0.24375 0.845390625 0.29500000000000004 0.87828125 0.29500000000000004
1 0.684296875 0.09962499999999999 0.684296875 0.155 0.8748437499999999 0.155 0.8748437499999999 0.09962499999999999 0.684296875 0.09962499999999999
1 0.8263281250000001 0.08575 0.8263281250000001 0.135625 0.850546875 0.135625 0.850546875 0.08575 0.8263281250000001 0.08575
1 0.796875 0.06225000000000001 0.796875 0.137 0.832421875 0.137 0.832421875 0.06225000000000001 0.796875 0.06225000000000001
1 0.76046875 0.048375 0.76046875 0.135625 0.802109375 0.135625 0.802109375 0.048375 0.76046875 0.048375
1 0.7631249999999999 0.145375 0.7631249999999999 0.020624999999999998 0.587265625 0.020624999999999998 0.587265625 0.145375 0.7631249999999999 0.145375
1 0.6427343750000001 0.005375 0.6427343750000001 0.074625 0.7171875 0.074625 0.7171875 0.005375 0.6427343750000001 0.005375
1 0.644453125 0.126 0.644453125 0.005375 0.38289062500000004 0.005375 0.38289062500000004 0.126 0.644453125 0.126