1 0.276796875 0.3875 0.276796875 0.2422916671875 0.005625 0.2422916671875 0.005625 0.3875 0.276796875 0.3875
1 0.325390625 0.6212500000000001 0.325390625 0.534375 0.009218750000000001 0.534375 0.009218750000000001 0.6212500000000001 0.325390625 0.6212500000000001
1 0.063671875 0.8928125 0.063671875 0.8122916671875 0.0044531250000000005 0.8122916671875 0.0044531250000000005 0.8928125 0.063671875 0.8928125
1 0.355 0.078125 0.355 0.2138541671875 0.59421875 0.2138541671875 0.59421875 0.078125 0.355 0.078125
1 0.3728169640625 0.4153174609375 0.37300052968749997 0.41916666718749995 0.3689486609375 0.41627976093749997 0.369086334375 0.41916666718749995 0.36508035781250003 0.4172420640625 0.36517214062500003 0.41916666718749995 0.361212053125 0.41820436406250006 0.36125794375 0.41916666718749995 0.35734374999999996 0.41916666718749995 0.35734374999999996 0.5202083328125 0.58828125 0.5202083328125 0.58828125 0.41916666718749995 0.5933102671875 0.3604662703125 0.628125 0.35180555468749997 0.6296875 0.3546394234375 0.6296875 0.3859375 0.7635156249999999 0.3859375 0.7635156249999999 0.318125 0.631993303125 0.3508432546875 0.6296875 0.3494230765625 0.6296875 0.318125 0.5894419640625 0.361428571875 0.37668526875 0.4143551578125 0.376914725 0.41916666718749995 0.3728169640625 0.4153174609375
1 0.7931250000000001 0.4254166671875 0.7931250000000001 0.3859375 0.72328125 0.3859375 0.72328125 0.4254166671875 0.7931250000000001 0.4254166671875
1 0.893828125 0.4254166671875 0.893828125 0.378125 0.7967187499999999 0.378125 0.7967187499999999 0.4254166671875 0.893828125 0.4254166671875
1 0.7540625000000001 0.20916666718750002 0.7540625000000001 0.1254166671875 0.6296875 0.1254166671875 0.6296875 0.20916666718750002 0.7540625000000001 0.20916666718750002
1 0.544296875 0.5685416671875 0.544296875 0.526875 0.48039062499999996 0.526875 0.48039062499999996 0.5685416671875 0.544296875 0.5685416671875
1 0.46898437499999995 0.5836458328125 0.46898437499999995 0.5438541671875 0.409296875 0.5438541671875 0.409296875 0.5836458328125 0.46898437499999995 0.5836458328125
1 0.38656250000000003 0.593125 0.38656250000000003 0.534375 0.332578125 0.534375 0.332578125 0.593125 0.38656250000000003 0.593125
1 0.85125 0.4794791671875 0.85125 0.4491666671875 0.793046875 0.4491666671875 0.793046875 0.4794791671875 0.85125 0.4794791671875
1 0.794453125 0.4794791671875 0.794453125 0.43968749999999995 0.74328125 0.43968749999999995 0.74328125 0.4794791671875 0.794453125 0.4794791671875
1 0.74609375 0.49083333281249997 0.74609375 0.45677083281249997 0.706328125 0.45677083281249997 0.706328125 0.49083333281249997 0.74609375 0.49083333281249997
1 0.913828125 0.2104166671875 0.913828125 0.1157291671875 0.77734375 0.1157291671875 0.77734375 0.2104166671875 0.913828125 0.2104166671875
1 0.59859375 0.0005208328124999999 0.59859375 0.0960416671875 0.7521093750000001 0.0960416671875 0.7521093750000001 0.0005208328124999999 0.59859375 0.0005208328124999999
1 0.005156249999999999 0.0005208328124999999 0.005156249999999999 0.08791666718749999 0.34078125 0.08791666718749999 0.34078125 0.0005208328124999999 0.005156249999999999 0.0005208328124999999
0 0.996875 0.8477083328124999 0.996875 0.37625000000000003 0.93296875 0.37625000000000003 0.93296875 0.8477083328124999 0.996875 0.8477083328124999