1 0.50578125 0.86575 0.50578125 0.8 0.35609375 0.8 0.35609375 0.86575 0.50578125 0.86575
1 0.59953125 0.8223750000000001 0.59953125 0.768375 0.50984375 0.768375 0.50984375 0.8223750000000001 0.59953125 0.8223750000000001
1 0.24421875 0.437375 0.24421875 0.366375 0.13570312499999998 0.366375 0.13570312499999998 0.437375 0.24421875 0.437375
1 0.30148437499999997 0.5936250000000001 0.30148437499999997 0.53525 0.14359375000000002 0.53525 0.14359375000000002 0.5936250000000001 0.30148437499999997 0.5936250000000001
1 0.13570312499999998 0.603125 0.13570312499999998 0.547875 0.059687500000000004 0.547875 0.059687500000000004 0.603125 0.13570312499999998 0.603125
1 0.13171875 0.446875 0.13171875 0.40099999999999997 0.065625 0.40099999999999997 0.065625 0.446875 0.13171875 0.446875
1 0.159375 0.292125 0.159375 0.1895 0.064609375 0.1895 0.064609375 0.292125 0.159375 0.292125
1 0.286640625 0.262125 0.286640625 0.17525 0.13468750000000002 0.17525 0.13468750000000002 0.262125 0.286640625 0.262125
1 0.167265625 0.0805 0.167265625 0.00475 0.06265625 0.00475 0.06265625 0.0805 0.167265625 0.0805
1 0.1525 0 0.1525 0.053625 0.267890625 0.053625 0.267890625 0 0.1525 0
1 0.08140625 0.11525 0.08140625 0.037875 0.0025 0.037875 0.0025 0.11525 0.08140625 0.11525
1 0.05671875 0.281 0.05671875 0.222625 0.0053906250000000005 0.222625 0.0053906250000000005 0.281 0.05671875 0.281
1 0.064609375 0.45475000000000004 0.064609375 0.413625 0.009375 0.413625 0.009375 0.45475000000000004 0.064609375 0.45475000000000004
1 0.057734375000000004 0.603125 0.057734375000000004 0.5589999999999999 0.0053906250000000005 0.5589999999999999 0.0053906250000000005 0.603125 0.057734375000000004 0.603125
1 0.4090625 0.323625 0.4090625 0.2305 0.288671875 0.2305 0.288671875 0.323625 0.4090625 0.323625
1 0.292578125 0.306375 0.292578125 0.259 0.25015624999999997 0.259 0.25015624999999997 0.306375 0.292578125 0.306375
1 0.41695312500000004 0.51475 0.41695312500000004 0.46575 0.31921875 0.46575 0.31921875 0.51475 0.41695312500000004 0.51475
1 0.392265625 0.13574999999999998 0.392265625 0.020499999999999997 0.285703125 0.020499999999999997 0.285703125 0.13574999999999998 0.392265625 0.13574999999999998
1 0.408046875 0 0.408046875 0.047375 0.46624999999999994 0.047375 0.46624999999999994 0 0.408046875 0
1 0.403125 0.10425 0.403125 0.162625 0.46429687499999994 0.162625 0.46429687499999994 0.10425 0.403125 0.10425
1 0.44851562500000003 0.08837500000000001 0.44851562500000003 0.13574999999999998 0.50671875 0.13574999999999998 0.50671875 0.08837500000000001 0.44851562500000003 0.08837500000000001
1 0.41296875 0.2305 0.41296875 0.27475 0.463359375 0.27475 0.463359375 0.2305 0.41296875 0.2305
1 0.42289062499999996 0.36 0.42289062499999996 0.40099999999999997 0.46828125 0.40099999999999997 0.46828125 0.36 0.42289062499999996 0.36
0 0.726953125 0.7 0.726953125 0.34475 0.56828125 0.34475 0.56828125 0.7 0.726953125 0.7