1 0.26328125 0.49024999999999996 0.26328125 0.35375 0.025234374999999996 0.35375 0.025234374999999996 0.49024999999999996 0.26328125 0.49024999999999996
1 0.427890625 0.35375 0.427890625 0.2325 0.264453125 0.2325 0.264453125 0.35375 0.427890625 0.35375
1 0.716875 0.48637499999999995 0.716875 0.314 0.264453125 0.314 0.264453125 0.48637499999999995 0.716875 0.48637499999999995
1 0.7642187500000001 0.48075 0.7642187500000001 0.38975 0.703828125 0.38975 0.703828125 0.48075 0.7642187500000001 0.48075
1 0.793828125 0.49024999999999996 0.793828125 0.406875 0.751171875 0.406875 0.751171875 0.49024999999999996 0.793828125 0.49024999999999996
1 0.821015625 0.49775 0.821015625 0.437125 0.7890625 0.437125 0.7890625 0.49775 0.821015625 0.49775
1 0.8364843750000001 0.52625 0.8364843750000001 0.44662499999999994 0.8163281250000001 0.44662499999999994 0.8163281250000001 0.52625 0.8364843750000001 0.52625
1 0.83765625 0.46362500000000006 0.83765625 0.5091249999999999 0.8565625000000001 0.5091249999999999 0.8565625000000001 0.46362500000000006 0.83765625 0.46362500000000006
1 0.858984375 0.6910000000000001 0.858984375 0.649375 0.844765625 0.649375 0.844765625 0.6910000000000001 0.858984375 0.6910000000000001
1 0.84828125 0.71375 0.84828125 0.658875 0.8163281250000001 0.658875 0.8163281250000001 0.71375 0.84828125 0.71375
1 0.844765625 0.746 0.844765625 0.675875 0.74171875 0.675875 0.74171875 0.746 0.844765625 0.746
1 0.8163281250000001 0.8085000000000001 0.8163281250000001 0.71 0.712109375 0.71 0.712109375 0.8085000000000001 0.8163281250000001 0.8085000000000001
1 0.751171875 0.89375 0.751171875 0.738375 0.44328124999999996 0.738375 0.44328124999999996 0.89375 0.751171875 0.89375
1 0.7665625 0.9828749999999999 0.7665625 0.787625 0.282265625 0.787625 0.282265625 0.9828749999999999 0.7665625 0.9828749999999999
1 0.31421875 0.998 0.31421875 0.909 0.18984375 0.909 0.18984375 0.998 0.31421875 0.998
1 0.33453125 0.176375 0.33453125 0.26737500000000003 0.597421875 0.26737500000000003 0.597421875 0.176375 0.33453125 0.176375
1 0.14859375 0.07975 0.14859375 0.20299999999999999 0.50859375 0.20299999999999999 0.50859375 0.07975 0.14859375 0.07975