0 0.5053124999999999 0.9942500000000001 0.5053124999999999 0.0052499999999999995 0.0053906250000000005 0.0052499999999999995 0.0053906250000000005 0.9942500000000001 0.5053124999999999 0.9942500000000001
1 0.047890625 0.153125 0.047890625 0.104625 0.000234375 0.104625 0.000234375 0.153125 0.047890625 0.153125
1 0.06343750000000001 0.25975000000000004 0.06343750000000001 0.21125 0.0036718750000000002 0.21125 0.0036718750000000002 0.25975000000000004 0.06343750000000001 0.25975000000000004
1 0.077265625 0.3665 0.077265625 0.301375 0.00453125 0.301375 0.00453125 0.3665 0.077265625 0.3665
1 0.1240625 0.26949999999999996 0.1240625 0.227875 0.075546875 0.227875 0.075546875 0.26949999999999996 0.1240625 0.26949999999999996
1 0.13015625 0.18775 0.13015625 0.143375 0.04875 0.143375 0.04875 0.18775 0.13015625 0.18775
1 0.123203125 0.104625 0.123203125 0.056125 0.040078125 0.056125 0.040078125 0.104625 0.123203125 0.104625
1 0.04609375 0.04775 0.04609375 0.00475 0.0010937499999999999 0.00475 0.0010937499999999999 0.04775 0.04609375 0.04775
1 0.193359375 0.10874999999999999 0.193359375 0.05475 0.123203125 0.05475 0.123203125 0.10874999999999999 0.193359375 0.10874999999999999
1 0.559765625 0.10600000000000001 0.559765625 0.0395 0.443671875 0.0395 0.443671875 0.10600000000000001 0.559765625 0.10600000000000001
1 0.606484375 0.115625 0.606484375 0.045 0.5146875 0.045 0.5146875 0.115625 0.606484375 0.115625
1 0.65328125 0.12675 0.65328125 0.04775 0.577890625 0.04775 0.577890625 0.12675 0.65328125 0.12675
1 0.7017187500000001 0.10925 0.7017187500000001 0.058374999999999996 0.6446875000000001 0.058374999999999996 0.6446875000000001 0.10925 0.7017187500000001 0.10925
1 0.74140625 0.11499999999999999 0.74140625 0.056125 0.6930468750000001 0.056125 0.6930468750000001 0.11499999999999999 0.74140625 0.11499999999999999
1 0.782265625 0.66725 0.782265625 0.534375 0.532578125 0.534375 0.532578125 0.66725 0.782265625 0.66725
1 0.55921875 0.634875 0.55921875 0.5725 0.4646875 0.5725 0.4646875 0.634875 0.55921875 0.634875
1 0.5440625 0.48587499999999995 0.5440625 0.43512500000000004 0.46687500000000004 0.43512500000000004 0.46687500000000004 0.48587499999999995 0.5440625 0.48587499999999995
1 0.9946093749999999 0.595 0.9946093749999999 0.5135 0.78984375 0.5135 0.78984375 0.595 0.9946093749999999 0.595
1 0.958359375 0.276375 0.958359375 0.182125 0.741796875 0.182125 0.741796875 0.276375 0.958359375 0.276375
1 0.99296875 0.23199999999999998 0.99296875 0.182125 0.94796875 0.182125 0.94796875 0.23199999999999998 0.99296875 0.23199999999999998
1 0.942734375 0.11699999999999999 0.942734375 0.0033750000000000004 0.766953125 0.0033750000000000004 0.766953125 0.11699999999999999 0.942734375 0.11699999999999999
1 0.99296875 0.10175000000000001 0.99296875 0.006125 0.905546875 0.006125 0.905546875 0.10175000000000001 0.99296875 0.10175000000000001