1 0.04109375 0.76444444375 0.04109375 0.8288888890624999 0.08921875 0.8288888890624999 0.08921875 0.76444444375 0.04109375 0.76444444375
1 0.090703125 0.76055555625 0.090703125 0.8170833328124999 0.186953125 0.8170833328124999 0.186953125 0.76055555625 0.090703125 0.76055555625
1 0.041875 0.2579166671875 0.041875 0.3288888890625 0.09812499999999999 0.3288888890625 0.09812499999999999 0.2579166671875 0.041875 0.2579166671875
1 0.041875 0.46055555625 0.041875 0.50125 0.090703125 0.50125 0.090703125 0.46055555625 0.041875 0.46055555625
1 0.039609375 0.08680555625 0.039609375 0.1711111109375 0.10773437500000001 0.1711111109375 0.10773437500000001 0.08680555625 0.039609375 0.08680555625
1 0.1846875 0.144722221875 0.1846875 0.08680555625 0.141796875 0.08680555625 0.141796875 0.144722221875 0.1846875 0.144722221875
1 0.18101562499999999 0.2420833328125 0.18101562499999999 0.181527778125 0.127734375 0.181527778125 0.127734375 0.2420833328125 0.18101562499999999 0.2420833328125
1 0.174375 0.33555555625 0.174375 0.27625 0.11960937499999999 0.27625 0.11960937499999999 0.33555555625 0.174375 0.33555555625
1 0.17289062500000002 0.4473611109375 0.17289062500000002 0.394722221875 0.118125 0.394722221875 0.118125 0.4473611109375 0.17289062500000002 0.4473611109375
0 0.6272656249999999 0.2776388890625 0.6272656249999999 0.7288888890624999 0.8241406250000001 0.7288888890624999 0.8241406250000001 0.2776388890625 0.6272656249999999 0.2776388890625
0 0.346796875 0.725 0.346796875 0.39347222187500003 0.23351562499999998 0.39347222187500003 0.23351562499999998 0.725 0.346796875 0.725