1 0.85375 0.6723611109375 0.85375 0.6184722218750001 0.77015625 0.6184722218750001 0.77015625 0.6723611109375 0.85375 0.6723611109375
1 0.9071093749999999 0.65 0.9071093749999999 0.61055555625 0.8604687500000001 0.61055555625 0.8604687500000001 0.65 0.9071093749999999 0.65
1 0.73390625 0.73944444375 0.73390625 0.681527778125 0.64359375 0.681527778125 0.64359375 0.73944444375 0.73390625 0.73944444375
1 0.660625 0.781527778125 0.660625 0.7170833328125 0.5296093749999999 0.7170833328125 0.5296093749999999 0.781527778125 0.660625 0.781527778125
1 0.524453125 0.7855555562500001 0.524453125 0.725 0.417109375 0.725 0.417109375 0.7855555562500001 0.524453125 0.7855555562500001
1 0.47257812499999996 0.5711111109375 0.47257812499999996 0.5288888890625 0.391171875 0.5288888890625 0.391171875 0.5711111109375 0.47257812499999996 0.5711111109375
1 0.54734375 0.21319444375000002 0.54734375 0.15125 0.467421875 0.15125 0.467421875 0.21319444375000002 0.54734375 0.21319444375000002
1 0.542890625 0.38680555625 0.542890625 0.33944444375 0.471875 0.33944444375 0.471875 0.38680555625 0.542890625 0.38680555625
1 0.45999999999999996 0.38680555625 0.45999999999999996 0.3288888890625 0.38453125 0.3288888890625 0.38453125 0.38680555625 0.45999999999999996 0.38680555625
1 0.462265625 0.26847222187500003 0.462265625 0.20652777812499998 0.3734375 0.20652777812499998 0.3734375 0.26847222187500003 0.462265625 0.26847222187500003
1 0.45335937499999995 0.16583333281249998 0.45335937499999995 0.11847222187499999 0.38679687500000004 0.11847222187499999 0.38679687500000004 0.16583333281249998 0.45335937499999995 0.16583333281249998
1 0.045546875 0.7723611109374999 0.045546875 0.744722221875 0.039609375 0.744722221875 0.039609375 0.7723611109374999 0.045546875 0.7723611109374999
1 0.078828125 0.7697222218750001 0.078828125 0.731527778125 0.049296875000000004 0.731527778125 0.049296875000000004 0.7697222218750001 0.078828125 0.7697222218750001
1 0.10773437500000001 0.76180555625 0.10773437500000001 0.725 0.07664062499999999 0.725 0.07664062499999999 0.76180555625 0.10773437500000001 0.76180555625
1 0.14250000000000002 0.744722221875 0.14250000000000002 0.7223611109375 0.12328125000000001 0.7223611109375 0.12328125000000001 0.744722221875 0.14250000000000002 0.744722221875
1 0.16398437500000002 0.73819444375 0.16398437500000002 0.7158333328125 0.1484375 0.7158333328125 0.1484375 0.73819444375 0.16398437500000002 0.73819444375
1 0.17875000000000002 0.7276388890625001 0.17875000000000002 0.7079166671875 0.163203125 0.7079166671875 0.163203125 0.7276388890625001 0.17875000000000002 0.7276388890625001
1 0.044296875 0.7927777781249999 0.044296875 0.7494444437500001 0.0046875 0.7494444437500001 0.0046875 0.7927777781249999 0.044296875 0.7927777781249999
1 0.03796875 0.6426388890625 0.03796875 0.6086111109375001 0.0008593750000000001 0.6086111109375001 0.0008593750000000001 0.6426388890625 0.03796875 0.6426388890625
1 0.077578125 0.64944444375 0.077578125 0.61305555625 0.036640624999999996 0.61305555625 0.036640624999999996 0.64944444375 0.077578125 0.64944444375
1 0.11359375000000001 0.6495833328125 0.11359375000000001 0.6211111109375 0.07781249999999999 0.6211111109375 0.07781249999999999 0.6495833328125 0.11359375000000001 0.6495833328125
1 0.043671875 0.49611111093750004 0.043671875 0.4583333328125 0.002109375 0.4583333328125 0.002109375 0.49611111093750004 0.043671875 0.49611111093750004
1 0.07570312500000001 0.534027778125 0.07570312500000001 0.471527778125 0.0415625 0.471527778125 0.0415625 0.534027778125 0.07570312500000001 0.534027778125
1 0.10765625000000001 0.5416666671875 0.10765625000000001 0.50180555625 0.079921875 0.50180555625 0.079921875 0.5416666671875 0.10765625000000001 0.5416666671875
1 0.043671875 0.3351388890625 0.043671875 0.2479166671875 0.0053124999999999995 0.2479166671875 0.0053124999999999995 0.3351388890625 0.043671875 0.3351388890625
1 0.082109375 0.38055555625 0.082109375 0.3161111109375 0.04796875 0.3161111109375 0.04796875 0.38055555625 0.082109375 0.38055555625
1 0.11296874999999999 0.4108333328125 0.11296874999999999 0.350277778125 0.083125 0.350277778125 0.083125 0.4108333328125 0.11296874999999999 0.4108333328125
1 0.068203125 0.179722221875 0.068203125 0.07930555624999999 0.022421875 0.07930555624999999 0.022421875 0.179722221875 0.068203125 0.179722221875
1 0.091640625 0.236527778125 0.091640625 0.1608333328125 0.056484374999999996 0.1608333328125 0.056484374999999996 0.236527778125 0.091640625 0.236527778125
1 0.11937500000000001 0.27444444375 0.11937500000000001 0.229027778125 0.08953124999999999 0.229027778125 0.08953124999999999 0.27444444375 0.11937500000000001 0.27444444375
1 0.05859375 0.0016666671875 0.05859375 0.0395833328125 0.082109375 0.0395833328125 0.082109375 0.0016666671875 0.05859375 0.0016666671875
1 0.10765625000000001 0.107777778125 0.10765625000000001 0.020555556250000002 0.07671875 0.020555556250000002 0.07671875 0.107777778125 0.10765625000000001 0.107777778125
1 0.12898437499999998 0.16458333281249998 0.12898437499999998 0.0926388890625 0.09914062500000001 0.0926388890625 0.09914062500000001 0.16458333281249998 0.12898437499999998 0.16458333281249998
1 0.1559375 0.16263888906249999 0.1559375 0.109027778125 0.13109375 0.109027778125 0.13109375 0.16263888906249999 0.1559375 0.16263888906249999
1 0.16929687499999999 0.20375000000000001 0.16929687499999999 0.15638888906249998 0.157734375 0.15638888906249998 0.157734375 0.20375000000000001 0.16929687499999999 0.20375000000000001
1 0.146171875 0.2511111109375 0.146171875 0.202222221875 0.1221875 0.202222221875 0.1221875 0.2511111109375 0.146171875 0.2511111109375
1 0.16218749999999998 0.292222221875 0.16218749999999998 0.24319444375 0.141796875 0.24319444375 0.141796875 0.292222221875 0.16218749999999998 0.292222221875
1 0.1453125 0.35375 0.1453125 0.29694444375 0.11867187500000001 0.29694444375 0.11867187500000001 0.35375 0.1453125 0.35375
1 0.135546875 0.4611111109375 0.135546875 0.39958333281249997 0.113359375 0.39958333281249997 0.113359375 0.4611111109375 0.135546875 0.4611111109375
1 0.1559375 0.48472222187499997 0.1559375 0.4311111109375 0.140859375 0.4311111109375 0.140859375 0.48472222187499997 0.1559375 0.48472222187499997
1 0.17281249999999998 0.4879166671875 0.17281249999999998 0.44375 0.15687500000000001 0.44375 0.15687500000000001 0.4879166671875 0.17281249999999998 0.4879166671875
1 0.1390625 0.5463888890625 0.1390625 0.5195833328125 0.11070312499999999 0.5195833328125 0.11070312499999999 0.5463888890625 0.1390625 0.5463888890625
1 0.15953124999999999 0.5700000000000001 0.15953124999999999 0.5369444437500001 0.141796875 0.5369444437500001 0.141796875 0.5700000000000001 0.15953124999999999 0.5700000000000001
1 0.17640625000000001 0.5700000000000001 0.17640625000000001 0.5463888890625 0.160390625 0.5463888890625 0.160390625 0.5700000000000001 0.17640625000000001 0.5700000000000001
1 0.17375000000000002 0.39791666718749996 0.17375000000000002 0.3616666671875 0.138203125 0.3616666671875 0.138203125 0.39791666718749996 0.17375000000000002 0.39791666718749996
1 0.751953125 0.169027778125 0.751953125 0.11694444374999999 0.688828125 0.11694444374999999 0.688828125 0.169027778125 0.751953125 0.169027778125
1 0.7013281250000001 0.115277778125 0.7013281250000001 0.0711111109375 0.658671875 0.0711111109375 0.658671875 0.115277778125 0.7013281250000001 0.115277778125
1 0.71375 0.205277778125 0.71375 0.15319444375 0.671953125 0.15319444375 0.671953125 0.205277778125 0.71375 0.205277778125
1 0.7599218750000001 0.26694444375000004 0.7599218750000001 0.2195833328125 0.6995312499999999 0.2195833328125 0.6995312499999999 0.26694444375000004 0.7599218750000001 0.26694444375000004
1 0.7759375000000001 0.3663888890625 0.7759375000000001 0.32999999999999996 0.71375 0.32999999999999996 0.71375 0.3663888890625 0.7759375000000001 0.3663888890625
1 0.723515625 0.295277778125 0.723515625 0.2416666671875 0.67734375 0.2416666671875 0.67734375 0.295277778125 0.723515625 0.295277778125
1 0.73328125 0.38847222187499997 0.73328125 0.3458333328125 0.686171875 0.3458333328125 0.686171875 0.38847222187499997 0.73328125 0.38847222187499997
1 0.7528125 0.46430555625 0.7528125 0.4311111109375 0.71375 0.4311111109375 0.71375 0.46430555625 0.7528125 0.46430555625
1 0.724375 0.48 0.724375 0.45 0.6897656249999999 0.45 0.6897656249999999 0.48 0.724375 0.48
1 0.791015625 0.5447222218750001 0.791015625 0.5226388890625 0.724375 0.5226388890625 0.724375 0.5447222218750001 0.791015625 0.5447222218750001
1 0.678125 0.30430555625 0.678125 0.2751388890625 0.6621875 0.2751388890625 0.6621875 0.30430555625 0.678125 0.30430555625
1 0.68484375 0.3948611109375 0.68484375 0.37013888906250003 0.66578125 0.37013888906250003 0.66578125 0.3948611109375 0.68484375 0.3948611109375
1 0.6889062499999999 0.48986111093750007 0.6889062499999999 0.471527778125 0.67296875 0.471527778125 0.67296875 0.48986111093750007 0.6889062499999999 0.48986111093750007
0 0.99515625 0.600972221875 0.99515625 0.3375 0.9457812499999999 0.3375 0.9457812499999999 0.600972221875 0.99515625 0.600972221875