1 0.37289062500000003 0.0015625 0.37289062500000003 0.3698958328125 0.9884375000000001 0.3698958328125 0.9884375000000001 0.0015625 0.37289062500000003 0.0015625
1 0.388203125 0.4813541671875 0.388203125 0.2676041671875 0.186953125 0.2676041671875 0.186953125 0.4813541671875 0.388203125 0.4813541671875
1 0.209140625 0.5222916671875 0.209140625 0.3517708328125 0.074453125 0.3517708328125 0.074453125 0.5222916671875 0.209140625 0.5222916671875
1 0.09148437499999999 0.5632291671874999 0.09148437499999999 0.41312499999999996 0.028437499999999998 0.41312499999999996 0.028437499999999998 0.5632291671874999 0.09148437499999999 0.5632291671874999
1 0.0403125 0.5540625 0.0403125 0.4608333328125 0.0028125 0.4608333328125 0.0028125 0.5540625 0.0403125 0.5540625
1 0.033515625 0.7610416671875 0.033515625 0.6951041671875 0.0010937499999999999 0.6951041671875 0.0010937499999999999 0.7610416671875 0.033515625 0.7610416671875
1 0.13414062499999999 0.8269791671875 0.13414062499999999 0.6973958328125 0.030078125 0.6973958328125 0.030078125 0.8269791671875 0.13414062499999999 0.8269791671875
1 0.33703125 0.9065625 0.33703125 0.7064583328125 0.071015625 0.7064583328125 0.071015625 0.9065625 0.33703125 0.9065625
1 0.529765625 0.9496874999999999 0.529765625 0.7678125 0.1784375 0.7678125 0.1784375 0.9496874999999999 0.529765625 0.9496874999999999
1 0.108515625 0.9588541671874999 0.108515625 0.8610416671875001 0.009609375 0.8610416671875001 0.009609375 0.9588541671874999 0.108515625 0.9588541671874999
1 0.088046875 0.9929166671875 0.088046875 0.9179166671875001 0.0010937499999999999 0.9179166671875001 0.0010937499999999999 0.9929166671875 0.088046875 0.9929166671875
1 0.1 0.0038541671875000003 0.1 0.18802083281249998 0.41382812500000005 0.18802083281249998 0.41382812500000005 0.0038541671875000003 0.1 0.0038541671875000003
1 0.3234375 0.263125 0.3234375 0.074375 0.028437499999999998 0.074375 0.028437499999999998 0.263125 0.3234375 0.263125
1 0.29953124999999997 0.32218749999999996 0.29953124999999997 0.1630208328125 0.00796875 0.1630208328125 0.00796875 0.32218749999999996 0.29953124999999997 0.32218749999999996