1 0.9985937500000001 0.4313888890625 0.9985937500000001 0.2498148140625 0.8271875 0.2498148140625 0.8271875 0.4313888890625 0.9985937500000001 0.4313888890625
1 0.8378645828125 0.45027777812499997 0.8378645828125 0.3461111109375 0.7472916671875 0.3461111109375 0.7472916671875 0.45027777812499997 0.8378645828125 0.45027777812499997
1 0.7552604171875 0.46925925937499996 0.7552604171875 0.39509259218750004 0.6939583328125 0.39509259218750004 0.6939583328125 0.46925925937499996 0.7552604171875 0.46925925937499996
1 0.6975520828125 0.47712962968749995 0.6975520828125 0.4171296296875 0.6575520828125 0.4171296296875 0.6575520828125 0.47712962968749995 0.6975520828125 0.47712962968749995
1 0.6629166671875 0.478703703125 0.6629166671875 0.418703703125 0.6371354171875 0.418703703125 0.6371354171875 0.478703703125 0.6629166671875 0.478703703125
1 0.63890625 0.48027777812499994 0.63890625 0.4408333328125 0.6202604171874999 0.4408333328125 0.6202604171874999 0.48027777812499994 0.63890625 0.48027777812499994
1 0.62328125 0.580740740625 0.62328125 0.56101851875 0.6041666671875 0.56101851875 0.6041666671875 0.580740740625 0.62328125 0.580740740625
1 0.6263541671875 0.519259259375 0.6263541671875 0.501759259375 0.6041145828125 0.501759259375 0.6041145828125 0.519259259375 0.6263541671875 0.519259259375
1 0.6186458328125 0.501759259375 0.6186458328125 0.48194444374999995 0.6049479171875001 0.48194444374999995 0.6049479171875001 0.501759259375 0.6186458328125 0.501759259375
1 0.6280729171874999 0.47435185156250004 0.6280729171874999 0.446203703125 0.6006770828125 0.446203703125 0.6006770828125 0.47435185156250004 0.6280729171874999 0.47435185156250004
1 0.6207812500000001 0.45305555625 0.6207812500000001 0.4256481484375 0.6006770828125 0.4256481484375 0.6006770828125 0.45305555625 0.6207812500000001 0.45305555625
1 0.6019270828125001 0.4058333328125 0.6019270828125001 0.43166666718749996 0.6173437500000001 0.43166666718749996 0.6173437500000001 0.4058333328125 0.6019270828125001 0.4058333328125
1 0.6182291671875 0.41194444375000006 0.6182291671875 0.38527777812499997 0.5959375 0.38527777812499997 0.5959375 0.41194444375000006 0.6182291671875 0.41194444375000006
1 0.6002604171875 0.36925925937500004 0.6002604171875 0.3913888890625 0.6178125 0.3913888890625 0.6178125 0.36925925937500004 0.6002604171875 0.36925925937500004
1 0.6152083328125 0.37305555625000003 0.6152083328125 0.34342592656250004 0.5980729171875 0.34342592656250004 0.5980729171875 0.37305555625000003 0.6152083328125 0.37305555625000003
1 0.5997916671875 0.3304629625 0.5997916671875 0.3525 0.6134895828125 0.3525 0.6134895828125 0.3304629625 0.5997916671875 0.3304629625
1 0.6139583328125 0.3403703703125 0.6139583328125 0.3106481484375 0.5925520828125 0.3106481484375 0.5925520828125 0.3403703703125 0.6139583328125 0.3403703703125
1 0.6122395828125 0.3129629625 0.6122395828125 0.2816666671875 0.6019270828125001 0.2816666671875 0.6019270828125001 0.3129629625 0.6122395828125 0.3129629625
1 0.7202083328125 0.32055555625 0.7202083328125 0.2521296296875 0.6106770828125 0.2521296296875 0.6106770828125 0.32055555625 0.7202083328125 0.32055555625
1 0.7490625 0.2824074078125 0.7490625 0.2048148140625 0.6261979171875 0.2048148140625 0.6261979171875 0.2824074078125 0.7490625 0.2824074078125
1 0.7759895828125 0.2590740734375 0.7759895828125 0.15648148125 0.6436979171874999 0.15648148125 0.6436979171874999 0.2590740734375 0.7759895828125 0.2590740734375
1 0.8346354171874999 0.2086111109375 0.8346354171874999 0.1090740734375 0.6854166671875 0.1090740734375 0.6854166671875 0.2086111109375 0.8346354171874999 0.2086111109375
1 0.8275 0.7249074078125 0.8275 0.6159259265625 0.6978645828125 0.6159259265625 0.6978645828125 0.7249074078125 0.8275 0.7249074078125
1 0.8470833328125 0.7675 0.8470833328125 0.6286111109375 0.7476041671875 0.6286111109375 0.7476041671875 0.7675 0.8470833328125 0.7675
1 0.9971354171875 0.893240740625 0.9971354171875 0.6848148140625 0.8447395828125 0.6848148140625 0.8447395828125 0.893240740625 0.9971354171875 0.893240740625
1 0.9950520828125 0.9898148140625 0.9950520828125 0.8818518515625 0.76484375 0.8818518515625 0.76484375 0.9898148140625 0.9950520828125 0.9898148140625
1 0.83625 0.9083333328125001 0.83625 0.8079629625000001 0.7381770828125 0.8079629625000001 0.7381770828125 0.9083333328125001 0.83625 0.9083333328125001
1 0.7509375 0.8534259265624999 0.7509375 0.7871296296875 0.6933854171875 0.7871296296875 0.6933854171875 0.8534259265624999 0.7509375 0.8534259265624999
0 0.34171874999999996 0.5995370375 0.34171874999999996 0.42898148125 0.2713541671875 0.42898148125 0.2713541671875 0.5995370375 0.34171874999999996 0.5995370375
0 0.6171875 0.73305555625 0.6171875 0.471296296875 0.5853645828125 0.471296296875 0.5853645828125 0.73305555625 0.6171875 0.73305555625
0 0.6482812499999999 0.7791666671875 0.6482812499999999 0.4673148140625 0.61125 0.4673148140625 0.61125 0.7791666671875 0.6482812499999999 0.7791666671875
0 0.7008333328125 0.83305555625 0.7008333328125 0.46601851875 0.62828125 0.46601851875 0.62828125 0.83305555625 0.7008333328125 0.83305555625