1 0.9610156249999999 0.2226388890625 0.9610156249999999 0.004444443750000001 0.698828125 0.004444443750000001 0.698828125 0.2226388890625 0.9610156249999999 0.2226388890625
1 0.908515625 0.3773611109375 0.908515625 0.18402777812499999 0.618203125 0.18402777812499999 0.618203125 0.3773611109375 0.908515625 0.3773611109375
1 0.801484375 0.42430555625000005 0.801484375 0.30319444375 0.579453125 0.30319444375 0.579453125 0.42430555625000005 0.801484375 0.42430555625000005
1 0.6431250000000001 0.46763888906249995 0.6431250000000001 0.38486111093750003 0.54984375 0.38486111093750003 0.54984375 0.46763888906249995 0.6431250000000001 0.46763888906249995
1 0.64015625 0.5045833328125 0.64015625 0.4295833328125 0.5291406249999999 0.4295833328125 0.5291406249999999 0.5045833328125 0.64015625 0.5045833328125
1 0.530625 0.508472221875 0.530625 0.47819444375 0.51875 0.47819444375 0.51875 0.508472221875 0.530625 0.508472221875
1 0.589765625 0.6308333328125 0.589765625 0.5716666671875 0.55578125 0.5716666671875 0.55578125 0.6308333328125 0.589765625 0.6308333328125
1 0.635703125 0.62694444375 0.635703125 0.544027778125 0.5786718750000001 0.544027778125 0.5786718750000001 0.62694444375 0.635703125 0.62694444375
1 0.72890625 0.6125 0.72890625 0.50319444375 0.632734375 0.50319444375 0.632734375 0.6125 0.72890625 0.6125
1 0.933203125 0.5875 0.933203125 0.3795833328125 0.723046875 0.3795833328125 0.723046875 0.5875 0.933203125 0.5875
1 0.994375 0.54569444375 0.994375 0.3325 0.933984375 0.3325 0.933984375 0.54569444375 0.994375 0.54569444375
1 0.9961718749999999 0.994027778125 0.9961718749999999 0.8234722218750001 0.758984375 0.8234722218750001 0.758984375 0.994027778125 0.9961718749999999 0.994027778125
1 0.908203125 0.9404166671875 0.908203125 0.7383333328125 0.63734375 0.7383333328125 0.63734375 0.9404166671875 0.908203125 0.9404166671875
1 0.762578125 0.8598611109375 0.762578125 0.7398611109375001 0.6009375 0.7398611109375001 0.6009375 0.8598611109375 0.762578125 0.8598611109375
1 0.63734375 0.7825 0.63734375 0.7304166671875 0.5840625 0.7304166671875 0.5840625 0.7825 0.63734375 0.7825
1 0.74953125 0.1848611109375 0.74953125 0.042777778125 0.5563281250000001 0.042777778125 0.5563281250000001 0.1848611109375 0.74953125 0.1848611109375
1 0.5940624999999999 0.0072222218749999996 0.5940624999999999 0.0625 0.6925 0.0625 0.6925 0.0072222218749999996 0.5940624999999999 0.0072222218749999996
1 0.686640625 0.2966666671875 0.686640625 0.15194444375 0.551875 0.15194444375 0.551875 0.2966666671875 0.686640625 0.2966666671875
1 0.6251562500000001 0.32430555625 0.6251562500000001 0.2348611109375 0.523046875 0.2348611109375 0.523046875 0.32430555625 0.6251562500000001 0.32430555625
1 0.591171875 0.3598611109375 0.591171875 0.28611111093749997 0.5060156250000001 0.28611111093749997 0.5060156250000001 0.3598611109375 0.591171875 0.3598611109375
1 0.567421875 0.40458333281250003 0.567421875 0.34930555625 0.49710937499999996 0.34930555625 0.49710937499999996 0.40458333281250003 0.567421875 0.40458333281250003
1 0.550390625 0.26777777812500003 0.550390625 0.1966666671875 0.49046874999999995 0.1966666671875 0.49046874999999995 0.26777777812500003 0.550390625 0.26777777812500003
1 0.570390625 0.2348611109375 0.570390625 0.1611111109375 0.500859375 0.1611111109375 0.500859375 0.2348611109375 0.570390625 0.2348611109375
1 0.58375 0.18875 0.58375 0.0848611109375 0.511953125 0.0848611109375 0.511953125 0.18875 0.58375 0.18875
1 0.5252343749999999 0.00319444375 0.5252343749999999 0.0808333328125 0.5992968750000001 0.0808333328125 0.5992968750000001 0.00319444375 0.5252343749999999 0.00319444375
0 0.5825 0.7775000000000001 0.5825 0.4963888890625 0.502578125 0.4963888890625 0.502578125 0.7775000000000001 0.5825 0.7775000000000001
0 0.49812500000000004 0.4963888890625 0.49812500000000004 0.7586111109375 0.52296875 0.7586111109375 0.52296875 0.4963888890625 0.49812500000000004 0.4963888890625
0 0.513203125 0.7663888890624999 0.513203125 0.5154166671875 0.47679687499999995 0.5154166671875 0.47679687499999995 0.7663888890624999 0.513203125 0.7663888890624999
1 0.428359375 0.653472221875 0.428359375 0.6476388890625 0.40843749999999995 0.6476388890625 0.40843749999999995 0.653472221875 0.428359375 0.653472221875
1 0.428359375 0.65930555625 0.428359375 0.653472221875 0.409296875 0.653472221875 0.409296875 0.65930555625 0.428359375 0.65930555625
1 0.428359375 0.6709722218749999 0.428359375 0.65930555625 0.40875000000000006 0.65930555625 0.40875000000000006 0.6709722218749999 0.428359375 0.6709722218749999
0 0.2815625 0.6875 0.2815625 0.54944444375 0.23531249999999998 0.54944444375 0.23531249999999998 0.6875 0.2815625 0.6875