0 0.9932291671875 0.996759259375 0.9932291671875 0.00898148125 0.7025 0.00898148125 0.7025 0.996759259375 0.9932291671875 0.996759259375
1 0.6789583328125001 0.7493518515625001 0.6789583328125001 0.6615740734375 0.5689583328125 0.6615740734375 0.5689583328125 0.7493518515625001 0.6789583328125001 0.7493518515625001
1 0.7631249999999999 0.7773148140624999 0.7631249999999999 0.6555555562500001 0.6677083328125 0.6555555562500001 0.6677083328125 0.7773148140624999 0.7631249999999999 0.7773148140624999
1 0.5655729171874999 0.7134259265625 0.5655729171874999 0.65351851875 0.45895833281250004 0.65351851875 0.45895833281250004 0.7134259265625 0.5655729171874999 0.7134259265625
1 0.29140625 0.6115740734374999 0.29140625 0.5851851859375 0.2602083328125 0.5851851859375 0.2602083328125 0.6115740734374999 0.29140625 0.6115740734374999
1 0.3350520828125 0.60601851875 0.3350520828125 0.5851851859375 0.30078125 0.5851851859375 0.30078125 0.60601851875 0.3350520828125 0.60601851875
1 0.3350520828125 0.583796296875 0.3350520828125 0.60601851875 0.37015625 0.60601851875 0.37015625 0.583796296875 0.3350520828125 0.583796296875
1 0.40052083281249995 0.5935185187500001 0.40052083281249995 0.578240740625 0.37244791718750003 0.578240740625 0.37244791718750003 0.5935185187500001 0.40052083281249995 0.5935185187500001
1 0.46677083281250004 0.6434259265625 0.46677083281250004 0.6101851859375 0.40442708281249995 0.6101851859375 0.40442708281249995 0.6434259265625 0.46677083281250004 0.6434259265625
1 0.40442708281249995 0.5561111109375 0.40442708281249995 0.529722221875 0.369375 0.529722221875 0.369375 0.5561111109375 0.40442708281249995 0.5561111109375
1 0.33427083281250003 0.5366666671875 0.33427083281250003 0.5561111109375 0.369375 0.5561111109375 0.369375 0.5366666671875 0.33427083281250003 0.5366666671875
1 0.33427083281250003 0.5686111109375 0.33427083281250003 0.5366666671875 0.29296875 0.5366666671875 0.29296875 0.5686111109375 0.33427083281250003 0.5686111109375
1 0.2921875 0.52148148125 0.2921875 0.4950925921875 0.2609895828125 0.4950925921875 0.2609895828125 0.52148148125 0.2921875 0.52148148125
1 0.2602083328125 0.5242592593750001 0.2602083328125 0.4950925921875 0.22203124999999999 0.4950925921875 0.22203124999999999 0.5242592593750001 0.2602083328125 0.5242592593750001
1 0.21623511875 0.4950925921875 0.2154548609375 0.49358796250000003 0.2135639875 0.4950925921875 0.21284375 0.493703703125 0.2108928578125 0.4950925921875 0.2102326390625 0.49381944375 0.20822172656250001 0.4950925921875 0.207621528125 0.49393518593749997 0.2055505953125 0.4950925921875 0.20501041718750002 0.4940509265625 0.20287946406250001 0.4950925921875 0.20239930625000002 0.49416666718749996 0.2002083328125 0.4950925921875 0.19978819375 0.4942824078125 0.197537203125 0.4950925921875 0.1971770828125 0.49439814843749996 0.194866071875 0.4950925921875 0.194565971875 0.49451388906249993 0.192194940625 0.4950925921875 0.1815104171875 0.4950925921875 0.1815104171875 0.5242592593750001 0.21890625 0.5242592593750001 0.21890625 0.499953703125 0.241565971875 0.49243055625 0.2990104171875 0.489884259375 0.30078125 0.49300925937500006 0.30078125 0.5173148140625 0.33817708281250003 0.5173148140625 0.33817708281250003 0.4881481484375 0.301621528125 0.48976851874999994 0.30078125 0.4881481484375 0.22067708281249998 0.49335648125000003 0.21890625 0.4950925921875 0.218065971875 0.493472221875 0.21623511875 0.4950925921875
1 0.33817708281250003 0.48685185156250005 0.33817708281250003 0.5173148140625 0.37244791718750003 0.5173148140625 0.37244791718750003 0.48685185156250005 0.33817708281250003 0.48685185156250005
1 0.4067708328125 0.5145370375 0.4067708328125 0.48685185156250005 0.37244791718750003 0.48685185156250005 0.37244791718750003 0.5145370375 0.4067708328125 0.5145370375
1 0.4067708328125 0.47712962968749995 0.4067708328125 0.5145370375 0.44260416718749995 0.5145370375 0.44260416718749995 0.47712962968749995 0.4067708328125 0.47712962968749995
1 0.4659895828125 0.49787037031250003 0.4659895828125 0.47712962968749995 0.44260416718749995 0.47712962968749995 0.44260416718749995 0.49787037031250003 0.4659895828125 0.49787037031250003
1 0.5135416671875 0.45074074062499997 0.5135416671875 0.4188888890625 0.4808333328125 0.4188888890625 0.4808333328125 0.45074074062499997 0.5135416671875 0.45074074062499997
1 0.43875000000000003 0.4188888890625 0.43875000000000003 0.4479629625 0.4769270828125 0.4479629625 0.4769270828125 0.4188888890625 0.43875000000000003 0.4188888890625
1 0.43875000000000003 0.456296296875 0.43875000000000003 0.4188888890625 0.4075520828125 0.4188888890625 0.4075520828125 0.456296296875 0.43875000000000003 0.456296296875
1 0.36859375 0.42444444375 0.36859375 0.456296296875 0.4075520828125 0.456296296875 0.4075520828125 0.42444444375 0.36859375 0.42444444375
1 0.36859375 0.463240740625 0.36859375 0.42444444375 0.3327083328125 0.42444444375 0.3327083328125 0.463240740625 0.36859375 0.463240740625
1 0.29765625 0.42305555625 0.29765625 0.463240740625 0.3334895828125 0.463240740625 0.3334895828125 0.42305555625 0.29765625 0.42305555625
1 0.29765625 0.4646296296875 0.29765625 0.4216666671875 0.2563020828125 0.4216666671875 0.2563020828125 0.4646296296875 0.29765625 0.4646296296875
1 0.21968749999999998 0.4286111109375 0.21968749999999998 0.4646296296875 0.2563020828125 0.4646296296875 0.2563020828125 0.4286111109375 0.21968749999999998 0.4286111109375
1 0.21968749999999998 0.4618518515625 0.21968749999999998 0.4286111109375 0.18536458281249998 0.4286111109375 0.18536458281249998 0.4618518515625 0.21968749999999998 0.4618518515625
1 0.21421874999999999 0.3953703703125 0.21421874999999999 0.36898148124999997 0.1744791671875 0.36898148124999997 0.1744791671875 0.3953703703125 0.21421874999999999 0.3953703703125
1 0.25166666718749997 0.3981481484375 0.25166666718749997 0.3634259265625 0.21187499999999998 0.3634259265625 0.21187499999999998 0.3981481484375 0.25166666718749997 0.3981481484375
1 0.25166666718749997 0.366203703125 0.25166666718749997 0.3953703703125 0.28515625 0.3953703703125 0.28515625 0.366203703125 0.25166666718749997 0.366203703125
1 0.33036458281250003 0.391203703125 0.33036458281250003 0.36898148124999997 0.29765625 0.36898148124999997 0.29765625 0.391203703125 0.33036458281250003 0.391203703125
1 0.33036458281250003 0.3621296296875 0.33036458281250003 0.391203703125 0.3646875 0.391203703125 0.3646875 0.3621296296875 0.33036458281250003 0.3621296296875
1 0.40130208281249996 0.3898148140625 0.40130208281249996 0.3621296296875 0.3646875 0.3621296296875 0.3646875 0.3898148140625 0.40130208281249996 0.3898148140625
1 0.44651041718749995 0.384259259375 0.44651041718749995 0.360740740625 0.4075520828125 0.360740740625 0.4075520828125 0.384259259375 0.44651041718749995 0.384259259375
1 0.4441666671875 0.360740740625 0.4441666671875 0.3828703703125 0.48317708281250005 0.3828703703125 0.48317708281250005 0.360740740625 0.4441666671875 0.360740740625
1 0.5197916671875 0.3856481484375 0.5197916671875 0.3579629625 0.48317708281250005 0.3579629625 0.48317708281250005 0.3856481484375 0.5197916671875 0.3856481484375
1 0.5587500000000001 0.391203703125 0.5587500000000001 0.371759259375 0.5158854171875 0.371759259375 0.5158854171875 0.391203703125 0.5587500000000001 0.391203703125
1 0.55953125 0.445277778125 0.55953125 0.4216666671875 0.5221354171875 0.4216666671875 0.5221354171875 0.445277778125 0.55953125 0.445277778125
1 0.5930729171875 0.4438888890625 0.5930729171875 0.4161111109375 0.5541145828125 0.4161111109375 0.5541145828125 0.4438888890625 0.5930729171875 0.4438888890625
1 0.5922916671875 0.42305555625 0.5922916671875 0.4438888890625 0.63203125 0.4438888890625 0.63203125 0.42305555625 0.5922916671875 0.42305555625
1 0.6281770828125001 0.3898148140625 0.6281770828125001 0.366203703125 0.5891666671875 0.366203703125 0.5891666671875 0.3898148140625 0.6281770828125001 0.3898148140625
1 0.6726041671874999 0.378703703125 0.6726041671874999 0.360740740625 0.6390625 0.360740740625 0.6390625 0.378703703125 0.6726041671874999 0.378703703125
1 0.6741666671875 0.439722221875 0.6741666671875 0.4063888890625 0.6375 0.4063888890625 0.6375 0.439722221875 0.6741666671875 0.439722221875
1 0.6749479171874999 0.4161111109375 0.6749479171874999 0.4411111109375 0.7068749999999999 0.4411111109375 0.7068749999999999 0.4161111109375 0.6749479171874999 0.4161111109375
1 0.6273958328125 0.49648148125 0.6273958328125 0.4701851859375 0.5993229171875 0.4701851859375 0.5993229171875 0.49648148125 0.6273958328125 0.49648148125
1 0.5696875 0.47574074062499994 0.5696875 0.49648148125 0.5993229171875 0.49648148125 0.5993229171875 0.47574074062499994 0.5696875 0.47574074062499994
1 0.55953125 0.5006481484374999 0.55953125 0.47435185156250004 0.5244791671875 0.47435185156250004 0.5244791671875 0.5006481484374999 0.55953125 0.5006481484374999
1 0.5525520828125 0.33851851875 0.5525520828125 0.31222222187500004 0.5135416671875 0.31222222187500004 0.5135416671875 0.33851851875 0.5525520828125 0.33851851875
1 0.5486458328125 0.31222222187500004 0.5486458328125 0.3329629625 0.5891666671875 0.3329629625 0.5891666671875 0.31222222187500004 0.5486458328125 0.31222222187500004
1 0.6219270828125001 0.3343518515625 0.6219270828125001 0.31222222187500004 0.5899479171875 0.31222222187500004 0.5899479171875 0.3343518515625 0.6219270828125001 0.3343518515625
1 0.6188020828125 0.27898148125 0.6188020828125 0.2553703703125 0.5922916671875 0.2553703703125 0.5922916671875 0.27898148125 0.6188020828125 0.27898148125
1 0.5556770828125 0.256759259375 0.5556770828125 0.27898148125 0.5922916671875 0.27898148125 0.5922916671875 0.256759259375 0.5556770828125 0.256759259375
1 0.5556770828125 0.29555555624999996 0.5556770828125 0.256759259375 0.5205729171875 0.256759259375 0.5205729171875 0.29555555624999996 0.5556770828125 0.29555555624999996
1 0.5158854171875 0.2054629625 0.5158854171875 0.2290740734375 0.5533333328125 0.2290740734375 0.5533333328125 0.2054629625 0.5158854171875 0.2054629625
1 0.5891666671875 0.23185185156250002 0.5891666671875 0.2054629625 0.5533333328125 0.2054629625 0.5533333328125 0.23185185156250002 0.5891666671875 0.23185185156250002
1 0.5907291671875 0.201296296875 0.5907291671875 0.23185185156250002 0.6250520828125 0.23185185156250002 0.6250520828125 0.201296296875 0.5907291671875 0.201296296875
1 0.6292187499999999 0.149722221875 0.6292187499999999 0.0845370375 0.5840104171875 0.0845370375 0.5840104171875 0.149722221875 0.6292187499999999 0.149722221875
1 0.5879166671875 0.15527777812500002 0.5879166671875 0.083240740625 0.5497395828125 0.083240740625 0.5497395828125 0.15527777812500002 0.5879166671875 0.15527777812500002
1 0.5473958328124999 0.1538888890625 0.5473958328124999 0.10814814843750001 0.5115104171875 0.10814814843750001 0.5115104171875 0.1538888890625 0.5473958328124999 0.1538888890625
1 0.55359375 0.1926851859375 0.55359375 0.14694444375 0.5099479171875 0.14694444375 0.5099479171875 0.1926851859375 0.55359375 0.1926851859375
1 0.5497395828125 0.14416666718749999 0.5497395828125 0.198240740625 0.5832291671875 0.198240740625 0.5832291671875 0.14416666718749999 0.5497395828125 0.14416666718749999
1 0.6331249999999999 0.1940740734375 0.6331249999999999 0.13027777812500002 0.5910416671875 0.13027777812500002 0.5910416671875 0.1940740734375 0.6331249999999999 0.1940740734375
1 0.6830208328125 0.18851851875 0.6830208328125 0.11648148124999999 0.62609375 0.11648148124999999 0.62609375 0.18851851875 0.6830208328125 0.18851851875
1 0.5130729171875 0.16768518593749998 0.5130729171875 0.113703703125 0.4741145828125 0.113703703125 0.4741145828125 0.16768518593749998 0.5130729171875 0.16768518593749998
1 0.4413541671875 0.113703703125 0.4413541671875 0.16768518593749998 0.4741145828125 0.16768518593749998 0.4741145828125 0.113703703125 0.4413541671875 0.113703703125
1 0.44213541718749994 0.15805555625 0.44213541718749994 0.113703703125 0.40161458281250006 0.113703703125 0.40161458281250006 0.15805555625 0.44213541718749994 0.15805555625
1 0.4413541671875 0.2079629625 0.4413541671875 0.17601851875000002 0.40473958281250005 0.17601851875000002 0.40473958281250005 0.2079629625 0.4413541671875 0.2079629625
1 0.4413541671875 0.17601851875000002 0.4413541671875 0.2079629625 0.47489583281250003 0.2079629625 0.47489583281250003 0.17601851875000002 0.4413541671875 0.17601851875000002
1 0.5169791671875 0.2024074078125 0.5169791671875 0.17601851875000002 0.47489583281250003 0.17601851875000002 0.47489583281250003 0.2024074078125 0.5169791671875 0.2024074078125
1 0.5130729171875 0.26194444375 0.5130729171875 0.23148148124999998 0.4725520828125 0.23148148124999998 0.4725520828125 0.26194444375 0.5130729171875 0.26194444375
1 0.4413541671875 0.2384259265625 0.4413541671875 0.2633333328125 0.4725520828125 0.2633333328125 0.4725520828125 0.2384259265625 0.4413541671875 0.2384259265625
1 0.4413541671875 0.2633333328125 0.4413541671875 0.2384259265625 0.40708333281250003 0.2384259265625 0.40708333281250003 0.2633333328125 0.4413541671875 0.2633333328125
1 0.4413541671875 0.3243518515625 0.4413541671875 0.2979629625 0.40786458281250004 0.2979629625 0.40786458281250004 0.3243518515625 0.4413541671875 0.3243518515625
1 0.44291666718749995 0.2951851859375 0.44291666718749995 0.3243518515625 0.4772395828125 0.3243518515625 0.4772395828125 0.2951851859375 0.44291666718749995 0.2951851859375
1 0.5130729171875 0.32712962968750003 0.5130729171875 0.2951851859375 0.4772395828125 0.2951851859375 0.4772395828125 0.32712962968750003 0.5130729171875 0.32712962968750003
1 0.40161458281250006 0.3381481484375 0.40161458281250006 0.3021296296875 0.36343749999999997 0.3021296296875 0.36343749999999997 0.3381481484375 0.40161458281250006 0.3381481484375
1 0.3353645828125 0.3076851859375 0.3353645828125 0.336759259375 0.36343749999999997 0.336759259375 0.36343749999999997 0.3076851859375 0.3353645828125 0.3076851859375
1 0.3361458328125 0.3395370375 0.3361458328125 0.3076851859375 0.29635416718749996 0.3076851859375 0.29635416718749996 0.3395370375 0.3361458328125 0.3395370375
1 0.2433854171875 0.3076851859375 0.2433854171875 0.3450925921875 0.28234375 0.3450925921875 0.28234375 0.3076851859375 0.2433854171875 0.3076851859375
1 0.2433854171875 0.3409259265625 0.2433854171875 0.3076851859375 0.2090625 0.3076851859375 0.2090625 0.3409259265625 0.2433854171875 0.3409259265625
1 0.17635416718750002 0.3118518515625 0.17635416718750002 0.356203703125 0.22078125 0.356203703125 0.22078125 0.3118518515625 0.17635416718750002 0.3118518515625
1 0.22312500000000002 0.28555555625 0.22312500000000002 0.2453703703125 0.1794270828125 0.2453703703125 0.1794270828125 0.28555555625 0.22312500000000002 0.28555555625
1 0.22312500000000002 0.241203703125 0.22312500000000002 0.289722221875 0.25427083281249996 0.289722221875 0.25427083281249996 0.241203703125 0.22312500000000002 0.241203703125
1 0.29171874999999997 0.28555555625 0.29171874999999997 0.241203703125 0.25427083281249996 0.241203703125 0.25427083281249996 0.28555555625 0.29171874999999997 0.28555555625
1 0.29328125 0.241203703125 0.29328125 0.2883333328125 0.3298958328125 0.2883333328125 0.3298958328125 0.241203703125 0.29328125 0.241203703125
1 0.3696354171875 0.2813888890625 0.3696354171875 0.241203703125 0.3298958328125 0.241203703125 0.3298958328125 0.2813888890625 0.3696354171875 0.2813888890625
1 0.3696354171875 0.2328703703125 0.3696354171875 0.282777778125 0.3977083328125 0.282777778125 0.3977083328125 0.2328703703125 0.3696354171875 0.2328703703125
1 0.3977083328125 0.22453703749999998 0.3977083328125 0.178796296875 0.35953124999999997 0.178796296875 0.35953124999999997 0.22453703749999998 0.3977083328125 0.22453703749999998
1 0.3259895828125 0.1801851859375 0.3259895828125 0.23009259218749997 0.3672916671875 0.23009259218749997 0.3672916671875 0.1801851859375 0.3259895828125 0.1801851859375
1 0.3259895828125 0.23148148124999998 0.3259895828125 0.1801851859375 0.28546875 0.1801851859375 0.28546875 0.23148148124999998 0.3259895828125 0.23148148124999998
1 0.24494791718750003 0.1801851859375 0.24494791718750003 0.234259259375 0.28781249999999997 0.234259259375 0.28781249999999997 0.1801851859375 0.24494791718750003 0.1801851859375
1 0.24494791718750003 0.23009259218749997 0.24494791718750003 0.1801851859375 0.22000000000000003 0.1801851859375 0.22000000000000003 0.23009259218749997 0.24494791718750003 0.23009259218749997
1 0.1809895828125 0.1871296296875 0.1809895828125 0.241203703125 0.2246875 0.241203703125 0.2246875 0.1871296296875 0.1809895828125 0.1871296296875
1 0.25817708281249996 0.1815740734375 0.25817708281249996 0.10953703749999999 0.20750000000000002 0.10953703749999999 0.20750000000000002 0.1815740734375 0.25817708281249996 0.1815740734375
1 0.29484374999999996 0.18574074062499998 0.29484374999999996 0.10814814843750001 0.24807291718750002 0.10814814843750001 0.24807291718750002 0.18574074062499998 0.29484374999999996 0.18574074062499998
1 0.3283333328125 0.1690740734375 0.3283333328125 0.1178703703125 0.28078125 0.1178703703125 0.28078125 0.1690740734375 0.3283333328125 0.1690740734375
1 0.3657291671875 0.1690740734375 0.3657291671875 0.106759259375 0.3182291671875 0.106759259375 0.3182291671875 0.1690740734375 0.3657291671875 0.1690740734375
1 0.40395833281250004 0.14694444375 0.40395833281250004 0.106759259375 0.35953124999999997 0.106759259375 0.35953124999999997 0.14694444375 0.40395833281250004 0.14694444375
0 0.1848958328125 0.5016666671875 0.1848958328125 0.623703703125 0.22000000000000003 0.623703703125 0.22000000000000003 0.5016666671875 0.1848958328125 0.5016666671875
0 0.26989583281249996 0.5917592593750001 0.26989583281249996 0.5003703703125 0.22312500000000002 0.5003703703125 0.22312500000000002 0.5917592593750001 0.26989583281249996 0.5917592593750001
0 0.12645833281250002 0.647222221875 0.12645833281250002 0.5211111109375001 0.0414583328125 0.5211111109375001 0.0414583328125 0.647222221875 0.12645833281250002 0.647222221875