1 0.0134375 0.007124999999999999 0.0134375 0.3095 0.43828125 0.3095 0.43828125 0.007124999999999999 0.0134375 0.007124999999999999
1 0.01625 0.19125 0.01625 0.4505 0.620234375 0.4505 0.620234375 0.19125 0.01625 0.19125
1 0.5960156249999999 0.28675 0.5960156249999999 0.43462500000000004 0.7282031250000001 0.43462500000000004 0.7282031250000001 0.28675 0.5960156249999999 0.28675
1 0.77796875 0.45275 0.77796875 0.348125 0.7153906250000001 0.348125 0.7153906250000001 0.45275 0.77796875 0.45275
1 0.8234375 0.45725 0.8234375 0.368625 0.779375 0.368625 0.779375 0.45725 0.8234375 0.45725
1 0.85609375 0.47775 0.85609375 0.391375 0.8120312500000001 0.391375 0.8120312500000001 0.47775 0.85609375 0.47775
1 0.870078125 0.481375 0.870078125 0.410375 0.844375 0.410375 0.844375 0.481375 0.870078125 0.481375
1 0.8917187500000001 0.481375 0.8917187500000001 0.41987500000000005 0.8641406249999999 0.41987500000000005 0.8641406249999999 0.481375 0.8917187500000001 0.481375
1 0.84140625 0.659875 0.84140625 0.5493750000000001 0.780234375 0.5493750000000001 0.780234375 0.659875 0.84140625 0.659875
1 0.786171875 0.682 0.786171875 0.5525 0.7210156249999999 0.5525 0.7210156249999999 0.682 0.786171875 0.682
1 0.271015625 0.620375 0.271015625 0.819375 0.61640625 0.819375 0.61640625 0.7341249999999999 0.723984375 0.7341249999999999 0.723984375 0.565125 0.61640625 0.565125 0.61640625 0.620375 0.271015625 0.620375
1 0.42507812500000003 0.95275 0.42507812500000003 0.65425 0.007578125 0.65425 0.007578125 0.95275 0.42507812500000003 0.95275
1 0.727890625 0.9818749999999999 0.727890625 0.859125 0.44796874999999997 0.859125 0.44796874999999997 0.9818749999999999 0.727890625 0.9818749999999999
1 0.76484375 0.927375 0.76484375 0.8091250000000001 0.61421875 0.8091250000000001 0.61421875 0.927375 0.76484375 0.927375
1 0.8103125 0.8568749999999999 0.8103125 0.7591249999999999 0.64265625 0.7591249999999999 0.64265625 0.8568749999999999 0.8103125 0.8568749999999999
1 0.8646874999999999 0.791625 0.8646874999999999 0.7368750000000001 0.804375 0.7368750000000001 0.804375 0.791625 0.8646874999999999 0.791625
1 0.8927343750000001 0.7631249999999999 0.8927343750000001 0.71825 0.84203125 0.71825 0.84203125 0.7631249999999999 0.8927343750000001 0.7631249999999999
1 0.90984375 0.7346250000000001 0.90984375 0.683125 0.8803906250000001 0.683125 0.8803906250000001 0.7346250000000001 0.90984375 0.7346250000000001
1 0.9975781250000001 0.65575 0.9975781250000001 0.6195 0.9790625000000001 0.6195 0.9790625000000001 0.65575 0.9975781250000001 0.65575
1 0.45648437499999994 0.0017500000000000003 0.45648437499999994 0.15175 0.77390625 0.15175 0.77390625 0.0017500000000000003 0.45648437499999994 0.0017500000000000003
1 0.543671875 0.108375 0.543671875 0.22549999999999998 0.8257031250000001 0.22549999999999998 0.8257031250000001 0.108375 0.543671875 0.108375
1 0.7073437499999999 0.008375 0.7073437499999999 0.08987500000000001 0.8421875 0.08987500000000001 0.8421875 0.008375 0.7073437499999999 0.008375
1 0.87921875 0.189875 0.87921875 0.120125 0.837265625 0.120125 0.837265625 0.189875 0.87921875 0.189875
1 0.9063281249999999 0.224125 0.9063281249999999 0.163625 0.7755468750000001 0.163625 0.7755468750000001 0.224125 0.9063281249999999 0.224125
1 0.65546875 0.1965 0.65546875 0.28725 0.849609375 0.28725 0.849609375 0.1965 0.65546875 0.1965
1 0.8725781250000001 0.320125 0.8725781250000001 0.23199999999999998 0.79203125 0.23199999999999998 0.79203125 0.320125 0.8725781250000001 0.320125
1 0.8289843749999999 0.284625 0.8289843749999999 0.338625 0.893203125 0.338625 0.893203125 0.284625 0.8289843749999999 0.284625
1 0.9145312499999999 0.374125 0.9145312499999999 0.31625000000000003 0.8890625 0.31625000000000003 0.8890625 0.374125 0.9145312499999999 0.374125
1 0.90796875 0.334625 0.90796875 0.39125 0.929375 0.39125 0.929375 0.334625 0.90796875 0.334625
1 0.8907031249999999 0.2425 0.8907031249999999 0.274125 0.929375 0.274125 0.929375 0.2425 0.8907031249999999 0.2425