1 0.2609375 0.536875 0.2609375 0.430125 0.044921875 0.430125 0.044921875 0.536875 0.2609375 0.536875
1 0.047734375 0.530125 0.047734375 0.40737500000000004 0.002265625 0.40737500000000004 0.002265625 0.530125 0.047734375 0.530125
1 0.39453125 0.5506249999999999 0.39453125 0.45275 0.23960937499999999 0.45275 0.23960937499999999 0.5506249999999999 0.39453125 0.5506249999999999
1 0.49109375 0.555125 0.49109375 0.4505 0.39875 0.4505 0.39875 0.555125 0.49109375 0.555125
1 0.54796875 0.5506249999999999 0.54796875 0.5005 0.476953125 0.5005 0.476953125 0.5506249999999999 0.54796875 0.5506249999999999
1 0.79953125 0.8938750000000001 0.79953125 0.76425 0.42289062499999996 0.76425 0.42289062499999996 0.8938750000000001 0.79953125 0.8938750000000001
1 0.7128125 0.9938750000000001 0.7128125 0.83475 0.273671875 0.83475 0.273671875 0.9938750000000001 0.7128125 0.9938750000000001
1 0.81515625 0.796125 0.81515625 0.680125 0.48828125 0.680125 0.48828125 0.796125 0.81515625 0.796125
1 0.8364062499999999 0.8006249999999999 0.8364062499999999 0.69375 0.783828125 0.69375 0.783828125 0.8006249999999999 0.8364062499999999 0.8006249999999999
1 0.869140625 0.7575000000000001 0.869140625 0.6756249999999999 0.819375 0.6756249999999999 0.819375 0.7575000000000001 0.869140625 0.7575000000000001
1 0.5252343749999999 0.30724999999999997 0.5252343749999999 0.40049999999999997 0.843515625 0.40049999999999997 0.843515625 0.30724999999999997 0.5252343749999999 0.30724999999999997
1 0.30070312499999996 0.089 0.30070312499999996 0.34362499999999996 0.781015625 0.34362499999999996 0.781015625 0.089 0.30070312499999996 0.089
1 0.077578125 0.01625 0.077578125 0.20274999999999999 0.69578125 0.20274999999999999 0.69578125 0.01625 0.077578125 0.01625
1 0.002265625 0.007124999999999999 0.002265625 0.16175 0.597734375 0.16175 0.597734375 0.007124999999999999 0.002265625 0.007124999999999999