1 0.873359375 0.24736111093750002 0.873359375 0.1295833328125 0.76109375 0.1295833328125 0.76109375 0.24736111093750002 0.873359375 0.24736111093750002
1 0.91703125 0.12125 0.91703125 0.01180555625 0.821875 0.01180555625 0.821875 0.12125 0.91703125 0.12125
1 0.7003125 0.0048611109375000005 0.7003125 0.08805555625 0.811796875 0.08805555625 0.811796875 0.0048611109375000005 0.7003125 0.0048611109375000005
1 0.9793749999999999 0.0479166671875 0.9793749999999999 0.007638889062499999 0.91625 0.007638889062499999 0.91625 0.0479166671875 0.9793749999999999 0.0479166671875
1 0.77671875 0.30569444375 0.77671875 0.27236111093750004 0.738515625 0.27236111093750004 0.738515625 0.30569444375 0.77671875 0.30569444375
1 0.7103906249999999 0.27236111093750004 0.7103906249999999 0.295972221875 0.7462500000000001 0.295972221875 0.7462500000000001 0.27236111093750004 0.7103906249999999 0.27236111093750004
1 0.733046875 0.21833333281249998 0.733046875 0.18375 0.6956249999999999 0.18375 0.6956249999999999 0.21833333281249998 0.733046875 0.21833333281249998
1 0.7681250000000001 0.22805555625 0.7681250000000001 0.18375 0.731484375 0.18375 0.731484375 0.22805555625 0.7681250000000001 0.22805555625
1 0.578515625 0.4436111109375 0.578515625 0.41375 0.504609375 0.41375 0.504609375 0.4436111109375 0.578515625 0.4436111109375
1 0.585703125 0.5337500000000001 0.585703125 0.5106944437500001 0.523359375 0.5106944437500001 0.523359375 0.5337500000000001 0.585703125 0.5337500000000001
1 0.639609375 0.5522222218749999 0.639609375 0.500277778125 0.600625 0.500277778125 0.600625 0.5522222218749999 0.639609375 0.5522222218749999
1 0.63375 0.49791666718750005 0.63375 0.5476388890624999 0.6753125 0.5476388890624999 0.6753125 0.49791666718750005 0.63375 0.49791666718750005
1 0.7357812499999999 0.530277778125 0.7357812499999999 0.49791666718750005 0.67921875 0.49791666718750005 0.67921875 0.530277778125 0.7357812499999999 0.530277778125
1 0.585703125 0.5938888890625 0.585703125 0.567222221875 0.5596875 0.567222221875 0.5596875 0.5938888890625 0.585703125 0.5938888890625
1 0.1846875 0.918472221875 0.1846875 0.8266666671875 0.072421875 0.8266666671875 0.072421875 0.918472221875 0.1846875 0.918472221875
1 0.113984375 0.9981944437499999 0.113984375 0.9084722218750001 0.012968750000000001 0.9084722218750001 0.012968750000000001 0.9981944437499999 0.113984375 0.9981944437499999
1 0.180234375 0.8126388890625 0.180234375 0.732777778125 0.0309375 0.732777778125 0.0309375 0.8126388890625 0.180234375 0.8126388890625
1 0.258046875 0.8076388890624999 0.258046875 0.75680555625 0.1859375 0.75680555625 0.1859375 0.8076388890624999 0.258046875 0.8076388890624999
1 0.27945312499999997 0.79375 0.27945312499999997 0.745277778125 0.24507812499999998 0.745277778125 0.24507812499999998 0.79375 0.27945312499999997 0.79375
1 0.45726562499999995 0.7113888890625 0.45726562499999995 0.695277778125 0.41984374999999996 0.695277778125 0.41984374999999996 0.7113888890625 0.45726562499999995 0.7113888890625
1 0.41984374999999996 0.7122222218750001 0.41984374999999996 0.695277778125 0.37289062500000003 0.695277778125 0.37289062500000003 0.7122222218750001 0.41984374999999996 0.7122222218750001
1 0.393984375 0.547222221875 0.393984375 0.531527778125 0.374609375 0.531527778125 0.374609375 0.547222221875 0.393984375 0.547222221875
1 0.35640625 0.530972221875 0.35640625 0.547222221875 0.374609375 0.547222221875 0.374609375 0.530972221875 0.35640625 0.530972221875
1 0.35578125 0.5488888890625 0.35578125 0.53319444375 0.332578125 0.53319444375 0.332578125 0.5488888890625 0.35578125 0.5488888890625
1 0.35546875 0.58555555625 0.35546875 0.5661111109375 0.33578125000000003 0.5661111109375 0.33578125000000003 0.58555555625 0.35546875 0.58555555625
1 0.35546875 0.5650000000000001 0.35546875 0.58555555625 0.376484375 0.58555555625 0.376484375 0.5650000000000001 0.35546875 0.5650000000000001
1 0.394921875 0.5833333328125 0.394921875 0.5650000000000001 0.376484375 0.5650000000000001 0.376484375 0.5833333328125 0.394921875 0.5833333328125
1 0.4190625 0.585 0.4190625 0.5733333328125 0.39773437500000003 0.5733333328125 0.39773437500000003 0.585 0.4190625 0.585
1 0.4184375 0.61625 0.4184375 0.6011111109375 0.40062499999999995 0.6011111109375 0.40062499999999995 0.61625 0.4184375 0.61625
1 0.415625 0.6034722218749999 0.415625 0.61569444375 0.43851562499999996 0.61569444375 0.43851562499999996 0.6034722218749999 0.415625 0.6034722218749999
1 0.436015625 0.5566666671875 0.436015625 0.5387500000000001 0.4190625 0.5387500000000001 0.4190625 0.5566666671875 0.436015625 0.5566666671875
1 0.396484375 0.53930555625 0.396484375 0.5566666671875 0.4190625 0.5566666671875 0.4190625 0.53930555625 0.396484375 0.53930555625
1 0.393359375 0.5098611109375 0.393359375 0.5248611109375 0.4178125 0.5248611109375 0.4178125 0.5098611109375 0.393359375 0.5098611109375
1 0.437890625 0.52319444375 0.437890625 0.5098611109375 0.4178125 0.5098611109375 0.4178125 0.52319444375 0.437890625 0.52319444375
1 0.435078125 0.5004166671875 0.435078125 0.48027777812499994 0.414375 0.48027777812499994 0.414375 0.5004166671875 0.435078125 0.5004166671875
1 0.393046875 0.48194444374999995 0.393046875 0.49819444375 0.4178125 0.49819444375 0.4178125 0.48194444374999995 0.393046875 0.48194444374999995
1 0.414375 0.47361111093749997 0.414375 0.45583333281250005 0.394296875 0.45583333281250005 0.394296875 0.47361111093749997 0.414375 0.47361111093749997
1 0.4140625 0.45194444375 0.4140625 0.47138888906250004 0.435703125 0.47138888906250004 0.435703125 0.45194444375 0.4140625 0.45194444375
1 0.43351562499999996 0.4513888890625 0.43351562499999996 0.423472221875 0.41531250000000003 0.423472221875 0.41531250000000003 0.4513888890625 0.43351562499999996 0.4513888890625
1 0.394296875 0.423472221875 0.394296875 0.4513888890625 0.41531250000000003 0.4513888890625 0.41531250000000003 0.423472221875 0.394296875 0.423472221875
1 0.39273437499999997 0.46027777812500004 0.39273437499999997 0.43125 0.371484375 0.43125 0.371484375 0.46027777812500004 0.39273437499999997 0.46027777812500004
1 0.35546875 0.43583333281250003 0.35546875 0.459722221875 0.376171875 0.459722221875 0.376171875 0.43583333281250003 0.35546875 0.43583333281250003
1 0.35671875000000003 0.45583333281250005 0.35671875000000003 0.43125 0.33484375 0.43125 0.33484375 0.45583333281250005 0.35671875000000003 0.45583333281250005
1 0.332890625 0.459722221875 0.332890625 0.43638888906249995 0.31257812500000004 0.43638888906249995 0.31257812500000004 0.459722221875 0.332890625 0.459722221875
1 0.2953125 0.46305555624999994 0.29562499999999997 0.4591666671875 0.316015625 0.4591666671875 0.316015625 0.43638888906249995 0.29562499999999997 0.43638888906249995 0.2953125 0.4375 0.27468750000000003 0.4375 0.27468750000000003 0.46305555624999994 0.2953125 0.46305555624999994
1 0.29312499999999997 0.4863888890625 0.29312499999999997 0.47194444375 0.274375 0.47194444375 0.274375 0.4863888890625 0.29312499999999997 0.4863888890625
1 0.2915625 0.470277778125 0.2915625 0.48250000000000004 0.31039062500000003 0.48250000000000004 0.31039062500000003 0.470277778125 0.2915625 0.470277778125
1 0.331640625 0.48472222187499997 0.331640625 0.470277778125 0.31039062500000003 0.470277778125 0.31039062500000003 0.48472222187499997 0.331640625 0.48472222187499997
1 0.331640625 0.46472222187499995 0.331640625 0.48472222187499997 0.35296875 0.48472222187499997 0.35296875 0.46472222187499995 0.331640625 0.46472222187499995
1 0.375234375 0.4813888890625 0.375234375 0.46527777812500004 0.35359375000000004 0.46527777812500004 0.35359375000000004 0.4813888890625 0.375234375 0.4813888890625
1 0.391796875 0.51819444375 0.391796875 0.5004166671875 0.373359375 0.5004166671875 0.373359375 0.51819444375 0.391796875 0.51819444375
1 0.35265625 0.49430555624999994 0.35265625 0.51430555625 0.373046875 0.51430555625 0.373046875 0.49430555624999994 0.35265625 0.49430555624999994
1 0.35203125 0.5165277781250001 0.35203125 0.49819444375 0.33484375 0.49819444375 0.33484375 0.5165277781250001 0.35203125 0.5165277781250001
1 0.315390625 0.50319444375 0.315390625 0.5165277781250001 0.332578125 0.5165277781250001 0.332578125 0.50319444375 0.315390625 0.50319444375
1 0.315390625 0.5170833328125 0.315390625 0.50319444375 0.29500000000000004 0.50319444375 0.29500000000000004 0.5170833328125 0.315390625 0.5170833328125
1 0.2740625 0.5054166671875 0.2740625 0.5176388890625 0.2953125 0.5176388890625 0.2953125 0.5054166671875 0.2740625 0.5054166671875
1 0.25625 0.5026388890625 0.25210937499999997 0.5026388890625 0.25210937499999997 0.5176388890625 0.2728125 0.5176388890625 0.2728125 0.5026388890625 0.260390625 0.5026388890625 0.26199218750000003 0.488125 0.2652864578125 0.48328703749999996 0.271875 0.48305555624999996 0.271875 0.47361111093749997 0.2685807296875 0.4784490734375 0.26708984375 0.48305555624999996 0.25751953125 0.48305555624999996 0.252734375 0.47361111093749997 0.252734375 0.48305555624999996 0.258697915625 0.49296296249999993 0.255403646875 0.4978009265625 0.25625 0.5026388890625
1 0.27156250000000004 0.4625 0.27156250000000004 0.439722221875 0.253046875 0.439722221875 0.253046875 0.4625 0.27156250000000004 0.4625
1 0.269921875 0.5549999999999999 0.269921875 0.5326388890625 0.25398437500000004 0.5326388890625 0.25398437500000004 0.5549999999999999 0.269921875 0.5549999999999999
1 0.271875 0.5833333328125 0.271875 0.567222221875 0.254296875 0.567222221875 0.254296875 0.5833333328125 0.271875 0.5833333328125
1 0.29375 0.58555555625 0.29375 0.5733333328125 0.27156250000000004 0.5733333328125 0.27156250000000004 0.58555555625 0.29375 0.58555555625
1 0.29375 0.5711111109375 0.29375 0.5861111109375 0.31320312499999997 0.5861111109375 0.31320312499999997 0.5711111109375 0.29375 0.5711111109375
1 0.331015625 0.5838888890625 0.331015625 0.5711111109375 0.31320312499999997 0.5711111109375 0.31320312499999997 0.5838888890625 0.331015625 0.5838888890625
1 0.33132812500000003 0.5549999999999999 0.33132812500000003 0.5354166671875 0.315390625 0.5354166671875 0.315390625 0.5549999999999999 0.33132812500000003 0.5549999999999999
1 0.2953125 0.5348611109375 0.2953125 0.5549999999999999 0.315390625 0.5549999999999999 0.315390625 0.5348611109375 0.2953125 0.5348611109375
1 0.2953125 0.55 0.2953125 0.5348611109375 0.2734375 0.5348611109375 0.2734375 0.55 0.2953125 0.55
1 0.313515625 0.6184722218750001 0.313515625 0.6029166671875 0.2959375 0.6029166671875 0.2959375 0.6184722218750001 0.313515625 0.6184722218750001
1 0.313515625 0.6 0.313515625 0.6184722218750001 0.33453125 0.6184722218750001 0.33453125 0.6 0.313515625 0.6
1 0.35703125 0.6179166671874999 0.35703125 0.6 0.33484375 0.6 0.33484375 0.6179166671874999 0.35703125 0.6179166671874999
1 0.35703125 0.60055555625 0.35703125 0.6179166671874999 0.376171875 0.6179166671874999 0.376171875 0.60055555625 0.35703125 0.60055555625
1 0.395859375 0.61125 0.395859375 0.60055555625 0.37710937499999997 0.60055555625 0.37710937499999997 0.61125 0.395859375 0.61125
1 0.42000000000000004 0.64625 0.42000000000000004 0.6329166671875 0.40093750000000006 0.6329166671875 0.40093750000000006 0.64625 0.42000000000000004 0.64625
1 0.446953125 0.6451388890625 0.446953125 0.629027778125 0.42093749999999996 0.629027778125 0.42093749999999996 0.6451388890625 0.446953125 0.6451388890625
1 0.375234375 0.65069444375 0.375234375 0.6301388890624999 0.35671875000000003 0.6301388890624999 0.35671875000000003 0.65069444375 0.375234375 0.65069444375
1 0.33828125 0.6345833328125 0.33828125 0.65069444375 0.35671875000000003 0.65069444375 0.35671875000000003 0.6345833328125 0.33828125 0.6345833328125
1 0.33578125000000003 0.65069444375 0.33578125000000003 0.6384722218750001 0.314140625 0.6384722218750001 0.314140625 0.65069444375 0.33578125000000003 0.65069444375
1 0.2996875 0.634027778125 0.2996875 0.65069444375 0.314140625 0.65069444375 0.314140625 0.634027778125 0.2996875 0.634027778125
1 0.58421875 0.3813888890625 0.58421875 0.350972221875 0.543671875 0.350972221875 0.543671875 0.3813888890625 0.58421875 0.3813888890625
0 0.995390625 0.7248611109375 0.995390625 0.0063888890625 0.88890625 0.0063888890625 0.88890625 0.7248611109375 0.995390625 0.7248611109375