1 0.08039062500000001 0.04625 0.08039062500000001 0.24137499999999998 0.23312499999999997 0.24137499999999998 0.23312499999999997 0.04625 0.08039062500000001 0.04625
1 0.4446875 0.159 0.4446875 0.00075 0.055937499999999994 0.00075 0.055937499999999994 0.159 0.4446875 0.159
1 0.062734375 0.0935 0.062734375 0.31725 0.36796875 0.31725 0.36796875 0.0935 0.062734375 0.0935
1 0.20765625000000001 0.180875 0.20765625000000001 0.34187500000000004 0.48054687500000004 0.34187500000000004 0.48054687500000004 0.180875 0.20765625000000001 0.180875
1 0.335546875 0.23537499999999997 0.335546875 0.339125 0.553828125 0.339125 0.553828125 0.23537499999999997 0.335546875 0.23537499999999997
1 0.8914843749999999 0.26 0.8914843749999999 0.142625 0.724375 0.142625 0.724375 0.26 0.8914843749999999 0.26
1 0.381640625 0.00625 0.381640625 0.15625 0.738046875 0.15625 0.738046875 0.00625 0.381640625 0.00625
1 0.872734375 0.464625 0.872734375 0.366375 0.7278125 0.366375 0.7278125 0.464625 0.872734375 0.464625
1 0.814765625 0.8383749999999999 0.814765625 0.732 0.76359375 0.732 0.76359375 0.8383749999999999 0.814765625 0.8383749999999999
1 0.777265625 0.966625 0.777265625 0.7565000000000001 0.690234375 0.7565000000000001 0.690234375 0.966625 0.777265625 0.966625
1 0.7021875 0.9966250000000001 0.7021875 0.8547499999999999 0.501015625 0.8547499999999999 0.501015625 0.9966250000000001 0.7021875 0.9966250000000001
1 0.8421875 0.8001250000000001 0.8421875 0.70925 0.773515625 0.70925 0.773515625 0.8001250000000001 0.8421875 0.8001250000000001
1 0.8671093750000001 0.7318749999999999 0.8671093750000001 0.68075 0.8114062499999999 0.68075 0.8114062499999999 0.7318749999999999 0.8671093750000001 0.7318749999999999
1 0.8907812500000001 0.701625 0.8907812500000001 0.6505 0.8339062500000001 0.6505 0.8339062500000001 0.701625 0.8907812500000001 0.701625
1 0.8646874999999999 0.39849999999999997 0.8646874999999999 0.44387499999999996 0.894296875 0.44387499999999996 0.894296875 0.39849999999999997 0.8646874999999999 0.39849999999999997
1 0.91921875 0.52925 0.91921875 0.495125 0.8421875 0.495125 0.8421875 0.52925 0.91921875 0.52925
1 0.580546875 0.5425 0.580546875 0.476125 0.49640625 0.476125 0.49640625 0.5425 0.580546875 0.5425
1 0.49640625 0.55575 0.49640625 0.46287500000000004 0.36140625000000004 0.46287500000000004 0.36140625000000004 0.55575 0.49640625 0.55575
1 0.380390625 0.538625 0.380390625 0.42874999999999996 0.200390625 0.42874999999999996 0.200390625 0.538625 0.380390625 0.538625
1 0.23828125 0.52725 0.23828125 0.43062500000000004 0.07718749999999999 0.43062500000000004 0.07718749999999999 0.52725 0.23828125 0.52725