1 0.800078125 0.2338888890625 0.800078125 0.102222221875 0.6559375000000001 0.102222221875 0.6559375000000001 0.2338888890625 0.800078125 0.2338888890625
1 0.669921875 0.19930555625 0.669921875 0.16458333281249998 0.623125 0.16458333281249998 0.623125 0.19930555625 0.669921875 0.19930555625
1 0.63484375 0.30041666718750004 0.63484375 0.24638888906249998 0.5779687499999999 0.24638888906249998 0.5779687499999999 0.30041666718750004 0.63484375 0.30041666718750004
1 0.678515625 0.28930555625 0.678515625 0.2533333328125 0.63171875 0.2533333328125 0.63171875 0.28930555625 0.678515625 0.28930555625
1 0.72609375 0.29625 0.72609375 0.2561111109375 0.662890625 0.2561111109375 0.662890625 0.29625 0.72609375 0.29625
1 0.846875 0.44180555625 0.846875 0.336527778125 0.7159375 0.336527778125 0.7159375 0.44180555625 0.846875 0.44180555625
1 0.9060937499999999 0.4376388890625 0.9060937499999999 0.35583333281249996 0.79234375 0.35583333281249996 0.79234375 0.4376388890625 0.9060937499999999 0.4376388890625
1 0.92875 0.2408333328125 0.92875 0.209027778125 0.85 0.209027778125 0.85 0.2408333328125 0.92875 0.2408333328125
1 0.9303125 0.29625 0.9303125 0.2366666671875 0.821953125 0.2366666671875 0.821953125 0.29625 0.9303125 0.29625
1 0.952109375 0.2491666671875 0.952109375 0.2741666671875 0.9809374999999999 0.2741666671875 0.9809374999999999 0.2491666671875 0.952109375 0.2491666671875
1 0.962265625 0.2533333328125 0.962265625 0.23805555625000002 0.9193749999999999 0.23805555625000002 0.9193749999999999 0.2533333328125 0.962265625 0.2533333328125
1 0.9614843750000001 0.29069444375 0.9614843750000001 0.254722221875 0.9217187499999999 0.254722221875 0.9217187499999999 0.29069444375 0.9614843750000001 0.29069444375
1 0.960703125 0.27 0.960703125 0.30180555625 0.98171875 0.30180555625 0.98171875 0.27 0.960703125 0.27
1 0.9614843750000001 0.165972221875 0.9614843750000001 0.11888888906249999 0.9209375 0.11888888906249999 0.9209375 0.165972221875 0.9614843750000001 0.165972221875
1 0.90453125 0.088472221875 0.90453125 0.132777778125 0.93421875 0.132777778125 0.93421875 0.088472221875 0.90453125 0.088472221875
1 0.9139062499999999 0.16458333281249998 0.9139062499999999 0.050972221875 0.81171875 0.050972221875 0.81171875 0.16458333281249998 0.9139062499999999 0.16458333281249998
1 0.7338281249999999 0.019027778125 0.7338281249999999 0.11750000000000001 0.8702343750000001 0.11750000000000001 0.8702343750000001 0.019027778125 0.7338281249999999 0.019027778125
1 0.7338281249999999 0.0025 0.7338281249999999 0.07861111093749999 0.8491406250000001 0.07861111093749999 0.8491406250000001 0.0025 0.7338281249999999 0.0025
1 0.873359375 0.0011111109375000002 0.873359375 0.0301388890625 0.9458593750000001 0.0301388890625 0.9458593750000001 0.0011111109375000002 0.873359375 0.0011111109375000002
1 0.98734375 0.185972221875 0.98734375 0.145 0.96796875 0.145 0.96796875 0.185972221875 0.98734375 0.185972221875
1 0.866015625 0.7329166671875 0.866015625 0.6608333328125 0.7974218750000001 0.6608333328125 0.7974218750000001 0.7329166671875 0.866015625 0.7329166671875
1 0.91046875 0.7051388890625 0.91046875 0.6497222218750001 0.865234375 0.6497222218750001 0.865234375 0.7051388890625 0.91046875 0.7051388890625
1 0.7911718750000001 0.7454166671875 0.7911718750000001 0.6900000000000001 0.70859375 0.6900000000000001 0.70859375 0.7454166671875 0.7911718750000001 0.7454166671875
1 0.722578125 0.7911111109375 0.722578125 0.7023611109375001 0.54875 0.7023611109375001 0.54875 0.7911111109375 0.722578125 0.7911111109375
1 0.652421875 0.527777778125 0.652421875 0.48763888906249997 0.6010156249999999 0.48763888906249997 0.6010156249999999 0.527777778125 0.652421875 0.527777778125
1 0.586953125 0.525 0.586953125 0.476527778125 0.533984375 0.476527778125 0.533984375 0.525 0.586953125 0.525
1 0.533203125 0.5291666671875 0.533203125 0.48486111093749995 0.49812500000000004 0.48486111093749995 0.49812500000000004 0.5291666671875 0.533203125 0.5291666671875
1 0.501953125 0.5416666671875 0.501953125 0.48763888906249997 0.44039062500000004 0.48763888906249997 0.44039062500000004 0.5416666671875 0.501953125 0.5416666671875
1 0.49421875000000004 0.4501388890625 0.49421875000000004 0.3891666671875 0.438828125 0.3891666671875 0.438828125 0.4501388890625 0.49421875000000004 0.4501388890625
1 0.645390625 0.37124999999999997 0.645390625 0.34625 0.5955468749999999 0.34625 0.5955468749999999 0.37124999999999997 0.645390625 0.37124999999999997
1 0.68125 0.394722221875 0.68125 0.34625 0.643046875 0.34625 0.643046875 0.394722221875 0.68125 0.394722221875
1 0.5021093750000001 0.7086111109375001 0.5021093750000001 0.6740277781249999 0.43820312499999997 0.6740277781249999 0.43820312499999997 0.7086111109375001 0.5021093750000001 0.7086111109375001
1 0.084765625 0.7063888890625 0.084765625 0.772222221875 0.170078125 0.772222221875 0.170078125 0.7063888890625 0.26545312499999996 0.60694444375 0.408515625 0.4925 0.42960937499999996 0.4925 0.42960937499999996 0.457777778125 0.408515625 0.457777778125 0.408515625 0.46472222187499995 0.405109375 0.461329365625 0.268859375 0.6033928562499999 0.084765625 0.7063888890625
1 0.08359375 0.86 0.08359375 0.75625 0.0016406250000000002 0.75625 0.0016406250000000002 0.86 0.08359375 0.86
1 0.06 0.772222221875 0.06 0.6904166671875 0.00390625 0.6904166671875 0.00390625 0.772222221875 0.06 0.772222221875
1 0.3465625 0.689027778125 0.3465625 0.6676388890625 0.308203125 0.6676388890625 0.308203125 0.689027778125 0.3465625 0.689027778125
1 0.35484375 0.689027778125 0.35484375 0.6709722218749999 0.343203125 0.6709722218749999 0.343203125 0.689027778125 0.35484375 0.689027778125
1 0.317265625 0.6829166671875 0.317265625 0.6669444437500001 0.28078125 0.6669444437500001 0.28078125 0.6829166671875 0.317265625 0.6829166671875
1 0.27703125 0.6776388890625 0.27703125 0.662222221875 0.2578125 0.662222221875 0.2578125 0.6776388890625 0.27703125 0.6776388890625
1 0.240546875 0.662222221875 0.240546875 0.6776388890625 0.258203125 0.6776388890625 0.258203125 0.662222221875 0.240546875 0.662222221875
1 0.2578125 0.651527778125 0.2578125 0.6375 0.239453125 0.6375 0.239453125 0.651527778125 0.2578125 0.651527778125
1 0.2575 0.6395833328125 0.2575 0.6488888890625 0.27625 0.6488888890625 0.27625 0.6395833328125 0.2575 0.6395833328125
1 0.27664062500000003 0.62819444375 0.27664062500000003 0.6108333328125 0.25710937500000003 0.6108333328125 0.25710937500000003 0.62819444375 0.27664062500000003 0.62819444375
1 0.236015625 0.6101388890624999 0.236015625 0.62819444375 0.25710937500000003 0.62819444375 0.25710937500000003 0.6101388890624999 0.236015625 0.6101388890624999
1 0.29617187500000003 0.6241666671874999 0.29617187500000003 0.6115277781249999 0.275859375 0.6115277781249999 0.275859375 0.6241666671874999 0.29617187500000003 0.6241666671874999
1 0.29617187500000003 0.6120833328125 0.29617187500000003 0.6241666671874999 0.3096875 0.6241666671874999 0.3096875 0.6120833328125 0.29617187500000003 0.6120833328125
1 0.31570312500000003 0.5920833328125 0.31570312500000003 0.5761111109375 0.2946875 0.5761111109375 0.2946875 0.5920833328125 0.31570312500000003 0.5920833328125
1 0.277734375 0.5733333328125 0.277734375 0.5954166671875 0.29617187500000003 0.5954166671875 0.29617187500000003 0.5733333328125 0.277734375 0.5733333328125
1 0.27742187500000004 0.5920833328125 0.27742187500000004 0.5740277781249999 0.255625 0.5740277781249999 0.255625 0.5920833328125 0.27742187500000004 0.5920833328125
1 0.239453125 0.57944444375 0.239453125 0.5920833328125 0.25593750000000004 0.5920833328125 0.25593750000000004 0.57944444375 0.239453125 0.57944444375
1 0.239453125 0.5913888890625 0.239453125 0.57944444375 0.22140624999999997 0.57944444375 0.22140624999999997 0.5913888890625 0.239453125 0.5913888890625
1 0.339453125 0.594027778125 0.339453125 0.574722221875 0.312734375 0.574722221875 0.312734375 0.594027778125 0.339453125 0.594027778125
1 0.357109375 0.593472221875 0.357109375 0.5740277781249999 0.336796875 0.5740277781249999 0.336796875 0.593472221875 0.357109375 0.593472221875
1 0.3390625 0.5466666671875 0.3390625 0.564722221875 0.35750000000000004 0.564722221875 0.35750000000000004 0.5466666671875 0.3390625 0.5466666671875
1 0.315390625 0.54 0.315390625 0.554722221875 0.3353125 0.554722221875 0.3353125 0.54 0.315390625 0.54
1 0.317265625 0.5599999999999999 0.317265625 0.5366666671875 0.29734375 0.5366666671875 0.29734375 0.5599999999999999 0.317265625 0.5599999999999999
1 0.278125 0.54125 0.278125 0.56069444375 0.29734375 0.56069444375 0.29734375 0.54125 0.278125 0.54125
1 0.278125 0.5566666671875 0.278125 0.54125 0.25593750000000004 0.54125 0.25593750000000004 0.5566666671875 0.278125 0.5566666671875
1 0.23531249999999998 0.56069444375 0.23531249999999998 0.5573611109375001 0.25593750000000004 0.5573611109375001 0.25593750000000004 0.53930555625 0.21765625000000002 0.53930555625 0.21765625000000002 0.56069444375 0.23531249999999998 0.56069444375
1 0.20296875 0.5566666671875 0.20296875 0.54 0.183828125 0.54 0.183828125 0.5566666671875 0.20296875 0.5566666671875
1 0.201484375 0.5426388890625 0.201484375 0.56069444375 0.21765625000000002 0.56069444375 0.21765625000000002 0.5426388890625 0.201484375 0.5426388890625
1 0.199921875 0.525972221875 0.199921875 0.50319444375 0.1834375 0.50319444375 0.1834375 0.525972221875 0.199921875 0.525972221875
1 0.215390625 0.525972221875 0.215390625 0.505277778125 0.198828125 0.505277778125 0.198828125 0.525972221875 0.215390625 0.525972221875
1 0.239453125 0.526527778125 0.239453125 0.5065277781249999 0.21726562500000002 0.5065277781249999 0.21726562500000002 0.526527778125 0.239453125 0.526527778125
1 0.25859375 0.5286111109375 0.25859375 0.5091666671875 0.2390625 0.5091666671875 0.2390625 0.5286111109375 0.25859375 0.5286111109375
1 0.272890625 0.525972221875 0.272890625 0.507222221875 0.25593750000000004 0.507222221875 0.25593750000000004 0.525972221875 0.272890625 0.525972221875
1 0.2965625 0.52319444375 0.2965625 0.507222221875 0.27515625 0.507222221875 0.27515625 0.52319444375 0.2965625 0.52319444375
1 0.2965625 0.507222221875 0.2965625 0.52319444375 0.313515625 0.52319444375 0.313515625 0.507222221875 0.2965625 0.507222221875
1 0.336796875 0.52125 0.336796875 0.507222221875 0.313515625 0.507222221875 0.313515625 0.52125 0.336796875 0.52125
1 0.356328125 0.53 0.356328125 0.5198611109375 0.33828125 0.5198611109375 0.33828125 0.53 0.356328125 0.53
1 0.356328125 0.50180555625 0.356328125 0.487777778125 0.33828125 0.487777778125 0.33828125 0.50180555625 0.356328125 0.50180555625
1 0.356328125 0.477777778125 0.356328125 0.457777778125 0.33078124999999997 0.457777778125 0.33078124999999997 0.477777778125 0.356328125 0.477777778125
1 0.356328125 0.44444444375 0.356328125 0.4263888890625 0.33640625 0.4263888890625 0.33640625 0.44444444375 0.356328125 0.44444444375
1 0.35562499999999997 0.429722221875 0.35562499999999997 0.4016666671875 0.3353125 0.4016666671875 0.3353125 0.429722221875 0.35562499999999997 0.429722221875
1 0.379296875 0.4236111109375 0.379296875 0.3929166671875 0.358984375 0.3929166671875 0.358984375 0.4236111109375 0.379296875 0.4236111109375
1 0.333046875 0.43305555625 0.333046875 0.41027777812500005 0.31421875 0.41027777812500005 0.31421875 0.43305555625 0.333046875 0.43305555625
1 0.29578125 0.40569444375 0.29578125 0.43305555625 0.31460937499999997 0.43305555625 0.31460937499999997 0.40569444375 0.29578125 0.40569444375
1 0.29578125 0.4276388890625 0.29578125 0.40569444375 0.2796875 0.40569444375 0.2796875 0.4276388890625 0.29578125 0.4276388890625
1 0.255625 0.4095833328125 0.255625 0.429722221875 0.280390625 0.429722221875 0.280390625 0.4095833328125 0.255625 0.4095833328125
1 0.255625 0.43777777812499996 0.255625 0.4095833328125 0.240546875 0.4095833328125 0.240546875 0.43777777812499996 0.255625 0.43777777812499996
1 0.220625 0.41166666718749995 0.220625 0.43499999999999994 0.23976562499999998 0.43499999999999994 0.23976562499999998 0.41166666718749995 0.220625 0.41166666718749995
1 0.220625 0.43638888906249995 0.220625 0.41166666718749995 0.20632812500000003 0.41166666718749995 0.20632812500000003 0.43638888906249995 0.220625 0.43638888906249995
1 0.1871875 0.409027778125 0.1871875 0.43638888906249995 0.20632812500000003 0.43638888906249995 0.20632812500000003 0.409027778125 0.1871875 0.409027778125
1 0.20031249999999998 0.45444444375000004 0.20031249999999998 0.439722221875 0.18757812499999998 0.439722221875 0.18757812499999998 0.45444444375000004 0.20031249999999998 0.45444444375000004
1 0.21984374999999998 0.45638888906249997 0.21984374999999998 0.4411111109375 0.1984375 0.4411111109375 0.1984375 0.45638888906249997 0.21984374999999998 0.45638888906249997
1 0.23828125 0.458472221875 0.23828125 0.44166666718750003 0.21726562500000002 0.44166666718750003 0.21726562500000002 0.458472221875 0.23828125 0.458472221875
1 0.25296875 0.45375 0.25296875 0.44305555625000004 0.23757812500000003 0.44305555625000004 0.23757812500000003 0.45375 0.25296875 0.45375
1 0.27742187500000004 0.4570833328125 0.27742187500000004 0.4404166671875 0.252578125 0.4404166671875 0.252578125 0.4570833328125 0.27742187500000004 0.4570833328125
1 0.29921875 0.45638888906249997 0.29921875 0.43638888906249995 0.273671875 0.43638888906249995 0.273671875 0.45638888906249997 0.29921875 0.45638888906249997
1 0.317265625 0.45638888906249997 0.317265625 0.4323611109375 0.2965625 0.4323611109375 0.2965625 0.45638888906249997 0.317265625 0.45638888906249997
1 0.31609375 0.4911111109375 0.31609375 0.46847222187500004 0.29507812499999997 0.46847222187500004 0.29507812499999997 0.4911111109375 0.31609375 0.4911111109375
1 0.33601562500000004 0.48986111093750007 0.33601562500000004 0.4770833328125 0.31421875 0.4770833328125 0.31421875 0.48986111093750007 0.33601562500000004 0.48986111093750007
1 0.29734375 0.487777778125 0.29734375 0.47180555625 0.272890625 0.47180555625 0.272890625 0.487777778125 0.29734375 0.487777778125
1 0.2815625 0.4911111109375 0.2815625 0.477777778125 0.2578125 0.477777778125 0.2578125 0.4911111109375 0.2815625 0.4911111109375
1 0.236015625 0.47375 0.236015625 0.48986111093750007 0.26046874999999997 0.48986111093750007 0.26046874999999997 0.47375 0.236015625 0.47375
1 0.236015625 0.49319444375000004 0.236015625 0.4725 0.21875 0.4725 0.21875 0.49319444375000004 0.236015625 0.49319444375000004
1 0.20109375 0.47375 0.20109375 0.49652777812500004 0.222890625 0.49652777812500004 0.222890625 0.47375 0.20109375 0.47375
1 0.20070312499999998 0.49055555625 0.20070312499999998 0.47375 0.18492187499999999 0.47375 0.18492187499999999 0.49055555625 0.20070312499999998 0.49055555625
1 0.186015625 0.46375 0.186015625 0.439027778125 0.17328125 0.439027778125 0.17328125 0.46375 0.186015625 0.46375
1 0.377734375 0.498472221875 0.377734375 0.4858333328125 0.358984375 0.4858333328125 0.358984375 0.498472221875 0.377734375 0.498472221875
1 0.505859375 0.5716666671875 0.505859375 0.55069444375 0.48367187500000003 0.55069444375 0.48367187500000003 0.5716666671875 0.505859375 0.5716666671875
1 0.538203125 0.57680555625 0.538203125 0.55069444375 0.50484375 0.55069444375 0.50484375 0.57680555625 0.538203125 0.57680555625
0 0.334765625 0.4126388890625 0.334765625 0.7230555562500001 0.43531250000000005 0.7230555562500001 0.43531250000000005 0.4126388890625 0.334765625 0.4126388890625