1 0.563359375 0.00125 0.563359375 0.155125 0.743515625 0.155125 0.743515625 0.00125 0.563359375 0.00125
1 0.84296875 0.16699999999999998 0.84296875 0.065625 0.694140625 0.065625 0.694140625 0.16699999999999998 0.84296875 0.16699999999999998
1 0.7130468750000001 0.11299999999999999 0.7130468750000001 0.18275 0.866796875 0.18275 0.866796875 0.11299999999999999 0.7130468750000001 0.11299999999999999
1 0.75578125 0.142 0.75578125 0.213 0.881640625 0.213 0.881640625 0.142 0.75578125 0.142
1 0.8158593749999999 0.20125 0.8158593749999999 0.23537499999999997 0.90796875 0.23537499999999997 0.90796875 0.20125 0.8158593749999999 0.20125
1 0.8939843749999999 0.149875 0.8939843749999999 0.056499999999999995 0.8413281250000001 0.056499999999999995 0.8413281250000001 0.149875 0.8939843749999999 0.149875
1 0.92265625 0.6042500000000001 0.92265625 0.565625 0.8885156249999999 0.565625 0.8885156249999999 0.6042500000000001 0.92265625 0.6042500000000001
1 0.8956250000000001 0.5519999999999999 0.8956250000000001 0.50875 0.854453125 0.50875 0.854453125 0.5519999999999999 0.8956250000000001 0.5519999999999999
1 0.8045312499999999 0.255 0.8045312499999999 0.311875 0.8568749999999999 0.311875 0.8568749999999999 0.255 0.8045312499999999 0.255
1 0.87265625 0.346625 0.87265625 0.288125 0.848984375 0.288125 0.848984375 0.346625 0.87265625 0.346625
1 0.88453125 0.364 0.88453125 0.3055 0.8667187500000001 0.3055 0.8667187500000001 0.364 0.88453125 0.364