1 0.9364062499999999 0.5898611109375 0.9364062499999999 0.389722221875 0.733046875 0.389722221875 0.733046875 0.5898611109375 0.9364062499999999 0.5898611109375
1 0.735625 0.6170833328125 0.735625 0.48986111093750007 0.6383593750000001 0.48986111093750007 0.6383593750000001 0.6170833328125 0.735625 0.6170833328125
1 0.6525000000000001 0.6352777781250001 0.6525000000000001 0.5216666671875 0.5846875 0.5216666671875 0.5846875 0.6352777781250001 0.6525000000000001 0.6352777781250001
1 0.6857031250000001 0.8194444437499999 0.6857031250000001 0.7536111109375 0.6307031249999999 0.7536111109375 0.6307031249999999 0.8194444437499999 0.6857031250000001 0.8194444437499999
1 0.63328125 0.7990277781249999 0.63328125 0.73305555625 0.5974999999999999 0.73305555625 0.5974999999999999 0.7990277781249999 0.63328125 0.7990277781249999
1 0.8135937500000001 0.955972221875 0.8135937500000001 0.79 0.637109375 0.79 0.637109375 0.955972221875 0.8135937500000001 0.955972221875
1 0.9364062499999999 0.99680555625 0.9364062499999999 0.7876388890625 0.735625 0.7876388890625 0.735625 0.99680555625 0.9364062499999999 0.99680555625
1 0.999609375 0.5349999999999999 0.999609375 0.319027778125 0.9452343750000001 0.319027778125 0.9452343750000001 0.5349999999999999 0.999609375 0.5349999999999999
1 0.6990624999999999 0.00069444375 0.6990624999999999 0.22055555624999998 0.887734375 0.22055555624999998 0.887734375 0.00069444375 0.6990624999999999 0.00069444375
1 0.724609375 0.34555555625 0.724609375 0.16375 0.6244531249999999 0.16375 0.6244531249999999 0.34555555625 0.724609375 0.34555555625
1 0.7789843750000001 0.41569444375 0.7789843750000001 0.2963888890625 0.570078125 0.2963888890625 0.570078125 0.41569444375 0.7789843750000001 0.41569444375
1 0.74953125 0.47319444375 0.74953125 0.37680555625 0.5470312500000001 0.37680555625 0.5470312500000001 0.47319444375 0.74953125 0.47319444375
1 0.550546875 0.498472221875 0.550546875 0.45416666718750004 0.524765625 0.45416666718750004 0.524765625 0.498472221875 0.550546875 0.498472221875
1 0.51453125 0.5170833328125 0.51453125 0.49291666718749994 0.497265625 0.49291666718749994 0.497265625 0.5170833328125 0.51453125 0.5170833328125
1 0.500390625 0.4579166671875 0.500390625 0.4995833328125 0.512109375 0.4995833328125 0.512109375 0.4579166671875 0.500390625 0.4579166671875
1 0.512734375 0.46555555625 0.512734375 0.44138888906249996 0.500390625 0.44138888906249996 0.500390625 0.46555555625 0.512734375 0.46555555625
1 0.498515625 0.405277778125 0.498515625 0.43263888906250003 0.5096093749999999 0.43263888906250003 0.5096093749999999 0.405277778125 0.498515625 0.405277778125
1 0.5083593750000001 0.42277777812500006 0.5083593750000001 0.3788888890625 0.49234375 0.3788888890625 0.49234375 0.42277777812500006 0.5083593750000001 0.42277777812500006
1 0.61328125 0.3591666671875 0.61328125 0.3011111109375 0.5034375 0.3011111109375 0.5034375 0.3591666671875 0.61328125 0.3591666671875
1 0.5071875 0.23305555625 0.5071875 0.3175 0.628046875 0.3175 0.628046875 0.23305555625 0.5071875 0.23305555625
1 0.5250781250000001 0.14125000000000001 0.5250781250000001 0.25569444375 0.678984375 0.25569444375 0.678984375 0.14125000000000001 0.5250781250000001 0.14125000000000001
1 0.654375 0.13805555625000002 0.654375 0.00069444375 0.5709375 0.00069444375 0.5709375 0.13805555625000002 0.654375 0.13805555625000002
1 0.52296875 0.00069444375 0.52296875 0.08125 0.6384375 0.08125 0.6384375 0.00069444375 0.52296875 0.00069444375
1 0.605546875 0.16180555624999998 0.605546875 0.0748611109375 0.51234375 0.0748611109375 0.51234375 0.16180555624999998 0.605546875 0.16180555624999998
1 0.588671875 0.2248611109375 0.588671875 0.145972221875 0.507890625 0.145972221875 0.507890625 0.2248611109375 0.588671875 0.2248611109375
1 0.48921875000000004 0.0054166671875 0.48921875000000004 0.11916666718749999 0.535390625 0.11916666718749999 0.535390625 0.0054166671875 0.48921875000000004 0.0054166671875
0 0.586015625 0.7995833328125 0.586015625 0.43958333281249995 0.513203125 0.43958333281249995 0.513203125 0.7995833328125 0.586015625 0.7995833328125
0 0.5407031250000001 0.775972221875 0.5407031250000001 0.4791666671875 0.50609375 0.4791666671875 0.50609375 0.775972221875 0.5407031250000001 0.775972221875
0 0.5425 0.7633333328125 0.5425 0.505972221875 0.484765625 0.505972221875 0.484765625 0.7633333328125 0.5425 0.7633333328125
0 0.28585937499999997 0.6954166671875 0.28585937499999997 0.53125 0.21031249999999999 0.53125 0.21031249999999999 0.6954166671875 0.28585937499999997 0.6954166671875
1 0.42390625000000004 0.6595833328125 0.42390625000000004 0.6497222218750001 0.401015625 0.6497222218750001 0.401015625 0.6595833328125 0.42390625000000004 0.6595833328125
1 0.426171875 0.66819444375 0.426171875 0.65430555625 0.399609375 0.65430555625 0.399609375 0.66819444375 0.426171875 0.66819444375
1 0.39953125 0.6386111109375 0.39953125 0.6513888890625 0.423046875 0.6513888890625 0.423046875 0.6386111109375 0.39953125 0.6386111109375