1 0.1615625 0.014249999999999999 0.1615625 0.296125 0.7015625 0.296125 0.7015625 0.014249999999999999 0.1615625 0.014249999999999999
1 0.26101562500000003 0.150625 0.26101562500000003 0.316625 0.77828125 0.316625 0.77828125 0.150625 0.26101562500000003 0.150625
1 0.742890625 0.09825 0.742890625 0.22149999999999997 0.8090624999999999 0.22149999999999997 0.8090624999999999 0.09825 0.742890625 0.09825
1 0.835703125 0.289375 0.835703125 0.17875000000000002 0.798203125 0.17875000000000002 0.798203125 0.289375 0.835703125 0.289375
1 0.8653124999999999 0.320875 0.8653124999999999 0.23875000000000002 0.833671875 0.23875000000000002 0.833671875 0.320875 0.8653124999999999 0.320875
1 0.8474999999999999 0.279875 0.8474999999999999 0.343 0.886953125 0.343 0.886953125 0.279875 0.8474999999999999 0.279875
1 0.82875 0.535625 0.82875 0.415625 0.52578125 0.415625 0.52578125 0.535625 0.82875 0.535625
1 0.8534375000000001 0.524625 0.8534375000000001 0.45512499999999995 0.8159375000000001 0.45512499999999995 0.8159375000000001 0.524625 0.8534375000000001 0.524625
1 0.8732031250000001 0.512 0.8732031250000001 0.46775 0.8465624999999999 0.46775 0.8465624999999999 0.512 0.8732031250000001 0.512
1 0.836640625 0.8119999999999999 0.836640625 0.74875 0.648203125 0.74875 0.648203125 0.8119999999999999 0.836640625 0.8119999999999999
1 0.868203125 0.775625 0.868203125 0.706125 0.8099999999999999 0.706125 0.8099999999999999 0.775625 0.868203125 0.775625
1 0.798203125 0.935125 0.798203125 0.796125 0.639296875 0.796125 0.639296875 0.935125 0.798203125 0.935125
1 0.888359375 0.722 0.888359375 0.67825 0.8495312500000001 0.67825 0.8495312500000001 0.722 0.888359375 0.722
1 0.9100781250000001 0.70475 0.9100781250000001 0.649 0.8878125000000001 0.649 0.8878125000000001 0.70475 0.9100781250000001 0.70475
1 0.786875 0.11287499999999999 0.786875 0.16025 0.8970312500000001 0.16025 0.8970312500000001 0.11287499999999999 0.786875 0.11287499999999999
1 0.73125 0.004875 0.73125 0.08825 0.8887499999999999 0.08825 0.8887499999999999 0.004875 0.73125 0.004875
1 0.034687499999999996 0.499625 0.034687499999999996 0.460125 0.000390625 0.460125 0.000390625 0.499625 0.034687499999999996 0.499625
1 0.09226562499999999 0.510625 0.09226562499999999 0.46449999999999997 0.027109375 0.46449999999999997 0.027109375 0.510625 0.09226562499999999 0.510625
1 0.21625 0.52925 0.21625 0.482125 0.16078125000000001 0.482125 0.16078125000000001 0.52925 0.21625 0.52925
1 0.2759375 0.5205 0.2759375 0.47325 0.21007812499999998 0.47325 0.21007812499999998 0.5205 0.2759375 0.5205
1 0.33140625 0.5237499999999999 0.33140625 0.477625 0.282109375 0.477625 0.282109375 0.5237499999999999 0.33140625 0.5237499999999999
1 0.38140625 0.53575 0.38140625 0.48650000000000004 0.327265625 0.48650000000000004 0.327265625 0.53575 0.38140625 0.53575