1 0.308046875 0.8942500000000001 0.308046875 0.6487499999999999 0.05609375 0.6487499999999999 0.05609375 0.8942500000000001 0.308046875 0.8942500000000001
1 0.45773437499999997 0.740625 0.45773437499999997 0.577 0.28312499999999996 0.577 0.28312499999999996 0.740625 0.45773437499999997 0.740625
1 0.5836718750000001 0.63475 0.5836718750000001 0.525 0.466484375 0.525 0.466484375 0.63475 0.5836718750000001 0.63475
1 0.5475 0.3335 0.5475 0.23374999999999999 0.447734375 0.23374999999999999 0.447734375 0.3335 0.5475 0.3335
1 0.45023437499999996 0.355375 0.45023437499999996 0.20575000000000002 0.275625 0.20575000000000002 0.275625 0.355375 0.45023437499999996 0.355375
1 0.27937500000000004 0.365375 0.27937500000000004 0.181875 0.00625 0.181875 0.00625 0.365375 0.27937500000000004 0.365375
1 0.63234375 0.11599999999999999 0.63234375 0.00625 0.400390625 0.00625 0.400390625 0.11599999999999999 0.63234375 0.11599999999999999
1 0.538828125 0.1 0.538828125 0.00425 0.25320312500000003 0.00425 0.25320312500000003 0.1 0.538828125 0.1
1 0.6884375 0.10200000000000001 0.6884375 0.016125 0.62234375 0.016125 0.62234375 0.10200000000000001 0.6884375 0.10200000000000001
1 0.73359375 0.14350000000000002 0.73359375 0.086625 0.76390625 0.086625 0.76390625 0.06725 0.73359375 0.06725 0.73359375 0.0465 0.645234375 0.0465 0.645234375 0.14350000000000002 0.73359375 0.14350000000000002
1 0.769921875 0.12825 0.769921875 0.08249999999999999 0.726640625 0.08249999999999999 0.726640625 0.12825 0.769921875 0.12825
1 0.763046875 0.09075 0.763046875 0.137875 0.793359375 0.137875 0.793359375 0.09075 0.763046875 0.09075
1 0.8236718749999999 0.157375 0.8236718749999999 0.10187500000000001 0.796796875 0.10187500000000001 0.796796875 0.157375 0.8236718749999999 0.157375
1 0.8184374999999999 0.126125 0.8184374999999999 0.164625 0.839453125 0.164625 0.839453125 0.126125 0.8184374999999999 0.126125
1 0.839453125 0.13574999999999998 0.839453125 0.17325 0.8574999999999999 0.17325 0.8574999999999999 0.13574999999999998 0.839453125 0.13574999999999998
1 0.8514843750000001 0.144375 0.8514843750000001 0.18675 0.86890625 0.18675 0.86890625 0.144375 0.8514843750000001 0.144375
1 0.883984375 0.182875 0.883984375 0.153 0.8659375 0.153 0.8659375 0.182875 0.883984375 0.182875
1 0.96640625 0.40037500000000004 0.96640625 0.36375 0.894765625 0.36375 0.894765625 0.40037500000000004 0.96640625 0.40037500000000004
1 0.644609375 0.307 0.644609375 0.246375 0.56640625 0.246375 0.56640625 0.307 0.644609375 0.307
1 0.696875 0.304125 0.696875 0.24162499999999998 0.643359375 0.24162499999999998 0.643359375 0.304125 0.696875 0.304125
1 0.7438281250000001 0.292625 0.7438281250000001 0.25025 0.688515625 0.25025 0.688515625 0.292625 0.7438281250000001 0.292625
1 0.7889062499999999 0.30125 0.7889062499999999 0.246375 0.7407812500000001 0.246375 0.7407812500000001 0.30125 0.7889062499999999 0.30125
1 0.803984375 0.30025 0.803984375 0.258 0.78171875 0.258 0.78171875 0.30025 0.803984375 0.30025
1 0.65625 0.55675 0.65625 0.48262499999999997 0.579296875 0.48262499999999997 0.579296875 0.55675 0.65625 0.55675
1 0.713984375 0.5375 0.713984375 0.44699999999999995 0.651484375 0.44699999999999995 0.651484375 0.5375 0.713984375 0.5375
1 0.747109375 0.497 0.747109375 0.43062500000000004 0.6965625 0.43062500000000004 0.6965625 0.497 0.747109375 0.497
1 0.7928124999999999 0.47300000000000003 0.7928124999999999 0.410375 0.7440625 0.410375 0.7440625 0.47300000000000003 0.7928124999999999 0.47300000000000003
1 0.815078125 0.442125 0.815078125 0.397875 0.791640625 0.397875 0.791640625 0.442125 0.815078125 0.442125
1 0.83671875 0.43162500000000004 0.83671875 0.38737499999999997 0.8048437500000001 0.38737499999999997 0.8048437500000001 0.43162500000000004 0.83671875 0.43162500000000004
1 0.823515625 0.380625 0.823515625 0.41624999999999995 0.8487500000000001 0.41624999999999995 0.8487500000000001 0.380625 0.823515625 0.380625
1 0.8475781250000001 0.369 0.8475781250000001 0.403625 0.8643750000000001 0.403625 0.8643750000000001 0.369 0.8475781250000001 0.369
1 0.8794531250000001 0.396 0.8794531250000001 0.36425 0.865625 0.36425 0.865625 0.396 0.8794531250000001 0.396
1 0.89625 0.384375 0.89625 0.3565 0.8788281250000001 0.3565 0.8788281250000001 0.384375 0.89625 0.384375
1 0.798828125 0.246875 0.798828125 0.29300000000000004 0.826484375 0.29300000000000004 0.826484375 0.246875 0.798828125 0.246875