1 0.911171875 0.47062499999999996 0.911171875 0.22052083281249998 0.5303125 0.22052083281249998 0.5303125 0.47062499999999996 0.911171875 0.47062499999999996
1 0.99640625 0.3871875 0.99640625 0.17875000000000002 0.899765625 0.17875000000000002 0.899765625 0.3871875 0.99640625 0.3871875
1 0.56296875 0.5255208328125 0.56296875 0.3436458328125 0.32992187500000003 0.3436458328125 0.32992187500000003 0.5255208328125 0.56296875 0.5255208328125
1 0.33140625 0.5292708328125 0.33140625 0.4175 0.19921875 0.4175 0.19921875 0.5292708328125 0.33140625 0.5292708328125
1 0.204921875 0.5426041671874999 0.204921875 0.45541666718749996 0.13382812500000002 0.45541666718749996 0.13382812500000002 0.5426041671874999 0.204921875 0.5426041671874999
1 0.14234375 0.5595833328125 0.14234375 0.46677083281250004 0.074140625 0.46677083281250004 0.074140625 0.5595833328125 0.14234375 0.5595833328125
1 0.075546875 0.5766666671875 0.075546875 0.49895833281249996 0.034375 0.49895833281249996 0.034375 0.5766666671875 0.075546875 0.5766666671875
1 0.034375 0.5766666671875 0.034375 0.5160416671875 0.000234375 0.5160416671875 0.000234375 0.5766666671875 0.034375 0.5766666671875
1 0.07984375 0.7320833328125 0.07984375 0.6676041671874999 0.017343749999999998 0.6676041671874999 0.017343749999999998 0.7320833328125 0.07984375 0.7320833328125
1 0.030078125 0.7263541671875 0.030078125 0.658125 0.000234375 0.658125 0.000234375 0.7263541671875 0.030078125 0.7263541671875
1 0.07703125 0.8931250000000001 0.07703125 0.8021874999999999 0.000234375 0.8021874999999999 0.000234375 0.8931250000000001 0.07703125 0.8931250000000001
1 0.09265625 0.8817708328125 0.09265625 0.8401041671874999 0.040078125 0.8401041671874999 0.040078125 0.8817708328125 0.09265625 0.8817708328125
1 0.1253125 0.9708333328125001 0.1253125 0.8797916671875001 0.059921875 0.8797916671875001 0.059921875 0.9708333328125001 0.1253125 0.9708333328125001
1 0.19921875 0.9972916671875 0.19921875 0.8949999999999999 0.09828125 0.8949999999999999 0.09828125 0.9972916671875 0.19921875 0.9972916671875
1 0.42085937500000004 0.3663541671875 0.42085937500000004 0.1826041671875 0.13671875 0.1826041671875 0.13671875 0.3663541671875 0.42085937500000004 0.3663541671875
1 0.510390625 0.3114583328125 0.510390625 0.0840625 0.204921875 0.0840625 0.204921875 0.3114583328125 0.510390625 0.3114583328125
1 0.330546875 0.013229167187499998 0.330546875 0.20416666718749998 0.9051562499999999 0.20416666718749998 0.9051562499999999 0.013229167187499998 0.330546875 0.013229167187499998
1 0.354375 0.2201041671875 0.354375 0.0336458328125 0.069609375 0.0336458328125 0.069609375 0.2201041671875 0.354375 0.2201041671875
1 0.110546875 0.17239583281249998 0.110546875 0.047291667187500004 0.04234375 0.047291667187500004 0.04234375 0.17239583281249998 0.110546875 0.17239583281249998
1 0.045703125 0.22239583281250003 0.045703125 0.1155208328125 0.013359375000000001 0.1155208328125 0.013359375000000001 0.22239583281250003 0.045703125 0.22239583281250003
1 0.00140625 0.0086458328125 0.00140625 0.0972916671875 0.20601562499999998 0.0972916671875 0.20601562499999998 0.0086458328125 0.00140625 0.0086458328125
1 0.2725 0.3952083328125 0.2725 0.2405208328125 0.07984375 0.2405208328125 0.07984375 0.3952083328125 0.2725 0.3952083328125
1 0.09515625 0.3769791671875 0.09515625 0.2633333328125 0.021875 0.2633333328125 0.021875 0.3769791671875 0.09515625 0.3769791671875