1 0.65359375 0.37805555625 0.65359375 0.2948611109375 0.5599999999999999 0.2948611109375 0.5599999999999999 0.37805555625 0.65359375 0.37805555625
1 0.7065625 0.3711111109375 0.7065625 0.286527778125 0.63328125 0.286527778125 0.63328125 0.3711111109375 0.7065625 0.3711111109375
1 0.663671875 0.4916666671875 0.663671875 0.42513888906249997 0.5709375 0.42513888906249997 0.5709375 0.4916666671875 0.663671875 0.4916666671875
1 0.734609375 0.464027778125 0.734609375 0.42236111093749995 0.660546875 0.42236111093749995 0.660546875 0.464027778125 0.734609375 0.464027778125
1 0.7299218749999999 0.42930555625 0.7299218749999999 0.46680555625000003 0.7884375 0.46680555625000003 0.7884375 0.42930555625 0.7299218749999999 0.42930555625
1 0.8390625 0.4598611109375 0.8390625 0.42374999999999996 0.7884375 0.42374999999999996 0.7884375 0.4598611109375 0.8390625 0.4598611109375
1 0.877265625 0.369722221875 0.877265625 0.20486111093749998 0.687890625 0.20486111093749998 0.687890625 0.369722221875 0.877265625 0.369722221875
1 0.90796875 0.1208333328125 0.90796875 0.075 0.85515625 0.075 0.85515625 0.1208333328125 0.90796875 0.1208333328125
1 0.9842968750000001 0.3204166671875 0.9842968750000001 0.154722221875 0.8540625000000001 0.154722221875 0.8540625000000001 0.3204166671875 0.9842968750000001 0.3204166671875
1 0.6890625 0.19263888906249999 0.6890625 0.07097222187499999 0.5958593750000001 0.07097222187499999 0.5958593750000001 0.19263888906249999 0.6890625 0.19263888906249999
1 0.716015625 0.2525 0.716015625 0.184722221875 0.63515625 0.184722221875 0.63515625 0.2525 0.716015625 0.2525
1 0.6115625 0.504027778125 0.6115625 0.5579166671875 0.673359375 0.5579166671875 0.673359375 0.5179166671875 0.64640625 0.5179166671875 0.64640625 0.504027778125 0.6115625 0.504027778125
1 0.662109375 0.713472221875 0.662109375 0.6836111109375 0.58015625 0.6836111109375 0.58015625 0.713472221875 0.662109375 0.713472221875
1 0.661015625 0.6876388890625 0.661015625 0.711527778125 0.729453125 0.711527778125 0.729453125 0.6876388890625 0.661015625 0.6876388890625
1 0.18953124999999998 0.8772222218750001 0.18953124999999998 0.7554166671875 0.024531249999999998 0.7554166671875 0.024531249999999998 0.8772222218750001 0.18953124999999998 0.8772222218750001
1 0.082890625 0.8851388890624999 0.082890625 0.77944444375 0.0009375 0.77944444375 0.0009375 0.8851388890624999 0.082890625 0.8851388890624999
1 0.439140625 0.7025 0.439140625 0.6776388890625 0.38609375 0.6776388890625 0.38609375 0.7025 0.439140625 0.7025
1 0.45640625 0.6961111109375 0.45640625 0.6773611109375001 0.43499999999999994 0.6773611109375001 0.43499999999999994 0.6961111109375 0.45640625 0.6961111109375
1 0.391796875 0.692777778125 0.391796875 0.6666666671875 0.360234375 0.6666666671875 0.360234375 0.692777778125 0.391796875 0.692777778125
1 0.355703125 0.6820833328125 0.355703125 0.664722221875 0.336171875 0.664722221875 0.336171875 0.6820833328125 0.355703125 0.6820833328125
1 0.315078125 0.6673611109375 0.315078125 0.6820833328125 0.336171875 0.6820833328125 0.336171875 0.6673611109375 0.315078125 0.6673611109375
1 0.315078125 0.6833333328125 0.315078125 0.6673611109375 0.29476562500000003 0.6673611109375 0.29476562500000003 0.6833333328125 0.315078125 0.6833333328125
1 0.2940625 0.6426388890625 0.2940625 0.6573611109375 0.315078125 0.6573611109375 0.315078125 0.6426388890625 0.2940625 0.6426388890625
1 0.33804687499999997 0.6526388890625 0.33804687499999997 0.635972221875 0.318828125 0.635972221875 0.318828125 0.6526388890625 0.33804687499999997 0.6526388890625
1 0.33804687499999997 0.64 0.33804687499999997 0.6526388890625 0.3609375 0.6526388890625 0.3609375 0.64 0.33804687499999997 0.64
1 0.35757812499999997 0.6245833328125 0.35757812499999997 0.6098611109375 0.336171875 0.6098611109375 0.336171875 0.6245833328125 0.35757812499999997 0.6245833328125
1 0.318125 0.6086111109375001 0.318125 0.6245833328125 0.336171875 0.6245833328125 0.336171875 0.6086111109375001 0.318125 0.6086111109375001
1 0.316953125 0.626527778125 0.316953125 0.6086111109375001 0.295546875 0.6086111109375001 0.295546875 0.626527778125 0.316953125 0.626527778125
1 0.290625 0.586527778125 0.290625 0.5711111109375 0.27109375 0.5711111109375 0.27109375 0.586527778125 0.290625 0.586527778125
1 0.25906250000000003 0.57375 0.25906250000000003 0.5891666671875 0.26960937500000004 0.5891666671875 0.26960937500000004 0.57375 0.25906250000000003 0.57375
1 0.2684375 0.5518055562499999 0.2684375 0.53305555625 0.24929687500000003 0.53305555625 0.24929687500000003 0.5518055562499999 0.2684375 0.5518055562499999
1 0.28914062500000004 0.54569444375 0.28914062500000004 0.5337500000000001 0.266953125 0.5337500000000001 0.266953125 0.54569444375 0.28914062500000004 0.54569444375
1 0.31320312499999997 0.5490277781249999 0.31320312499999997 0.53569444375 0.288046875 0.53569444375 0.288046875 0.5490277781249999 0.31320312499999997 0.5490277781249999
1 0.31359375 0.5337500000000001 0.31359375 0.5490277781249999 0.333125 0.5490277781249999 0.333125 0.5337500000000001 0.31359375 0.5337500000000001
1 0.355703125 0.5504166671874999 0.355703125 0.5337500000000001 0.333125 0.5337500000000001 0.333125 0.5504166671874999 0.355703125 0.5504166671874999
1 0.355703125 0.5891666671875 0.355703125 0.57180555625 0.333125 0.57180555625 0.333125 0.5891666671875 0.355703125 0.5891666671875
1 0.3146875 0.5711111109375 0.3146875 0.588472221875 0.33390624999999996 0.588472221875 0.33390624999999996 0.5711111109375 0.3146875 0.5711111109375
1 0.31429687500000003 0.587777778125 0.31429687500000003 0.57180555625 0.29140625 0.57180555625 0.29140625 0.587777778125 0.31429687500000003 0.587777778125
1 0.28765625 0.5136111109375 0.28765625 0.49833333281250003 0.266953125 0.49833333281250003 0.266953125 0.5136111109375 0.28765625 0.5136111109375
1 0.2684375 0.51430555625 0.2684375 0.49625 0.244375 0.49625 0.244375 0.51430555625 0.2684375 0.51430555625
1 0.221875 0.49625 0.221875 0.5123611109375 0.24851562500000002 0.5123611109375 0.24851562500000002 0.49625 0.221875 0.49625
1 0.2553125 0.4795833328125 0.2553125 0.462222221875 0.22937500000000002 0.462222221875 0.22937500000000002 0.4795833328125 0.2553125 0.4795833328125
1 0.271484375 0.47819444375 0.271484375 0.45555555625000005 0.2515625 0.45555555625000005 0.2515625 0.47819444375 0.271484375 0.47819444375
1 0.288046875 0.47694444375 0.288046875 0.46347222187500003 0.271484375 0.46347222187500003 0.271484375 0.47694444375 0.288046875 0.47694444375
1 0.310546875 0.4748611109375 0.310546875 0.46291666718749996 0.291015625 0.46291666718749996 0.291015625 0.4748611109375 0.310546875 0.4748611109375
1 0.33390624999999996 0.47555555624999996 0.33390624999999996 0.4608333328125 0.30867187500000004 0.4608333328125 0.30867187500000004 0.47555555624999996 0.33390624999999996 0.47555555624999996
1 0.355703125 0.47416666718749995 0.355703125 0.45819444374999996 0.336171875 0.45819444374999996 0.336171875 0.47416666718749995 0.355703125 0.47416666718749995
1 0.37859375 0.47291666718750003 0.37859375 0.45555555625000005 0.3571875 0.45555555625000005 0.3571875 0.47291666718750003 0.37859375 0.47291666718750003
1 0.38015625000000003 0.45555555625000005 0.38015625000000003 0.47291666718750003 0.40078125 0.47291666718750003 0.40078125 0.45555555625000005 0.38015625000000003 0.45555555625000005
1 0.427890625 0.46749999999999997 0.427890625 0.45277777812500003 0.40304687499999997 0.45277777812500003 0.40304687499999997 0.46749999999999997 0.427890625 0.46749999999999997
1 0.42484374999999996 0.5076388890625 0.42484374999999996 0.4888888890625 0.400078125 0.4888888890625 0.400078125 0.5076388890625 0.42484374999999996 0.5076388890625
1 0.379375 0.48819444375 0.379375 0.509027778125 0.4015625 0.509027778125 0.4015625 0.48819444375 0.379375 0.48819444375
1 0.38015625000000003 0.51430555625 0.38015625000000003 0.48819444375 0.356796875 0.48819444375 0.356796875 0.51430555625 0.38015625000000003 0.51430555625
1 0.334609375 0.500972221875 0.334609375 0.51430555625 0.356796875 0.51430555625 0.356796875 0.500972221875 0.334609375 0.500972221875
1 0.33421875 0.5116666671875 0.33421875 0.500972221875 0.3128125 0.500972221875 0.3128125 0.5116666671875 0.33421875 0.5116666671875
1 0.290625 0.502222221875 0.290625 0.5116666671875 0.3128125 0.5116666671875 0.3128125 0.502222221875 0.290625 0.502222221875
1 0.38421875 0.54375 0.38421875 0.5316666671875 0.36171875 0.5316666671875 0.36171875 0.54375 0.38421875 0.54375
1 0.38273437499999996 0.53305555625 0.38273437499999996 0.545 0.4034375 0.545 0.4034375 0.53305555625 0.38273437499999996 0.53305555625
1 0.427109375 0.54444444375 0.427109375 0.53305555625 0.404140625 0.53305555625 0.404140625 0.54444444375 0.427109375 0.54444444375
1 0.425625 0.58375 0.425625 0.559722221875 0.399296875 0.559722221875 0.399296875 0.58375 0.425625 0.58375
1 0.38351562499999997 0.5691666671875 0.38351562499999997 0.58375 0.4015625 0.58375 0.4015625 0.5691666671875 0.38351562499999997 0.5691666671875
1 0.381640625 0.58375 0.381640625 0.5704166671875 0.3571875 0.5704166671875 0.3571875 0.58375 0.381640625 0.58375
1 0.380859375 0.6238888890625 0.380859375 0.6025 0.3590625 0.6025 0.3590625 0.6238888890625 0.380859375 0.6238888890625
1 0.380859375 0.6091666671875 0.380859375 0.6238888890625 0.403828125 0.6238888890625 0.403828125 0.6091666671875 0.380859375 0.6091666671875
1 0.45265625 0.5791666671875 0.45265625 0.57180555625 0.427890625 0.57180555625 0.427890625 0.5791666671875 0.45265625 0.5791666671875
1 0.45265625 0.6158333328125 0.45265625 0.6025 0.43046875 0.6025 0.43046875 0.6158333328125 0.45265625 0.6158333328125
1 0.42671875000000004 0.539027778125 0.42671875000000004 0.5518055562499999 0.4534375 0.5518055562499999 0.4534375 0.539027778125 0.42671875000000004 0.539027778125
1 0.429375 0.50625 0.429375 0.52305555625 0.4496875 0.52305555625 0.4496875 0.50625 0.429375 0.50625
1 0.44929687500000004 0.48486111093749995 0.44929687500000004 0.47416666718749995 0.42859375 0.47416666718749995 0.42859375 0.48486111093749995 0.44929687500000004 0.48486111093749995
1 0.45140624999999995 0.45125000000000004 0.45140624999999995 0.43569444375 0.42476562500000004 0.43569444375 0.42476562500000004 0.45125000000000004 0.45140624999999995 0.45125000000000004
1 0.44671874999999994 0.44069444375 0.44671874999999994 0.44680555625 0.474296875 0.44680555625 0.474296875 0.44069444375 0.44671874999999994 0.44069444375
1 0.4496875 0.42194444375 0.4496875 0.4063888890625 0.42554687500000005 0.4063888890625 0.42554687500000005 0.42194444375 0.4496875 0.42194444375
1 0.468125 0.4175 0.468125 0.40305555625 0.4515625 0.40305555625 0.4515625 0.4175 0.468125 0.4175
1 0.5465625000000001 0.4454166671875 0.5465625000000001 0.4158333328125 0.512734375 0.4158333328125 0.512734375 0.4454166671875 0.5465625000000001 0.4454166671875
1 0.46804687500000003 0.39805555625 0.46804687500000003 0.36444444374999996 0.44734375000000004 0.36444444374999996 0.44734375000000004 0.39805555625 0.46804687500000003 0.39805555625
1 0.428359375 0.37 0.428359375 0.39805555625 0.447734375 0.39805555625 0.447734375 0.37 0.428359375 0.37
1 0.423828125 0.40374999999999994 0.423828125 0.3788888890625 0.400390625 0.3788888890625 0.400390625 0.40374999999999994 0.423828125 0.40374999999999994
1 0.37875000000000003 0.3820833328125 0.37875000000000003 0.4061111109375 0.403125 0.4061111109375 0.403125 0.3820833328125 0.37875000000000003 0.3820833328125
1 0.37875000000000003 0.40930555625 0.37875000000000003 0.3820833328125 0.35890625 0.3820833328125 0.35890625 0.40930555625 0.37875000000000003 0.40930555625
1 0.33273437499999997 0.38125 0.33273437499999997 0.41013888906249996 0.35890625 0.41013888906249996 0.35890625 0.38125 0.33273437499999997 0.38125
1 0.33406250000000004 0.416527778125 0.33406250000000004 0.3820833328125 0.316015625 0.3820833328125 0.316015625 0.416527778125 0.33406250000000004 0.416527778125
1 0.292578125 0.38375 0.292578125 0.416527778125 0.316015625 0.416527778125 0.316015625 0.38375 0.292578125 0.38375
1 0.292578125 0.4173611109375 0.292578125 0.38444444375 0.273203125 0.38444444375 0.273203125 0.4173611109375 0.292578125 0.4173611109375
1 0.247890625 0.3916666671875 0.247890625 0.4173611109375 0.273203125 0.4173611109375 0.273203125 0.3916666671875 0.247890625 0.3916666671875
1 0.256484375 0.45499999999999996 0.256484375 0.4286111109375 0.22945312499999998 0.4286111109375 0.22945312499999998 0.45499999999999996 0.256484375 0.45499999999999996
1 0.25789062500000004 0.4286111109375 0.25789062500000004 0.4566666671875 0.27046875 0.4566666671875 0.27046875 0.4286111109375 0.25789062500000004 0.4286111109375
1 0.29125 0.45180555624999996 0.29125 0.4254166671875 0.27046875 0.4254166671875 0.27046875 0.45180555624999996 0.29125 0.45180555624999996
1 0.29171874999999997 0.42625 0.29171874999999997 0.45180555624999996 0.311953125 0.45180555624999996 0.311953125 0.42625 0.29171874999999997 0.42625
1 0.33453125 0.4511111109375 0.33453125 0.42625 0.311953125 0.42625 0.311953125 0.4511111109375 0.33453125 0.4511111109375
1 0.33546875 0.42291666718750004 0.33546875 0.4511111109375 0.35617187499999997 0.4511111109375 0.35617187499999997 0.42291666718750004 0.33546875 0.42291666718750004
1 0.384140625 0.4486111109375 0.384140625 0.42055555624999996 0.35890625 0.42055555624999996 0.35890625 0.4486111109375 0.384140625 0.4486111109375
1 0.384140625 0.416527778125 0.384140625 0.447777778125 0.403125 0.447777778125 0.403125 0.416527778125 0.384140625 0.416527778125
1 0.4265625 0.45027777812499997 0.4265625 0.4173611109375 0.403125 0.4173611109375 0.403125 0.45027777812499997 0.4265625 0.45027777812499997
0 0.42984375 0.33375 0.42984375 0.7508333328125001 0.5725 0.7508333328125001 0.5725 0.33375 0.42984375 0.33375