1 0.09265625 0.8430555562500001 0.09265625 0.7691666671874999 0.0005729171875 0.7691666671874999 0.0005729171875 0.8430555562500001 0.09265625 0.8430555562500001
1 0.1768229171875 0.7731481484375 0.1768229171875 0.6953703703125 0.05 0.6953703703125 0.05 0.7731481484375 0.1768229171875 0.7731481484375
1 0.4021354171875 0.6553703703125 0.4021354171875 0.601296296875 0.3319791671875 0.601296296875 0.3319791671875 0.6553703703125 0.4021354171875 0.6553703703125
1 0.3429166671875 0.64148148125 0.3429166671875 0.608240740625 0.3 0.608240740625 0.3 0.64148148125 0.3429166671875 0.64148148125
1 0.30546875 0.64148148125 0.30546875 0.6068518515625 0.2743229171875 0.6068518515625 0.2743229171875 0.64148148125 0.30546875 0.64148148125
1 0.2743229171875 0.6359259265625 0.2743229171875 0.6040740734375001 0.23296875 0.6040740734375001 0.23296875 0.6359259265625 0.2743229171875 0.6359259265625
1 0.2579166671875 0.4904629625 0.2579166671875 0.44194444375 0.20645833281249998 0.44194444375 0.20645833281249998 0.4904629625 0.2579166671875 0.4904629625
1 0.2111458328125 0.493240740625 0.2111458328125 0.44749999999999995 0.17765625000000002 0.44749999999999995 0.17765625000000002 0.493240740625 0.2111458328125 0.493240740625
1 0.176875 0.4876851859375 0.176875 0.46555555625 0.14880208281250001 0.46555555625 0.14880208281250001 0.4876851859375 0.176875 0.4876851859375
1 0.1480208328125 0.4751851859375 0.1480208328125 0.41009259218749994 0.0014583328125 0.41009259218749994 0.0014583328125 0.4751851859375 0.1480208328125 0.4751851859375
1 0.0084895828125 0.18555555625 0.0084895828125 0.2756481484375 0.14880208281250001 0.2756481484375 0.14880208281250001 0.18555555625 0.0084895828125 0.18555555625
1 0.3663020828125 0.48490740781249997 0.3663020828125 0.43499999999999994 0.25947916718749997 0.43499999999999994 0.25947916718749997 0.48490740781249997 0.3663020828125 0.48490740781249997
1 0.1470833328125 0.07685185156249999 0.1470833328125 0.0061111109375 0.0044270828125 0.0061111109375 0.0044270828125 0.07685185156249999 0.1470833328125 0.07685185156249999
1 0.3395833328125 0.096203703125 0.3395833328125 0.024166667187499997 0.2561979171875 0.024166667187499997 0.2561979171875 0.096203703125 0.3395833328125 0.096203703125
1 0.3146875 0.11842592656249999 0.3146875 0.040740740625 0.225 0.040740740625 0.225 0.11842592656249999 0.3146875 0.11842592656249999
1 0.24296875 0.10175925937500001 0.24296875 0.029722221875 0.16578125 0.029722221875 0.16578125 0.10175925937500001 0.24296875 0.10175925937500001
1 0.2055208328125 0.1128703703125 0.2055208328125 0.0504629625 0.14395833281249998 0.0504629625 0.14395833281249998 0.1128703703125 0.2055208328125 0.1128703703125
1 0.12833333281249998 0.12527777812500002 0.12833333281249998 0.08509259218750001 0.10265625 0.08509259218750001 0.10265625 0.12527777812500002 0.12833333281249998 0.12527777812500002
1 0.23984375 0.16138888906249999 0.23984375 0.11703703750000001 0.2023958328125 0.11703703750000001 0.2023958328125 0.16138888906249999 0.23984375 0.16138888906249999
1 0.1984895828125 0.173796296875 0.1984895828125 0.12527777812500002 0.17203125 0.12527777812500002 0.17203125 0.173796296875 0.1984895828125 0.173796296875
1 0.19385416718749998 0.20018518593749998 0.19385416718749998 0.15444444375 0.14395833281249998 0.15444444375 0.14395833281249998 0.20018518593749998 0.19385416718749998 0.20018518593749998
1 0.26786458281250003 0.20981481406250002 0.26786458281250003 0.168240740625 0.22421875 0.168240740625 0.22421875 0.20981481406250002 0.26786458281250003 0.20981481406250002
1 0.3365104171875 0.21259259218749998 0.3365104171875 0.1488888890625 0.2522916671875 0.1488888890625 0.2522916671875 0.21259259218749998 0.3365104171875 0.21259259218749998
1 0.2491666671875 0.275 0.2491666671875 0.223703703125 0.1946354171875 0.223703703125 0.1946354171875 0.275 0.2491666671875 0.275
1 0.1992708328125 0.2791666671875 0.1992708328125 0.2445370375 0.17124999999999999 0.2445370375 0.17124999999999999 0.2791666671875 0.1992708328125 0.2791666671875
1 0.17281249999999998 0.2943518515625 0.17281249999999998 0.25555555625 0.1447395828125 0.25555555625 0.1447395828125 0.2943518515625 0.17281249999999998 0.2943518515625
1 0.1353645828125 0.3124074078125 0.1353645828125 0.272222221875 0.1119791671875 0.272222221875 0.1119791671875 0.3124074078125 0.1353645828125 0.3124074078125
1 0.11510416718750001 0.3179629625 0.11510416718750001 0.2791666671875 0.09015625000000001 0.2791666671875 0.09015625000000001 0.3179629625 0.11510416718750001 0.3179629625
1 0.0909375 0.32351851875 0.0909375 0.295740740625 0.06833333281250001 0.295740740625 0.06833333281250001 0.32351851875 0.0909375 0.32351851875
1 0.17203125 0.39 0.17203125 0.35120370312500004 0.14395833281249998 0.35120370312500004 0.14395833281249998 0.39 0.17203125 0.39
1 0.17432291718749998 0.3400925921875 0.17432291718749998 0.38305555625 0.2023958328125 0.38305555625 0.2023958328125 0.3400925921875 0.17432291718749998 0.3400925921875
1 0.23359375 0.37333333281250003 0.23359375 0.32768518593749996 0.2023958328125 0.32768518593749996 0.2023958328125 0.37333333281250003 0.23359375 0.37333333281250003
1 0.2265625 0.30129629687500004 0.2265625 0.34564814843749997 0.2538541671875 0.34564814843749997 0.2538541671875 0.30129629687500004 0.2265625 0.30129629687500004
1 0.3489583328125 0.35120370312500004 0.3489583328125 0.2875 0.2546354171875 0.2875 0.2546354171875 0.35120370312500004 0.3489583328125 0.35120370312500004
1 0.4300520828125 0.34148148125 0.4300520828125 0.28472222187499996 0.3271354171875 0.28472222187499996 0.3271354171875 0.34148148125 0.4300520828125 0.34148148125
1 0.3594791671875 0.3708333328125 0.3594791671875 0.3361111109375 0.32265625 0.3361111109375 0.32265625 0.3708333328125 0.3594791671875 0.3708333328125
1 0.4152083328125 0.3746296296875 0.4152083328125 0.3303703703125 0.3475520828125 0.3303703703125 0.3475520828125 0.3746296296875 0.4152083328125 0.3746296296875
1 0.20453125 0.648796296875 0.20453125 0.6086111109375001 0.1515104171875 0.6086111109375001 0.1515104171875 0.648796296875 0.20453125 0.648796296875
1 0.7019791671875 0.321296296875 0.7019791671875 0.27851851875 0.6604166671875 0.27851851875 0.6604166671875 0.321296296875 0.7019791671875 0.321296296875
1 0.6591145828125 0.3200925921875 0.6591145828125 0.2900925921875 0.6279166671875 0.2900925921875 0.6279166671875 0.3200925921875 0.6591145828125 0.3200925921875
1 0.6565104171875 0.3998148140625 0.6565104171875 0.3709259265625 0.62984375 0.3709259265625 0.62984375 0.3998148140625 0.6565104171875 0.3998148140625
1 0.65390625 0.358240740625 0.65390625 0.3951851859375 0.7013020828125 0.3951851859375 0.7013020828125 0.358240740625 0.65390625 0.358240740625
1 0.6013020828125 0.37666666718749997 0.6013020828125 0.3350925921875 0.5194270828125 0.3350925921875 0.5194270828125 0.37666666718749997 0.6013020828125 0.37666666718749997
1 0.5428124999999999 0.24037037031250003 0.5428124999999999 0.20342592656249997 0.51359375 0.20342592656249997 0.51359375 0.24037037031250003 0.5428124999999999 0.24037037031250003
1 0.5902604171875 0.24851851875 0.5902604171875 0.1965740734375 0.5421875 0.1965740734375 0.5421875 0.24851851875 0.5902604171875 0.24851851875
1 0.5934895828125 0.16185185156249998 0.5934895828125 0.1006481484375 0.5220312500000001 0.1006481484375 0.5220312500000001 0.16185185156249998 0.5934895828125 0.16185185156249998
1 0.5109895828125001 0.12842592656250001 0.5109895828125001 0.1734259265625 0.5603645828125 0.1734259265625 0.5603645828125 0.12842592656250001 0.5109895828125001 0.12842592656250001
1 0.5116666671875 0.15379629687500002 0.5116666671875 0.12490740781250001 0.48828125 0.12490740781250001 0.48828125 0.15379629687500002 0.5116666671875 0.15379629687500002
1 0.4453645828125 0.1468518515625 0.4453645828125 0.18842592656249998 0.49411458281250004 0.18842592656249998 0.49411458281250004 0.1468518515625 0.4453645828125 0.1468518515625
1 0.5031770828125001 0.302777778125 0.5031770828125001 0.28314814843749997 0.4817708328125 0.28314814843749997 0.4817708328125 0.302777778125 0.5031770828125001 0.302777778125
1 0.5772395828125 0.6041666671875 0.5772395828125 0.5695370375000001 0.5389062499999999 0.5695370375000001 0.5389062499999999 0.6041666671875 0.5772395828125 0.6041666671875
1 0.5350520828125 0.593796296875 0.5350520828125 0.56148148125 0.5025520828125 0.56148148125 0.5025520828125 0.593796296875 0.5350520828125 0.593796296875
1 0.72453125 0.23500000000000001 0.72453125 0.178240740625 0.6707291671875 0.178240740625 0.6707291671875 0.23500000000000001 0.72453125 0.23500000000000001
1 0.6364583328125 0.129722221875 0.6364583328125 0.0950925921875 0.58421875 0.0950925921875 0.58421875 0.129722221875 0.6364583328125 0.129722221875
0 0.3927083328125 0.292222221875 0.3927083328125 0.6663888890624999 0.5545312499999999 0.6663888890624999 0.5545312499999999 0.292222221875 0.3927083328125 0.292222221875