0 0.3534895828125 0.6016666671875 0.3534895828125 0.4279629625 0.26286458281249997 0.4279629625 0.26286458281249997 0.6016666671875 0.3534895828125 0.6016666671875
1 0.5091145828125 0.5470370375 0.5091145828125 0.5284259265625 0.47458333281250004 0.5284259265625 0.47458333281250004 0.5470370375 0.5091145828125 0.5470370375
1 0.5103645828125 0.5558333328125 0.5103645828125 0.5448148140625 0.4733333328125 0.5448148140625 0.4733333328125 0.5558333328125 0.5103645828125 0.5558333328125
1 0.5060416671875 0.5722222218749999 0.5060416671875 0.5558333328125 0.4733333328125 0.5558333328125 0.4733333328125 0.5722222218749999 0.5060416671875 0.5722222218749999
1 0.6330729171875 0.5943518515624999 0.6330729171875 0.5638888890625 0.5962500000000001 0.5638888890625 0.5962500000000001 0.5943518515624999 0.6330729171875 0.5943518515624999
1 0.6270833328125 0.53805555625 0.6270833328125 0.49611111093750004 0.5936458328125 0.49611111093750004 0.5936458328125 0.53805555625 0.6270833328125 0.53805555625
1 0.6236458328125 0.48546296250000004 0.6236458328125 0.4420370375 0.6013541671875 0.4420370375 0.6013541671875 0.48546296250000004 0.6236458328125 0.48546296250000004
1 0.6514583328125 0.4824074078125 0.6514583328125 0.4291666671875 0.6227604171875 0.4291666671875 0.6227604171875 0.4824074078125 0.6514583328125 0.4824074078125
1 0.6793229171874999 0.4778703703125 0.6793229171874999 0.416203703125 0.64375 0.416203703125 0.64375 0.4778703703125 0.6793229171874999 0.4778703703125
1 0.7303645828125 0.47277777812500005 0.7303645828125 0.40259259218750004 0.6760937499999999 0.40259259218750004 0.6760937499999999 0.47277777812500005 0.7303645828125 0.47277777812500005
1 0.80703125 0.4651851859375 0.80703125 0.36666666718749996 0.725 0.36666666718749996 0.725 0.4651851859375 0.80703125 0.4651851859375
1 0.9455729171874999 0.45388888906249997 0.9455729171874999 0.2871296296875 0.7889062499999999 0.2871296296875 0.7889062499999999 0.45388888906249997 0.9455729171874999 0.45388888906249997
1 0.9907812500000001 0.8471296296874999 0.9907812500000001 0.6799999999999999 0.8131770828124999 0.6799999999999999 0.8131770828124999 0.8471296296874999 0.9907812500000001 0.8471296296874999
1 0.8990104171875 0.749722221875 0.8990104171875 0.6221296296875 0.7339583328125 0.6221296296875 0.7339583328125 0.749722221875 0.8990104171875 0.749722221875
1 0.8086979171875001 0.681296296875 0.8086979171875001 0.599722221875 0.6888020828125 0.599722221875 0.6888020828125 0.681296296875 0.8086979171875001 0.681296296875
1 0.7635416671875 0.8707407406250001 0.7635416671875 0.7971296296875 0.7272916671874999 0.7971296296875 0.7272916671874999 0.8707407406250001 0.7635416671875 0.8707407406250001
1 0.9796875 0.9971296296875 0.9796875 0.8800000000000001 0.7413541671874999 0.8800000000000001 0.7413541671874999 0.9971296296875 0.9796875 0.9971296296875
1 0.8008333328124999 0.1440740734375 0.8008333328124999 0.0072222218749999996 0.7276041671875 0.0072222218749999996 0.7276041671875 0.1440740734375 0.8008333328124999 0.1440740734375
1 0.8911458328125 0.21120370312499998 0.8911458328125 0.1125 0.68171875 0.1125 0.68171875 0.21120370312499998 0.8911458328125 0.21120370312499998
1 0.75203125 0.2650925921875 0.75203125 0.186203703125 0.6432291671875 0.186203703125 0.6432291671875 0.2650925921875 0.75203125 0.2650925921875
1 0.6520833328125 0.2953703703125 0.6520833328125 0.232222221875 0.6239583328125 0.232222221875 0.6239583328125 0.2953703703125 0.6520833328125 0.2953703703125
1 0.6313541671875 0.32305555625000004 0.6313541671875 0.253240740625 0.6025 0.253240740625 0.6025 0.32305555625000004 0.6313541671875 0.32305555625000004
1 0.6113020828125 0.43583333281250003 0.6113020828125 0.41203703750000004 0.5916666671875 0.41203703750000004 0.5916666671875 0.43583333281250003 0.6113020828125 0.43583333281250003
1 0.5925520828125 0.3940740734375 0.5925520828125 0.4220370375 0.6107291671875 0.4220370375 0.6107291671875 0.3940740734375 0.5925520828125 0.3940740734375
1 0.6104166671875 0.40092592656250003 0.6104166671875 0.378703703125 0.59046875 0.378703703125 0.59046875 0.40092592656250003 0.6104166671875 0.40092592656250003
1 0.5934895828125 0.352777778125 0.5934895828125 0.3813888890625 0.6110416671875 0.3813888890625 0.6110416671875 0.352777778125 0.5934895828125 0.352777778125
1 0.6092187499999999 0.369722221875 0.6092187499999999 0.3348148140625 0.5890104171874999 0.3348148140625 0.5890104171874999 0.369722221875 0.6092187499999999 0.369722221875
1 0.59078125 0.31898148125 0.59078125 0.3490740734375 0.6065625 0.3490740734375 0.6065625 0.31898148125 0.59078125 0.31898148125
1 0.6140104171874999 0.45805555625 0.6140104171874999 0.42472222187500003 0.59140625 0.42472222187500003 0.59140625 0.45805555625 0.6140104171874999 0.45805555625
1 0.6145833328125 0.4770370375 0.6145833328125 0.4511111109375 0.5931770828125 0.4511111109375 0.5931770828125 0.4770370375 0.6145833328125 0.4770370375
1 0.7080208328125 0.16851851874999998 0.7080208328125 0.0895370375 0.59921875 0.0895370375 0.59921875 0.16851851874999998 0.7080208328125 0.16851851874999998
1 0.6169791671875 0.048796296875 0.6169791671875 0.117222221875 0.7191145828125001 0.117222221875 0.7191145828125001 0.048796296875 0.6169791671875 0.048796296875
1 0.6288020828125 0.0013888890625 0.6288020828125 0.06064814843750001 0.7124479171875 0.06064814843750001 0.7124479171875 0.0013888890625 0.6288020828125 0.0013888890625