1 0.894921875 0.5734375 0.894921875 0.44322916718750005 0.6361718749999999 0.44322916718750005 0.6361718749999999 0.5734375 0.894921875 0.5734375
1 0.647578125 0.5776041671875001 0.647578125 0.4791666671875 0.51765625 0.4791666671875 0.51765625 0.5776041671875001 0.647578125 0.5776041671875001
1 0.5125 0.5817708328125 0.5125 0.5 0.42312500000000003 0.5 0.42312500000000003 0.5817708328125 0.5125 0.5817708328125
1 0.43453125000000004 0.5804166671875 0.43453125000000004 0.5125 0.331640625 0.5125 0.331640625 0.5804166671875 0.43453125000000004 0.5804166671875
1 0.33578125000000003 0.57625 0.33578125000000003 0.5235416671875 0.27546875000000004 0.5235416671875 0.27546875000000004 0.57625 0.33578125000000003 0.57625
1 0.20796874999999998 0.595625 0.20796874999999998 0.5485416671875 0.152890625 0.5485416671875 0.152890625 0.595625 0.20796874999999998 0.595625
1 0.39187500000000003 0.4459375 0.39187500000000003 0.29072916718749997 0.011484375 0.29072916718749997 0.011484375 0.4459375 0.39187500000000003 0.4459375
1 0.42203125 0.3614583328125 0.42203125 0.28239583281249997 0.35140625000000003 0.28239583281249997 0.35140625000000003 0.3614583328125 0.42203125 0.3614583328125
1 0.40648437499999995 0.213125 0.40648437499999995 0.32125 0.52078125 0.32125 0.52078125 0.213125 0.40648437499999995 0.213125
1 0.7837500000000001 0.2935416671875 0.7837500000000001 0.1452083328125 0.5217968749999999 0.1452083328125 0.5217968749999999 0.2935416671875 0.7837500000000001 0.2935416671875
1 0.8638281250000001 0.22510416718749998 0.8638281250000001 0.0455208328125 0.6752343749999999 0.0455208328125 0.6752343749999999 0.22510416718749998 0.8638281250000001 0.22510416718749998
1 0.867421875 0.0071874999999999994 0.867421875 0.1221875 0.994921875 0.1221875 0.994921875 0.0071874999999999994 0.867421875 0.0071874999999999994
1 0.993125 0.5484375 0.993125 0.4166666671875 0.896171875 0.4166666671875 0.896171875 0.5484375 0.993125 0.5484375
1 0.0796875 0.8470833328125 0.0796875 0.7605208328125 0.0017968749999999999 0.7605208328125 0.0017968749999999999 0.8470833328125 0.0796875 0.8470833328125
1 0.0571875 0.9083333328125001 0.0571875 0.7973958328124999 0.014765625 0.7973958328124999 0.014765625 0.9083333328125001 0.0571875 0.9083333328125001
1 0.1896875 0.9741666671875 0.1896875 0.8528125 0.05632812499999999 0.8528125 0.05632812499999999 0.9741666671875 0.1896875 0.9741666671875
1 0.28500000000000003 0.9983333328124999 0.28500000000000003 0.9106249999999999 0.11000000000000001 0.9106249999999999 0.11000000000000001 0.9983333328124999 0.28500000000000003 0.9983333328124999