1 0.563203125 0.64 0.563203125 0.5 0.292109375 0.5 0.292109375 0.64 0.563203125 0.64
1 0.5623437499999999 0.698125 0.5623437499999999 0.555375 0.24015625 0.555375 0.24015625 0.698125 0.5623437499999999 0.698125
1 0.559765625 0.49450000000000005 0.559765625 0.634375 0.6368750000000001 0.634375 0.6368750000000001 0.49450000000000005 0.559765625 0.49450000000000005
1 0.71828125 0.572 0.71828125 0.45975 0.6368750000000001 0.45975 0.6368750000000001 0.572 0.71828125 0.572
1 0.76328125 0.518 0.76328125 0.44312500000000005 0.68359375 0.44312500000000005 0.68359375 0.518 0.76328125 0.518
1 0.791875 0.50275 0.791875 0.422375 0.74421875 0.422375 0.74421875 0.50275 0.791875 0.50275
1 0.83515625 0.473625 0.83515625 0.41125 0.791875 0.41125 0.791875 0.473625 0.83515625 0.473625
1 0.8221875000000001 0.292125 0.8221875000000001 0.2395 0.79015625 0.2395 0.79015625 0.292125 0.8221875000000001 0.292125
1 0.7494531249999999 0.23675000000000002 0.7494531249999999 0.292125 0.79015625 0.292125 0.79015625 0.23675000000000002 0.7494531249999999 0.23675000000000002
1 0.7494531249999999 0.29900000000000004 0.7494531249999999 0.23675000000000002 0.693984375 0.23675000000000002 0.693984375 0.29900000000000004 0.7494531249999999 0.29900000000000004
1 0.623828125 0.21175000000000002 0.623828125 0.29900000000000004 0.693984375 0.29900000000000004 0.693984375 0.21175000000000002 0.623828125 0.21175000000000002
1 0.625625 0.30874999999999997 0.625625 0.213125 0.527734375 0.213125 0.527734375 0.30874999999999997 0.625625 0.30874999999999997
1 0.5337500000000001 0.368375 0.5337500000000001 0.191 0.182109375 0.191 0.182109375 0.368375 0.5337500000000001 0.368375
1 0.20640624999999999 0.39325 0.20640624999999999 0.24362499999999998 0.004609375000000001 0.24362499999999998 0.004609375000000001 0.39325 0.20640624999999999 0.39325
1 0.16273437500000001 0.969 0.16273437500000001 0.7715 0.001875 0.7715 0.001875 0.969 0.16273437500000001 0.969
1 0.43773437499999995 0.123 0.43773437499999995 0.016625 0.34078125 0.016625 0.34078125 0.123 0.43773437499999995 0.123
1 0.356953125 0.20299999999999999 0.356953125 0.005124999999999999 0.01796875 0.005124999999999999 0.01796875 0.20299999999999999 0.356953125 0.20299999999999999
1 0.5328125 0.106125 0.5328125 0.023 0.45382812499999997 0.023 0.45382812499999997 0.106125 0.5328125 0.106125
1 0.5817187500000001 0.176 0.5817187500000001 0.053000000000000005 0.414375 0.053000000000000005 0.414375 0.176 0.5817187500000001 0.176