1 0.9996875 0.5932291671875001 0.9996875 0.4264583328125 0.7325 0.4264583328125 0.7325 0.5932291671875001 0.9996875 0.5932291671875001
1 0.7325 0.6027083328125 0.7325 0.47572916718749997 0.532109375 0.47572916718749997 0.532109375 0.6027083328125 0.7325 0.6027083328125
1 0.44546875 0.5534375 0.44546875 0.45864583281250004 0.22945312499999998 0.45864583281250004 0.22945312499999998 0.5534375 0.44546875 0.5534375
1 0.40421874999999996 0.42270833281250003 0.40421874999999996 0.3279166671875 0.17546875 0.3279166671875 0.17546875 0.42270833281250003 0.40421874999999996 0.42270833281250003
1 0.27351562500000004 0.45114583281250004 0.27351562500000004 0.37906249999999997 0.114375 0.37906249999999997 0.114375 0.45114583281250004 0.27351562500000004 0.45114583281250004
1 0.353046875 0.8130208328125 0.353046875 0.7523958328125 0.1796875 0.7523958328125 0.1796875 0.8130208328125 0.353046875 0.8130208328125
1 0.215234375 0.7978125 0.215234375 0.7447916671875 0.13 0.7447916671875 0.13 0.7978125 0.215234375 0.7978125
1 0.145625 0.7788541671875 0.145625 0.7239583328125 0.1015625 0.7239583328125 0.1015625 0.7788541671875 0.145625 0.7788541671875
1 0.426953125 0.6064583328125 0.426953125 0.5477083328125001 0.127109375 0.5477083328125001 0.127109375 0.6064583328125 0.426953125 0.6064583328125
1 0.5662499999999999 0.40750000000000003 0.5662499999999999 0.3241666671875 0.43695312499999994 0.3241666671875 0.43695312499999994 0.40750000000000003 0.5662499999999999 0.40750000000000003
1 0.6657031250000001 0.36583333281249997 0.6657031250000001 0.26729166718749997 0.529296875 0.26729166718749997 0.529296875 0.36583333281249997 0.6657031250000001 0.36583333281249997
1 0.83625 0.3715625 0.83625 0.22937500000000002 0.6372656250000001 0.22937500000000002 0.6372656250000001 0.3715625 0.83625 0.3715625
1 0.957734375 0.225 0.957734375 0.0040625 0.5157812500000001 0.0040625 0.5157812500000001 0.225 0.957734375 0.225
1 0.557734375 0.2941666671875 0.557734375 0.1486458328125 0.298515625 0.1486458328125 0.298515625 0.2941666671875 0.557734375 0.2941666671875
1 0.440078125 0.1394791671875 0.440078125 0.0258333328125 0.27804687499999997 0.0258333328125 0.27804687499999997 0.1394791671875 0.440078125 0.1394791671875
1 0.5440625 0.0894791671875 0.5440625 0.0054166671875 0.339453125 0.0054166671875 0.339453125 0.0894791671875 0.5440625 0.0894791671875
1 0.632734375 1 0.632734375 0.9262499999999999 0.393984375 0.9262499999999999 0.393984375 1 0.632734375 1
1 0.47242187500000005 0.97625 0.47242187500000005 0.8853125000000001 0.298515625 0.8853125000000001 0.298515625 0.97625 0.47242187500000005 0.97625
1 0.34453125 0.9376041671875001 0.34453125 0.8307291671874999 0.22515625 0.8307291671874999 0.22515625 0.9376041671875001 0.34453125 0.9376041671875001