1 0.10679687499999999 0.01125 0.10679687499999999 0.2545 0.481953125 0.2545 0.481953125 0.01125 0.10679687499999999 0.01125
1 0.555859375 0.31825000000000003 0.555859375 0.111375 0.23890625000000001 0.111375 0.23890625000000001 0.31825000000000003 0.555859375 0.31825000000000003
1 0.34554687500000003 0.206875 0.34554687500000003 0.329625 0.6296875 0.329625 0.6296875 0.206875 0.34554687500000003 0.206875
1 0.494296875 0.026625 0.494296875 0.147125 0.639296875 0.147125 0.639296875 0.026625 0.494296875 0.026625
1 0.417578125 0.003875 0.417578125 0.072125 0.5725 0.072125 0.5725 0.003875 0.417578125 0.003875
1 0.582421875 0.09025 0.582421875 0.169875 0.691875 0.169875 0.691875 0.09025 0.582421875 0.09025
1 0.650625 0.16075 0.650625 0.2085 0.723125 0.2085 0.723125 0.16075 0.650625 0.16075
1 0.640703125 0.026625 0.640703125 0.115375 0.785625 0.115375 0.785625 0.026625 0.640703125 0.026625
1 0.70609375 0.1085 0.70609375 0.19037500000000002 0.8041406249999999 0.19037500000000002 0.8041406249999999 0.1085 0.70609375 0.1085
1 0.671953125 0.265375 0.671953125 0.32675 0.701796875 0.32675 0.701796875 0.265375 0.671953125 0.265375
1 0.626484375 0.235875 0.626484375 0.315375 0.67625 0.315375 0.67625 0.235875 0.626484375 0.235875
1 0.6946875 0.288125 0.6946875 0.36312500000000003 0.7359375 0.36312500000000003 0.7359375 0.288125 0.6946875 0.288125
1 0.72453125 0.34275 0.72453125 0.390375 0.7757031249999999 0.390375 0.7757031249999999 0.34275 0.72453125 0.34275
1 0.778515625 0.383625 0.778515625 0.43137499999999995 0.7984375 0.43137499999999995 0.7984375 0.383625 0.778515625 0.383625
1 0.792734375 0.388125 0.792734375 0.44275000000000003 0.81546875 0.44275000000000003 0.81546875 0.388125 0.792734375 0.388125
1 0.9447656249999999 0.6565000000000001 0.9447656249999999 0.6155 0.8836718749999999 0.6155 0.8836718749999999 0.6565000000000001 0.9447656249999999 0.6565000000000001