1 0.76125 0.6170833328125 0.76125 0.47625 0.6310156250000001 0.47625 0.6310156250000001 0.6170833328125 0.76125 0.6170833328125
1 0.633203125 0.6538888890625 0.633203125 0.5197222218750001 0.568828125 0.5197222218750001 0.568828125 0.6538888890625 0.633203125 0.6538888890625
1 0.57546875 0.65125 0.57546875 0.5538888890625 0.5385156249999999 0.5538888890625 0.5385156249999999 0.65125 0.57546875 0.65125
1 0.5385156249999999 0.6447222218750001 0.5385156249999999 0.58819444375 0.5177343750000001 0.58819444375 0.5177343750000001 0.6447222218750001 0.5385156249999999 0.6447222218750001
1 0.52015625 0.6384722218750001 0.52015625 0.5929166671874999 0.501171875 0.5929166671874999 0.501171875 0.6384722218750001 0.52015625 0.6384722218750001
1 0.50265625 0.6426388890625 0.50265625 0.6040277781250001 0.48125 0.6040277781250001 0.48125 0.6426388890625 0.50265625 0.6426388890625
1 0.5177343750000001 0.768472221875 0.5177343750000001 0.7236111109375 0.501875 0.7236111109375 0.501875 0.768472221875 0.5177343750000001 0.768472221875
1 0.5524218750000001 0.79819444375 0.5524218750000001 0.73125 0.51390625 0.73125 0.51390625 0.79819444375 0.5524218750000001 0.79819444375
1 0.6331249999999999 0.8422222218750001 0.6331249999999999 0.749027778125 0.54 0.749027778125 0.54 0.8422222218750001 0.6331249999999999 0.8422222218750001
1 0.697265625 0.8958333328125001 0.697265625 0.76 0.5862499999999999 0.76 0.5862499999999999 0.8958333328125001 0.697265625 0.8958333328125001
1 0.8163281250000001 0.965277778125 0.8163281250000001 0.8136111109374999 0.6484375 0.8136111109374999 0.6484375 0.965277778125 0.8163281250000001 0.965277778125
1 0.8109375 0.341527778125 0.8109375 0.095277778125 0.6138281250000001 0.095277778125 0.6138281250000001 0.341527778125 0.8109375 0.341527778125
1 0.784296875 0.4426388890625 0.784296875 0.24680555625 0.554296875 0.24680555625 0.554296875 0.4426388890625 0.784296875 0.4426388890625
1 0.536484375 0.49152777812500004 0.536484375 0.4236111109375 0.49921875 0.4236111109375 0.49921875 0.49152777812500004 0.536484375 0.49152777812500004
1 0.7283593749999999 0.46472222187499995 0.7283593749999999 0.36055555625 0.5134375 0.36055555625 0.5134375 0.46472222187499995 0.7283593749999999 0.46472222187499995
1 0.723984375 0.001527778125 0.723984375 0.10513888906249999 0.8590625 0.10513888906249999 0.8590625 0.001527778125 0.723984375 0.001527778125
1 0.69234375 0.2704166671875 0.69234375 0.11125 0.5146875 0.11125 0.5146875 0.2704166671875 0.69234375 0.2704166671875
1 0.640546875 0.32166666718750003 0.640546875 0.19805555625 0.4984375 0.19805555625 0.4984375 0.32166666718750003 0.640546875 0.32166666718750003
1 0.527265625 0.3716666671875 0.527265625 0.29805555625 0.480625 0.29805555625 0.480625 0.3716666671875 0.527265625 0.3716666671875
1 0.544296875 0.42430555625000005 0.544296875 0.36375 0.4703125 0.36375 0.4703125 0.42430555625000005 0.544296875 0.42430555625000005
1 0.500625 0.53625 0.500625 0.48875 0.47992187499999994 0.48875 0.47992187499999994 0.53625 0.500625 0.53625
1 0.48507812499999997 0.5545833328125 0.48507812499999997 0.507222221875 0.46882812500000004 0.507222221875 0.46882812500000004 0.5545833328125 0.48507812499999997 0.5545833328125
1 0.045625 0.8558333328125001 0.045625 0.7705555562499999 0.00296875 0.7705555562499999 0.00296875 0.8558333328125001 0.045625 0.8558333328125001
1 0.061640625000000004 0.7288888890624999 0.061640625000000004 0.679722221875 0.009375 0.679722221875 0.009375 0.7288888890624999 0.061640625000000004 0.7288888890624999
1 0.50625 0.0038888890625 0.50625 0.0538888890625 0.6046875 0.0538888890625 0.6046875 0.0038888890625 0.50625 0.0038888890625
1 0.50390625 0.22125 0.50390625 0.15111111093750001 0.47859375000000004 0.15111111093750001 0.47859375000000004 0.22125 0.50390625 0.22125
1 0.511328125 0.31444444374999997 0.511328125 0.255277778125 0.45890624999999996 0.255277778125 0.45890624999999996 0.31444444374999997 0.511328125 0.31444444374999997
1 0.49406249999999996 0.3758333328125 0.49406249999999996 0.317777778125 0.4459375 0.317777778125 0.4459375 0.3758333328125 0.49406249999999996 0.3758333328125
0 0.28140624999999997 0.6976388890624999 0.28140624999999997 0.5650000000000001 0.23203125 0.5650000000000001 0.23203125 0.6976388890624999 0.28140624999999997 0.6976388890624999
0 0.49874999999999997 0.7386111109375 0.49874999999999997 0.5488888890625 0.46046875 0.5488888890625 0.46046875 0.7386111109375 0.49874999999999997 0.7386111109375
0 0.46539062500000006 0.73430555625 0.46539062500000006 0.54569444375 0.45304687499999996 0.54569444375 0.45304687499999996 0.73430555625 0.46539062500000006 0.73430555625
0 0.45304687499999996 0.7112499999999999 0.45304687499999996 0.5533333328125 0.43703125 0.5533333328125 0.43703125 0.7112499999999999 0.45304687499999996 0.7112499999999999