1 0.5232812499999999 0.444125 0.5232812499999999 0.084875 0.143828125 0.084875 0.143828125 0.444125 0.5232812499999999 0.444125
1 0.004609375000000001 0.007625 0.004609375000000001 0.300875 0.189296875 0.300875 0.189296875 0.007625 0.004609375000000001 0.007625
1 0.683828125 0.47824999999999995 0.683828125 0.246375 0.5118750000000001 0.246375 0.5118750000000001 0.47824999999999995 0.683828125 0.47824999999999995
1 0.771953125 0.48962500000000003 0.771953125 0.39187500000000003 0.67671875 0.39187500000000003 0.67671875 0.48962500000000003 0.771953125 0.48962500000000003
1 0.813203125 0.518 0.813203125 0.40812499999999996 0.758671875 0.40812499999999996 0.758671875 0.518 0.813203125 0.518
1 0.829765625 0.529375 0.829765625 0.444125 0.80015625 0.444125 0.80015625 0.529375 0.829765625 0.529375
1 0.8546093750000001 0.52 0.8546093750000001 0.45737500000000003 0.8309374999999999 0.45737500000000003 0.8309374999999999 0.52 0.8546093750000001 0.52
1 0.8699999999999999 0.537 0.8699999999999999 0.48012499999999997 0.846328125 0.48012499999999997 0.846328125 0.537 0.8699999999999999 0.537
1 0.8653124999999999 0.48587499999999995 0.8653124999999999 0.529375 0.897265625 0.529375 0.897265625 0.48587499999999995 0.8653124999999999 0.48587499999999995
1 0.9884375000000001 0.709375 0.9884375000000001 0.6639999999999999 0.9032031249999999 0.6639999999999999 0.9032031249999999 0.709375 0.9884375000000001 0.709375
1 0.9028124999999999 0.6980000000000001 0.9028124999999999 0.650625 0.8909375 0.650625 0.8909375 0.6980000000000001 0.9028124999999999 0.6980000000000001
1 0.8909375 0.717 0.8909375 0.6679999999999999 0.8741406250000001 0.6679999999999999 0.8741406250000001 0.717 0.8909375 0.717
1 0.8760937500000001 0.728 0.8760937500000001 0.683875 0.8524218749999999 0.683875 0.8524218749999999 0.728 0.8760937500000001 0.728
1 0.864296875 0.743875 0.864296875 0.683875 0.835703125 0.683875 0.835703125 0.743875 0.864296875 0.743875
1 0.8485156249999999 0.799125 0.8485156249999999 0.713875 0.784375 0.713875 0.784375 0.799125 0.8485156249999999 0.799125
1 0.830703125 0.867 0.830703125 0.740625 0.735 0.740625 0.735 0.867 0.830703125 0.867
1 0.7833593750000001 0.9348750000000001 0.7833593750000001 0.778625 0.66984375 0.778625 0.66984375 0.9348750000000001 0.7833593750000001 0.9348750000000001
1 0.702421875 0.993375 0.702421875 0.8796250000000001 0.5159374999999999 0.8796250000000001 0.5159374999999999 0.993375 0.702421875 0.993375
1 0.561328125 0.60175 0.561328125 0.5559999999999999 0.5159374999999999 0.5559999999999999 0.5159374999999999 0.60175 0.561328125 0.60175
1 0.29703124999999997 0.0035000000000000005 0.29703124999999997 0.21012499999999998 0.754296875 0.21012499999999998 0.754296875 0.0035000000000000005 0.29703124999999997 0.0035000000000000005
1 0.800390625 0.22325 0.800390625 0.074625 0.41875 0.074625 0.41875 0.22325 0.800390625 0.22325
1 0.822578125 0.2785 0.822578125 0.166625 0.616171875 0.166625 0.616171875 0.2785 0.822578125 0.2785
1 0.8496874999999999 0.318 0.8496874999999999 0.23775 0.705 0.23775 0.705 0.318 0.8496874999999999 0.318
1 0.8595312500000001 0.343 0.8595312500000001 0.2785 0.77078125 0.2785 0.77078125 0.343 0.8595312500000001 0.343
1 0.86203125 0.32325 0.86203125 0.375875 0.8907812500000001 0.375875 0.8907812500000001 0.32325 0.86203125 0.32325
1 0.813515625 0.161375 0.813515625 0.21662499999999998 0.89 0.21662499999999998 0.89 0.161375 0.813515625 0.161375
1 0.809375 0.12725 0.809375 0.16799999999999998 0.882578125 0.16799999999999998 0.882578125 0.12725 0.809375 0.12725
1 0.779765625 0.05225 0.779765625 0.12587500000000001 0.863671875 0.12587500000000001 0.863671875 0.05225 0.779765625 0.05225