1 0.8282031249999999 0.39055555625 0.8282031249999999 0.2575 0.662890625 0.2575 0.662890625 0.39055555625 0.8282031249999999 0.39055555625
1 0.91859375 0.41541666718750003 0.91859375 0.26444444375 0.77515625 0.26444444375 0.77515625 0.41541666718750003 0.91859375 0.41541666718750003
1 0.964609375 0.3738888890625 0.964609375 0.2811111109375 0.896796875 0.2811111109375 0.896796875 0.3738888890625 0.964609375 0.3738888890625
1 0.961953125 0.304027778125 0.961953125 0.3758333328125 0.9978906249999999 0.3758333328125 0.9978906249999999 0.304027778125 0.961953125 0.304027778125
1 0.9215625 0.755 0.9215625 0.665277778125 0.8553124999999999 0.665277778125 0.8553124999999999 0.755 0.9215625 0.755
1 0.85421875 0.7929166671875 0.85421875 0.6972222218749999 0.675703125 0.6972222218749999 0.675703125 0.7929166671875 0.85421875 0.7929166671875
1 0.9754687499999999 0.7151388890625 0.9754687499999999 0.64125 0.90359375 0.64125 0.90359375 0.7151388890625 0.9754687499999999 0.7151388890625
1 0.79921875 0.21027777812499998 0.79921875 0.0386111109375 0.6599999999999999 0.0386111109375 0.6599999999999999 0.21027777812499998 0.79921875 0.21027777812499998
1 0.8800000000000001 0.230277778125 0.8800000000000001 0.066527778125 0.75546875 0.066527778125 0.75546875 0.230277778125 0.8800000000000001 0.230277778125
1 0.937265625 0.2341666671875 0.937265625 0.09652777812499999 0.8182812500000001 0.09652777812499999 0.8182812500000001 0.2341666671875 0.937265625 0.2341666671875
1 0.985546875 0.25819444375 0.985546875 0.12444444375 0.8901562500000001 0.12444444375 0.8901562500000001 0.25819444375 0.985546875 0.25819444375
1 0.898828125 0.007777778125 0.898828125 0.039722221875000005 0.9942187499999999 0.039722221875000005 0.9942187499999999 0.007777778125 0.898828125 0.007777778125
1 0.9998437499999999 0.14750000000000002 0.9998437499999999 0.09555555624999999 0.96390625 0.09555555624999999 0.96390625 0.14750000000000002 0.9998437499999999 0.14750000000000002
1 0.592578125 0.14666666718750002 0.592578125 0.062222221875 0.52859375 0.062222221875 0.52859375 0.14666666718750002 0.592578125 0.14666666718750002
1 0.45078125 0.719027778125 0.45078125 0.690972221875 0.3871875 0.690972221875 0.3871875 0.719027778125 0.45078125 0.719027778125
1 0.392109375 0.6998611109375 0.392109375 0.6805555562500001 0.352890625 0.6805555562500001 0.352890625 0.6998611109375 0.392109375 0.6998611109375
1 0.35554687500000004 0.70069444375 0.35554687500000004 0.67819444375 0.33484375 0.67819444375 0.33484375 0.70069444375 0.35554687500000004 0.70069444375
1 0.34609375 0.693472221875 0.34609375 0.6709722218749999 0.325390625 0.6709722218749999 0.325390625 0.693472221875 0.34609375 0.693472221875
1 0.305546875 0.6773611109375001 0.305546875 0.6941666671875 0.32671875 0.6941666671875 0.32671875 0.6773611109375001 0.305546875 0.6773611109375001
1 0.303671875 0.6926388890624999 0.303671875 0.6773611109375001 0.2784375 0.6773611109375001 0.2784375 0.6926388890624999 0.303671875 0.6926388890624999
1 0.252734375 0.6733333328125 0.252734375 0.6926388890624999 0.2784375 0.6926388890624999 0.2784375 0.6733333328125 0.252734375 0.6733333328125
1 0.301875 0.659722221875 0.301875 0.6397222218749999 0.27484375 0.6397222218749999 0.27484375 0.659722221875 0.301875 0.659722221875
1 0.301875 0.6404166671875 0.301875 0.659722221875 0.32492187499999997 0.659722221875 0.32492187499999997 0.6404166671875 0.301875 0.6404166671875
1 0.352421875 0.6637500000000001 0.352421875 0.6404166671875 0.32492187499999997 0.6404166671875 0.32492187499999997 0.6637500000000001 0.352421875 0.6637500000000001
1 0.350625 0.62680555625 0.350625 0.60680555625 0.32492187499999997 0.60680555625 0.32492187499999997 0.62680555625 0.350625 0.62680555625
1 0.27664062500000003 0.6276388890625 0.32492187499999997 0.62680555625 0.32492187499999997 0.60680555625 0.30007812500000003 0.60680555625 0.30007812500000003 0.6083333328125 0.27664062500000003 0.6083333328125 0.27664062500000003 0.6276388890625
1 0.25 0.6083333328125 0.25 0.6276388890625 0.27664062500000003 0.6276388890625 0.27664062500000003 0.6083333328125 0.25 0.6083333328125
1 0.25046875 0.6276388890625 0.25046875 0.6091666671875 0.23109375000000001 0.6091666671875 0.23109375000000001 0.6276388890625 0.25046875 0.6276388890625
1 0.208984375 0.61 0.208984375 0.63 0.228828125 0.63 0.228828125 0.61 0.208984375 0.61
0 0.229296875 0.6083333328125 0.229296875 0.6966666671875 0.257265625 0.6966666671875 0.257265625 0.6083333328125 0.229296875 0.6083333328125
0 0.230625 0.6918055562500001 0.230625 0.6044444437500001 0.205390625 0.6044444437500001 0.205390625 0.6918055562500001 0.230625 0.6918055562500001
1 0.22749999999999998 0.5811111109375 0.22749999999999998 0.5666666671875 0.20578124999999997 0.5666666671875 0.20578124999999997 0.5811111109375 0.22749999999999998 0.5811111109375
1 0.22749999999999998 0.5651388890625 0.22749999999999998 0.5811111109375 0.24867187500000001 0.5811111109375 0.24867187500000001 0.5651388890625 0.22749999999999998 0.5651388890625
1 0.27125 0.5834722218749999 0.27125 0.5651388890625 0.24867187500000001 0.5651388890625 0.24867187500000001 0.5834722218749999 0.27125 0.5834722218749999
1 0.27125 0.5611111109375 0.27125 0.5834722218749999 0.30148437499999997 0.5834722218749999 0.30148437499999997 0.5611111109375 0.27125 0.5611111109375
1 0.325390625 0.5891666671875 0.325390625 0.5611111109375 0.30148437499999997 0.5611111109375 0.30148437499999997 0.5891666671875 0.325390625 0.5891666671875
1 0.325390625 0.56430555625 0.325390625 0.5891666671875 0.34968750000000004 0.5891666671875 0.34968750000000004 0.56430555625 0.325390625 0.56430555625
1 0.379453125 0.5868055562500001 0.379453125 0.56430555625 0.34968750000000004 0.56430555625 0.34968750000000004 0.5868055562500001 0.379453125 0.5868055562500001
1 0.378125 0.5619444437500001 0.378125 0.5868055562500001 0.4034375 0.5868055562500001 0.4034375 0.5619444437500001 0.378125 0.5619444437500001
1 0.42867187500000004 0.5795833328125 0.42867187500000004 0.5619444437500001 0.4034375 0.5619444437500001 0.4034375 0.5795833328125 0.42867187500000004 0.5795833328125
1 0.46070312500000005 0.58194444375 0.46070312500000005 0.563472221875 0.435390625 0.563472221875 0.435390625 0.58194444375 0.46070312500000005 0.58194444375
1 0.46070312500000005 0.5619444437500001 0.46070312500000005 0.58194444375 0.47335937499999997 0.58194444375 0.47335937499999997 0.5619444437500001 0.46070312500000005 0.5619444437500001
1 0.379453125 0.6195833328125 0.379453125 0.60680555625 0.35335937500000003 0.60680555625 0.35335937500000003 0.6195833328125 0.379453125 0.6195833328125
1 0.379921875 0.61 0.379921875 0.6195833328125 0.3953125 0.6195833328125 0.3953125 0.61 0.379921875 0.61
1 0.432734375 0.5386111109375 0.432734375 0.51375 0.4015625 0.51375 0.4015625 0.5386111109375 0.432734375 0.5386111109375
1 0.34757812499999996 0.5409722218749999 0.34757812499999996 0.51694444375 0.32414062499999996 0.51694444375 0.32414062499999996 0.5409722218749999 0.34757812499999996 0.5409722218749999
1 0.2984375 0.5176388890625 0.2984375 0.5409722218749999 0.32414062499999996 0.5409722218749999 0.32414062499999996 0.5176388890625 0.2984375 0.5176388890625
1 0.298828125 0.5401388890625001 0.298828125 0.518472221875 0.27453125 0.518472221875 0.27453125 0.5401388890625001 0.298828125 0.5401388890625001
1 0.248359375 0.51930555625 0.248359375 0.5425 0.27453125 0.5425 0.27453125 0.51930555625 0.248359375 0.51930555625
1 0.248359375 0.5458333328125 0.248359375 0.51930555625 0.22757812500000002 0.51930555625 0.22757812500000002 0.5458333328125 0.248359375 0.5458333328125
1 0.205 0.5209722218749999 0.205 0.546527778125 0.228515625 0.546527778125 0.228515625 0.5209722218749999 0.205 0.5209722218749999
1 0.228515625 0.5088888890625001 0.228515625 0.4863888890625 0.20546875 0.4863888890625 0.20546875 0.5088888890625001 0.228515625 0.5088888890625001
1 0.228515625 0.478472221875 0.228515625 0.5088888890625001 0.24742187499999999 0.5088888890625001 0.24742187499999999 0.478472221875 0.228515625 0.478472221875
1 0.274921875 0.507222221875 0.274921875 0.478472221875 0.24742187499999999 0.478472221875 0.24742187499999999 0.507222221875 0.274921875 0.507222221875
1 0.274921875 0.4791666671875 0.274921875 0.507222221875 0.3025 0.507222221875 0.3025 0.4791666671875 0.274921875 0.4791666671875
1 0.32140625 0.5025000000000001 0.32140625 0.4791666671875 0.3025 0.4791666671875 0.3025 0.5025000000000001 0.32140625 0.5025000000000001
1 0.32234375000000004 0.47125000000000006 0.32234375000000004 0.5008333328125001 0.34984375 0.5008333328125001 0.34984375 0.47125000000000006 0.32234375000000004 0.47125000000000006
1 0.376484375 0.49930555625000006 0.376484375 0.47041666718749997 0.34984375 0.47041666718749997 0.34984375 0.49930555625000006 0.376484375 0.49930555625000006
1 0.376484375 0.47125000000000006 0.376484375 0.49930555625000006 0.39851562500000004 0.49930555625000006 0.39851562500000004 0.47125000000000006 0.376484375 0.47125000000000006
1 0.428359375 0.4936111109375 0.428359375 0.47125000000000006 0.399921875 0.47125000000000006 0.399921875 0.4936111109375 0.428359375 0.4936111109375
1 0.4571875 0.5025000000000001 0.4571875 0.48166666718749995 0.43328125 0.48166666718749995 0.43328125 0.5025000000000001 0.4571875 0.5025000000000001
1 0.45992187500000004 0.48486111093749995 0.45992187500000004 0.5008333328125001 0.4765625 0.5008333328125001 0.4765625 0.48486111093749995 0.45992187500000004 0.48486111093749995
1 0.46078125 0.5409722218749999 0.46078125 0.5201388890625 0.432421875 0.5201388890625 0.432421875 0.5409722218749999 0.46078125 0.5409722218749999
1 0.407109375 0.5361111109375 0.407109375 0.51930555625 0.37828125 0.51930555625 0.37828125 0.5361111109375 0.407109375 0.5361111109375
1 0.349375 0.51375 0.349375 0.5361111109375 0.37828125 0.5361111109375 0.37828125 0.51375 0.349375 0.51375
1 0.37828125 0.4511111109375 0.37828125 0.43027777812499995 0.35031249999999997 0.43027777812499995 0.35031249999999997 0.4511111109375 0.37828125 0.4511111109375
1 0.403515625 0.45277777812500003 0.403515625 0.43027777812499995 0.37507812500000004 0.43027777812499995 0.37507812500000004 0.45277777812500003 0.403515625 0.45277777812500003
1 0.42874999999999996 0.4511111109375 0.42874999999999996 0.42625 0.4021875 0.42625 0.4021875 0.4511111109375 0.42874999999999996 0.4511111109375
1 0.45765625 0.46555555625 0.45765625 0.44069444375 0.428359375 0.44069444375 0.428359375 0.46555555625 0.45765625 0.46555555625
1 0.48382812499999994 0.4623611109375 0.48382812499999994 0.44305555625000004 0.45992187500000004 0.44305555625000004 0.45992187500000004 0.4623611109375 0.48382812499999994 0.4623611109375
1 0.48562500000000003 0.4463888890625 0.48562500000000003 0.4623611109375 0.499609375 0.4623611109375 0.499609375 0.4463888890625 0.48562500000000003 0.4463888890625
1 0.5014062499999999 0.4254166671875 0.5014062499999999 0.40222222187499995 0.48023437500000005 0.40222222187499995 0.48023437500000005 0.4254166671875 0.5014062499999999 0.4254166671875
1 0.480625 0.43347222187499995 0.480625 0.40138888906250003 0.459453125 0.40138888906250003 0.459453125 0.43347222187499995 0.480625 0.43347222187499995
1 0.45765625 0.42874999999999996 0.45765625 0.40708333281250003 0.428359375 0.40708333281250003 0.428359375 0.42874999999999996 0.45765625 0.42874999999999996
1 0.450859375 0.39180555625 0.450859375 0.365277778125 0.427421875 0.365277778125 0.427421875 0.39180555625 0.450859375 0.39180555625
1 0.47976562500000003 0.39180555625 0.47976562500000003 0.3725 0.454921875 0.3725 0.454921875 0.39180555625 0.47976562500000003 0.39180555625
1 0.48109375 0.3645833328125 0.48109375 0.32444444375 0.455859375 0.32444444375 0.455859375 0.3645833328125 0.48109375 0.3645833328125
1 0.42874999999999996 0.33319444374999996 0.42874999999999996 0.36611111093750004 0.454453125 0.36611111093750004 0.454453125 0.33319444374999996 0.42874999999999996 0.33319444374999996
1 0.425625 0.3773611109375 0.425625 0.3436111109375 0.399921875 0.3436111109375 0.399921875 0.3773611109375 0.425625 0.3773611109375
1 0.37421875 0.3436111109375 0.37421875 0.38055555625 0.40078125 0.38055555625 0.40078125 0.3436111109375 0.37421875 0.3436111109375
1 0.380078125 0.376527778125 0.380078125 0.34208333281250003 0.350703125 0.34208333281250003 0.350703125 0.376527778125 0.380078125 0.376527778125
1 0.327265625 0.345277778125 0.327265625 0.3773611109375 0.351171875 0.3773611109375 0.351171875 0.345277778125 0.327265625 0.345277778125
1 0.3259375 0.38944444375 0.3259375 0.34930555625 0.30203125000000003 0.34930555625 0.30203125000000003 0.38944444375 0.3259375 0.38944444375
1 0.27718750000000003 0.3501388890625 0.27718750000000003 0.3829166671875 0.3015625 0.3829166671875 0.3015625 0.3501388890625 0.27718750000000003 0.3501388890625
1 0.27718750000000003 0.3901388890625 0.27718750000000003 0.3501388890625 0.25328125 0.3501388890625 0.25328125 0.3901388890625 0.27718750000000003 0.3901388890625
1 0.22625 0.35652777812499997 0.22625 0.3901388890625 0.25328125 0.3901388890625 0.25328125 0.35652777812499997 0.22625 0.35652777812499997
1 0.23390624999999998 0.4311111109375 0.23390624999999998 0.39819444375 0.206796875 0.39819444375 0.206796875 0.4311111109375 0.23390624999999998 0.4311111109375
1 0.232578125 0.46152777812499995 0.232578125 0.44305555625000004 0.21359374999999997 0.44305555625000004 0.21359374999999997 0.46152777812499995 0.232578125 0.46152777812499995
1 0.25015624999999997 0.46069444375 0.25015624999999997 0.4398611109375 0.22804687499999998 0.4398611109375 0.22804687499999998 0.46069444375 0.25015624999999997 0.46069444375
1 0.2740625 0.45430555625 0.2740625 0.4351388890625 0.24874999999999997 0.4351388890625 0.24874999999999997 0.45430555625 0.2740625 0.45430555625
1 0.298828125 0.45361111093749995 0.298828125 0.43583333281250003 0.272265625 0.43583333281250003 0.272265625 0.45361111093749995 0.298828125 0.45361111093749995
1 0.32640625 0.45361111093749995 0.32640625 0.43666666718749997 0.296640625 0.43666666718749997 0.296640625 0.45361111093749995 0.32640625 0.45361111093749995
1 0.34890625000000003 0.44875 0.34890625000000003 0.4311111109375 0.325 0.4311111109375 0.325 0.44875 0.34890625000000003 0.44875
1 0.346640625 0.41819444375000003 0.346640625 0.38944444375 0.32140625 0.38944444375 0.32140625 0.41819444375000003 0.346640625 0.41819444375000003
1 0.323203125 0.4270833328125 0.323203125 0.39180555625 0.2975 0.39180555625 0.2975 0.4270833328125 0.323203125 0.4270833328125
1 0.2975 0.42222222187499997 0.2975 0.3933333328125 0.27718750000000003 0.3933333328125 0.27718750000000003 0.42222222187499997 0.2975 0.42222222187499997
1 0.275859375 0.4238888890625 0.275859375 0.39736111093750004 0.250625 0.39736111093750004 0.250625 0.4238888890625 0.275859375 0.4238888890625
1 0.25601562499999997 0.4270833328125 0.25601562499999997 0.39736111093750004 0.23117187499999997 0.39736111093750004 0.23117187499999997 0.4270833328125 0.25601562499999997 0.4270833328125
1 0.38234375 0.41347222187500005 0.38234375 0.38694444375 0.35296875 0.38694444375 0.35296875 0.41347222187500005 0.38234375 0.41347222187500005
1 0.40531249999999996 0.407777778125 0.40531249999999996 0.3854166671875 0.3778125 0.3854166671875 0.3778125 0.407777778125 0.40531249999999996 0.407777778125
1 0.427890625 0.410972221875 0.427890625 0.3813888890625 0.404453125 0.3813888890625 0.404453125 0.410972221875 0.427890625 0.410972221875
0 0.45242187500000003 0.1286111109375 0.45242187500000003 0.8519444437500001 0.684765625 0.8519444437500001 0.684765625 0.1286111109375 0.45242187500000003 0.1286111109375