1 0.9999218750000001 0.9550000000000001 0.9999218750000001 0.8140625 0.822578125 0.8140625 0.822578125 0.9550000000000001 0.9999218750000001 0.9550000000000001
1 0.18640625 0.8289583328125 0.18640625 0.7592708328125 0.112421875 0.7592708328125 0.112421875 0.8289583328125 0.18640625 0.8289583328125
1 0.12625 0.8539583328125 0.12625 0.7803125 0.03546875 0.7803125 0.03546875 0.8539583328125 0.12625 0.8539583328125
1 0.465703125 0.7632291671875 0.465703125 0.7171875 0.343359375 0.7171875 0.343359375 0.7632291671875 0.465703125 0.7632291671875
1 0.547578125 0.7697916671875 0.547578125 0.72375 0.45382812499999997 0.72375 0.45382812499999997 0.7697916671875 0.547578125 0.7697916671875
1 0.695390625 0.7163541671875 0.695390625 0.6889583328125 0.6528906250000001 0.6889583328125 0.6528906250000001 0.7163541671875 0.695390625 0.7163541671875
1 0.649453125 0.7154166671875 0.649453125 0.6871875000000001 0.62203125 0.6871875000000001 0.62203125 0.7154166671875 0.649453125 0.7154166671875
1 0.6227343750000001 0.7163541671875 0.6227343750000001 0.6908333328125 0.591875 0.6908333328125 0.591875 0.7163541671875 0.6227343750000001 0.7163541671875
1 0.679609375 0.5976041671875 0.679609375 0.5555208328125001 0.5740624999999999 0.5555208328125001 0.5740624999999999 0.5976041671875 0.679609375 0.5976041671875
1 0.6446875000000001 0.49802083281250004 0.6446875000000001 0.456875 0.5404687499999999 0.456875 0.5404687499999999 0.49802083281250004 0.6446875000000001 0.49802083281250004
1 0.7310156250000001 0.48520833281250003 0.7310156250000001 0.4495833328125 0.6385156249999999 0.4495833328125 0.6385156249999999 0.48520833281250003 0.7310156250000001 0.48520833281250003
1 0.41328125 0.43822916718749994 0.41328125 0.3867708328125 0.312109375 0.3867708328125 0.312109375 0.43822916718749994 0.41328125 0.43822916718749994
1 0.308046875 0.4427083328125 0.308046875 0.39875 0.2759375 0.39875 0.2759375 0.4427083328125 0.308046875 0.4427083328125
1 0.2734375 0.45583333281250005 0.2734375 0.39875 0.2265625 0.39875 0.2265625 0.45583333281250005 0.2734375 0.45583333281250005
1 0.354921875 0.5304166671874999 0.354921875 0.4919791671875 0.299765625 0.4919791671875 0.299765625 0.5304166671874999 0.354921875 0.5304166671874999
1 0.312109375 0.5380208328125 0.312109375 0.5095833328125 0.258671875 0.5095833328125 0.258671875 0.5380208328125 0.312109375 0.5380208328125
1 0.41742187499999994 0.6213541671875 0.41742187499999994 0.5917708328125 0.30062500000000003 0.5917708328125 0.30062500000000003 0.6213541671875 0.41742187499999994 0.6213541671875
1 0.3515625 0.7058333328125 0.3515625 0.6816666671875 0.312109375 0.6816666671875 0.312109375 0.7058333328125 0.3515625 0.7058333328125
1 0.27015625 0.6794791671875 0.27015625 0.6970833328125 0.315390625 0.6970833328125 0.315390625 0.6794791671875 0.27015625 0.6794791671875
1 0.41593749999999996 0.33166666718750004 0.41593749999999996 0.2713541671875 0.3115625 0.2713541671875 0.3115625 0.33166666718750004 0.41593749999999996 0.33166666718750004
1 0.31484375 0.3327083328125 0.31484375 0.285625 0.270390625 0.285625 0.270390625 0.3327083328125 0.31484375 0.3327083328125
1 0.42093749999999996 0.2088541671875 0.42093749999999996 0.1551041671875 0.308203125 0.1551041671875 0.308203125 0.2088541671875 0.42093749999999996 0.2088541671875
1 0.39375 0.23072916718749997 0.39375 0.178125 0.272890625 0.178125 0.272890625 0.23072916718749997 0.39375 0.23072916718749997
1 0.51875 0.2164583328125 0.51875 0.1616666671875 0.41593749999999996 0.1616666671875 0.41593749999999996 0.2164583328125 0.51875 0.2164583328125
1 0.661875 0.2263541671875 0.661875 0.169375 0.57546875 0.169375 0.57546875 0.2263541671875 0.661875 0.2263541671875
1 0.54015625 0.1902083328125 0.54015625 0.24500000000000002 0.6404687499999999 0.24500000000000002 0.6404687499999999 0.1902083328125 0.54015625 0.1902083328125
1 0.664296875 0.3086458328125 0.664296875 0.25375000000000003 0.578828125 0.25375000000000003 0.578828125 0.3086458328125 0.664296875 0.3086458328125
1 0.5450781250000001 0.2757291671875 0.5450781250000001 0.3195833328125 0.615 0.3195833328125 0.615 0.2757291671875 0.5450781250000001 0.2757291671875
1 0.6371875 0.3908333328125 0.6371875 0.35031249999999997 0.58046875 0.35031249999999997 0.58046875 0.3908333328125 0.6371875 0.3908333328125
1 0.541796875 0.3678125 0.541796875 0.40729166718750004 0.594453125 0.40729166718750004 0.594453125 0.3678125 0.541796875 0.3678125
1 0.52125 0.365625 0.52125 0.3327083328125 0.46781249999999996 0.3327083328125 0.46781249999999996 0.365625 0.52125 0.365625
1 0.605078125 0.3645833328125 0.605078125 0.31843750000000004 0.52125 0.31843750000000004 0.52125 0.3645833328125 0.605078125 0.3645833328125
1 0.52859375 0.33166666718750004 0.52859375 0.2822916671875 0.41023437500000004 0.2822916671875 0.41023437500000004 0.33166666718750004 0.52859375 0.33166666718750004
1 0.534375 0.45552083281250005 0.534375 0.41604166718749996 0.423359375 0.41604166718749996 0.423359375 0.45552083281250005 0.534375 0.45552083281250005
1 0.87203125 0.32697916718750003 0.87203125 0.2836458328125 0.810859375 0.2836458328125 0.810859375 0.32697916718750003 0.87203125 0.32697916718750003
1 0.8740625 0.3902083328125 0.8740625 0.3572916671875 0.8315625000000001 0.3572916671875 0.8315625000000001 0.3902083328125 0.8740625 0.3902083328125
1 0.938203125 0.3928125 0.938203125 0.3546875 0.868125 0.3546875 0.868125 0.3928125 0.938203125 0.3928125
1 0.57515625 0.7440625 0.57515625 0.7122916671875 0.538203125 0.7122916671875 0.538203125 0.7440625 0.57515625 0.7440625
0 0.8253125000000001 0.7022916671874999 0.8253125000000001 0.45145833281250003 0.687109375 0.45145833281250003 0.687109375 0.7022916671874999 0.8253125000000001 0.7022916671874999