1 0.5589062499999999 0.664875 0.5589062499999999 0.513875 0.455859375 0.513875 0.455859375 0.664875 0.5589062499999999 0.664875
1 0.46968750000000004 0.76325 0.46968750000000004 0.555375 0.23757812500000003 0.555375 0.23757812500000003 0.76325 0.46968750000000004 0.76325
1 0.326796875 0.919875 0.326796875 0.656625 0.001953125 0.656625 0.001953125 0.919875 0.326796875 0.919875
1 0.0665625 0.969875 0.0665625 0.814125 0.005156249999999999 0.814125 0.005156249999999999 0.969875 0.0665625 0.969875
1 0.00078125 0.006 0.00078125 0.0975 0.11515625 0.0975 0.11515625 0.006 0.00078125 0.006
1 0.243984375 0.137375 0.243984375 0.022625 0.09539062499999999 0.022625 0.09539062499999999 0.137375 0.243984375 0.137375
1 0.35 0.15575 0.35 0.051000000000000004 0.232578125 0.051000000000000004 0.232578125 0.15575 0.35 0.15575
1 0.713828125 0.233875 0.713828125 0.16075 0.552734375 0.16075 0.552734375 0.233875 0.713828125 0.233875
1 0.740234375 0.211 0.740234375 0.173 0.6940625 0.173 0.6940625 0.211 0.740234375 0.211
1 0.7720312500000001 0.224875 0.7720312500000001 0.173 0.7301562500000001 0.173 0.7301562500000001 0.224875 0.7720312500000001 0.224875
1 0.79796875 0.239875 0.79796875 0.198375 0.755390625 0.198375 0.755390625 0.239875 0.79796875 0.239875
1 0.8052343750000001 0.313875 0.8052343750000001 0.258375 0.702734375 0.258375 0.702734375 0.313875 0.8052343750000001 0.313875
1 0.7128125 0.308 0.7128125 0.271125 0.691171875 0.271125 0.691171875 0.308 0.7128125 0.308
1 0.693359375 0.31037499999999996 0.693359375 0.274625 0.678203125 0.274625 0.678203125 0.31037499999999996 0.693359375 0.31037499999999996
1 0.58796875 0.282625 0.58796875 0.31037499999999996 0.6774218750000001 0.31037499999999996 0.6774218750000001 0.282625 0.58796875 0.282625
1 0.63484375 0.288375 0.63484375 0.23875000000000002 0.56484375 0.23875000000000002 0.56484375 0.288375 0.63484375 0.288375
1 0.536015625 0.27575 0.536015625 0.21225 0.45875000000000005 0.21225 0.45875000000000005 0.27575 0.536015625 0.27575
1 0.370078125 0.382375 0.370078125 0.296625 0.2640625 0.296625 0.2640625 0.382375 0.370078125 0.382375
1 0.2653125 0.380375 0.2653125 0.278625 0.155546875 0.278625 0.155546875 0.380375 0.2653125 0.380375
1 0.135859375 0.42925 0.135859375 0.282625 0.004765625 0.282625 0.004765625 0.42925 0.135859375 0.42925
1 0.62296875 0.58075 0.62296875 0.47962499999999997 0.528515625 0.47962499999999997 0.528515625 0.58075 0.62296875 0.58075
1 0.668828125 0.5377500000000001 0.668828125 0.45462499999999995 0.606484375 0.45462499999999995 0.606484375 0.5377500000000001 0.668828125 0.5377500000000001
1 0.706953125 0.49487500000000006 0.706953125 0.4325 0.6584375 0.4325 0.6584375 0.49487500000000006 0.706953125 0.49487500000000006
1 0.73640625 0.476875 0.73640625 0.418625 0.693984375 0.418625 0.693984375 0.476875 0.73640625 0.476875
1 0.751953125 0.45325 0.751953125 0.406125 0.7095312500000001 0.406125 0.7095312500000001 0.45325 0.751953125 0.45325
1 0.769296875 0.43937499999999996 0.769296875 0.395 0.749375 0.395 0.749375 0.43937499999999996 0.769296875 0.43937499999999996
1 0.788359375 0.42837500000000006 0.788359375 0.379875 0.76671875 0.379875 0.76671875 0.42837500000000006 0.788359375 0.42837500000000006
1 0.810859375 0.382625 0.810859375 0.352125 0.77453125 0.352125 0.77453125 0.382625 0.810859375 0.382625
1 0.783671875 0.067625 0.783671875 0.009875 0.6859375 0.009875 0.6859375 0.067625 0.783671875 0.067625
1 0.7921875 0.11487499999999999 0.7921875 0.080375 0.7325781250000001 0.080375 0.7325781250000001 0.11487499999999999 0.7921875 0.11487499999999999
1 0.8067187499999999 0.12375 0.8067187499999999 0.08687500000000001 0.77921875 0.08687500000000001 0.77921875 0.12375 0.8067187499999999 0.12375
1 0.8182812500000001 0.31062500000000004 0.8182812500000001 0.2575 0.799453125 0.2575 0.799453125 0.31062500000000004 0.8182812500000001 0.31062500000000004