1 0.6021875 0.5695833328125001 0.6021875 0.47750000000000004 0.2584375 0.47750000000000004 0.2584375 0.5695833328125001 0.6021875 0.5695833328125001
1 0.26421875 0.5695833328125001 0.26421875 0.4917708328125 0.1984375 0.4917708328125 0.1984375 0.5695833328125001 0.26421875 0.5695833328125001
1 0.203359375 0.5816666671874999 0.203359375 0.499375 0.155703125 0.499375 0.155703125 0.5816666671874999 0.203359375 0.5816666671874999
1 0.155703125 0.5915625 0.155703125 0.5191666671874999 0.099765625 0.5191666671874999 0.099765625 0.5915625 0.155703125 0.5915625
1 0.27 0.5147916671874999 0.27 0.4380208328125 0.07265625 0.4380208328125 0.07265625 0.5147916671874999 0.27 0.5147916671874999
1 0.07671875 0.5246875 0.07671875 0.46322916718749996 0.046328125 0.46322916718749996 0.046328125 0.5246875 0.07671875 0.5246875
1 0.047109374999999995 0.53125 0.047109374999999995 0.47093749999999995 0.02 0.47093749999999995 0.02 0.53125 0.047109374999999995 0.53125
1 0.0265625 0.5388541671875 0.0265625 0.48624999999999996 0.0010937499999999999 0.48624999999999996 0.0010937499999999999 0.5388541671875 0.0265625 0.5388541671875
1 0.297109375 0.41166666718749995 0.297109375 0.3140625 0.09812499999999999 0.3140625 0.09812499999999999 0.41166666718749995 0.297109375 0.41166666718749995
1 0.358828125 0.39968750000000003 0.358828125 0.2834375 0.145 0.2834375 0.145 0.39968750000000003 0.358828125 0.39968750000000003
1 0.202578125 0.22749999999999998 0.202578125 0.3590625 0.40812499999999996 0.3590625 0.40812499999999996 0.22749999999999998 0.202578125 0.22749999999999998
1 0.5734375 0.3272916671875 0.5734375 0.1715625 0.253515625 0.1715625 0.253515625 0.3272916671875 0.5734375 0.3272916671875
1 0.268359375 0.9297916671875001 0.268359375 0.8503125 0.21140625000000002 0.8503125 0.21140625000000002 0.9297916671875001 0.268359375 0.9297916671875001
1 0.455390625 0.9974999999999999 0.455390625 0.8951041671875 0.24984375 0.8951041671875 0.24984375 0.9974999999999999 0.455390625 0.9974999999999999
1 0.306875 0.076875 0.306875 0.0022916671874999997 0.17359375 0.0022916671874999997 0.17359375 0.076875 0.306875 0.076875
1 0.4828125 0.1569791671875 0.4828125 0.01 0.18101562499999999 0.01 0.18101562499999999 0.1569791671875 0.4828125 0.1569791671875
1 0.36609375 0.3126041671875 0.36609375 0.1711458328125 0.070859375 0.1711458328125 0.070859375 0.3126041671875 0.36609375 0.3126041671875
1 0.22132812500000001 0.3488541671875 0.22132812500000001 0.2282291671875 0.015703125000000002 0.2282291671875 0.015703125000000002 0.3488541671875 0.22132812500000001 0.3488541671875
1 0.145703125 0.37072916718750004 0.145703125 0.305 0.0009375 0.305 0.0009375 0.37072916718750004 0.145703125 0.37072916718750004
1 0.19421875 0.12947916718750002 0.19421875 0.017708332812499998 0.018203125 0.017708332812499998 0.018203125 0.12947916718750002 0.19421875 0.12947916718750002
1 0.694609375 0.2107291671875 0.694609375 0.0498958328125 0.39171875 0.0498958328125 0.39171875 0.2107291671875 0.694609375 0.2107291671875
1 0.995703125 0.1613541671875 0.995703125 0.0420833328125 0.9004687499999999 0.0420833328125 0.9004687499999999 0.1613541671875 0.995703125 0.1613541671875
1 0.9615625 0.1897916671875 0.9615625 0.08375 0.8209375 0.08375 0.8209375 0.1897916671875 0.9615625 0.1897916671875
1 0.9217968750000001 0.2144791671875 0.9217968750000001 0.13104166718750002 0.7342187499999999 0.13104166718750002 0.7342187499999999 0.2144791671875 0.9217968750000001 0.2144791671875
1 0.9530468750000001 0.36604166718750003 0.9530468750000001 0.23531249999999998 0.8223437499999999 0.23531249999999998 0.8223437499999999 0.36604166718750003 0.9530468750000001 0.36604166718750003
1 0.9985156249999999 0.3508333328125 0.9985156249999999 0.2182291671875 0.91046875 0.2182291671875 0.91046875 0.3508333328125 0.9985156249999999 0.3508333328125
1 0.9160937499999999 0.49489583281250005 0.9160937499999999 0.4134375 0.8194531250000001 0.4134375 0.8194531250000001 0.49489583281250005 0.9160937499999999 0.49489583281250005
1 0.995703125 0.49302083281250003 0.995703125 0.4058333328125 0.9160937499999999 0.4058333328125 0.9160937499999999 0.49302083281250003 0.995703125 0.49302083281250003
1 0.9985156249999999 0.62375 0.9985156249999999 0.5592708328125 0.9473437499999999 0.5592708328125 0.9473437499999999 0.62375 0.9985156249999999 0.62375
1 0.813828125 0.625625 0.813828125 0.5726041671875 0.754140625 0.5726041671875 0.754140625 0.625625 0.813828125 0.625625
1 0.7498437499999999 0.6161458328125 0.7498437499999999 0.5726041671875 0.68875 0.5726041671875 0.68875 0.6161458328125 0.7498437499999999 0.6161458328125
1 0.5409375 0.43041666718749994 0.5409375 0.3603125 0.44429687500000004 0.3603125 0.44429687500000004 0.43041666718749994 0.5409375 0.43041666718749994
1 0.44578125 0.43239583281250005 0.44578125 0.3679166671875 0.396015625 0.3679166671875 0.396015625 0.43239583281250005 0.44578125 0.43239583281250005
1 0.609140625 0.42093749999999996 0.609140625 0.32999999999999996 0.49976562500000005 0.32999999999999996 0.49976562500000005 0.42093749999999996 0.609140625 0.42093749999999996
1 0.744140625 0.3963541671875 0.744140625 0.2940625 0.563671875 0.2940625 0.563671875 0.3963541671875 0.744140625 0.3963541671875