1 0.660078125 0.3679166671875 0.660078125 0.26944444375 0.5603125 0.26944444375 0.5603125 0.3679166671875 0.660078125 0.3679166671875
1 0.723984375 0.36930555625 0.723984375 0.2736111109375 0.646875 0.2736111109375 0.646875 0.36930555625 0.723984375 0.36930555625
1 0.7403906250000001 0.47319444375 0.7403906250000001 0.4025 0.665546875 0.4025 0.665546875 0.47319444375 0.7403906250000001 0.47319444375
1 0.668671875 0.4995833328125 0.668671875 0.3983333328125 0.56421875 0.3983333328125 0.56421875 0.4995833328125 0.668671875 0.4995833328125
1 0.64921875 0.5522222218749999 0.64921875 0.5258333328125 0.61953125 0.5258333328125 0.61953125 0.5522222218749999 0.64921875 0.5522222218749999
1 0.6912499999999999 0.5466666671875 0.6912499999999999 0.5133333328125 0.64765625 0.5133333328125 0.64765625 0.5466666671875 0.6912499999999999 0.5466666671875
1 0.672578125 0.7365277781249999 0.672578125 0.6838888890625 0.592265625 0.6838888890625 0.592265625 0.7365277781249999 0.672578125 0.7365277781249999
1 0.735703125 0.7351388890624999 0.735703125 0.6713888890625 0.660078125 0.6713888890625 0.660078125 0.7351388890624999 0.735703125 0.7351388890624999
1 0.794921875 0.456527778125 0.794921875 0.40805555625 0.733359375 0.40805555625 0.733359375 0.456527778125 0.794921875 0.456527778125
1 0.9228125 0.35125 0.9228125 0.15444444375 0.7006249999999999 0.15444444375 0.7006249999999999 0.35125 0.9228125 0.35125
1 0.8409375000000001 0.4495833328125 0.8409375000000001 0.42472222187500003 0.75984375 0.42472222187500003 0.75984375 0.4495833328125 0.8409375000000001 0.4495833328125
1 0.886953125 0.4066666671875 0.886953125 0.3470833328125 0.826171875 0.3470833328125 0.826171875 0.4066666671875 0.886953125 0.4066666671875
1 0.610234375 0.1541666671875 0.6463281249999999 0.1541666671875 0.8076789312500001 0.25096998125000003 0.8744531249999999 0.360972221875 0.8744531249999999 0.405277778125 0.93140625 0.405277778125 0.93140625 0.360972221875 0.87852120625 0.360972221875 0.8047757046875 0.2461872765625 0.694453125 0.06444444375 0.694453125 0.1541666671875 0.650338540625 0.1541666671875 0.610234375 0.06444444375 0.610234375 0.1541666671875
1 0.7178125 0.2373611109375 0.7178125 0.1558333328125 0.632734375 0.1558333328125 0.632734375 0.2373611109375 0.7178125 0.2373611109375
1 0.622421875 0.0029166671875000003 0.622421875 0.027777778125000003 0.687890625 0.027777778125000003 0.687890625 0.0029166671875000003 0.622421875 0.0029166671875000003
1 0.15109375 0.8922222218750001 0.15109375 0.765 0.0025 0.765 0.0025 0.8922222218750001 0.15109375 0.8922222218750001
1 0.053203125 0.9116666671875 0.053203125 0.8229166671874999 0.0025 0.8229166671874999 0.0025 0.9116666671875 0.053203125 0.9116666671875
1 0.44210937499999997 0.7076388890625 0.44210937499999997 0.6777777781250001 0.38203125 0.6777777781250001 0.38203125 0.7076388890625 0.44210937499999997 0.7076388890625
1 0.45453124999999994 0.704722221875 0.45453124999999994 0.67875 0.42750000000000005 0.67875 0.42750000000000005 0.704722221875 0.45453124999999994 0.704722221875
1 0.398828125 0.6998611109375 0.398828125 0.6729166671875 0.35390625 0.6729166671875 0.35390625 0.6998611109375 0.398828125 0.6998611109375
1 0.36578125 0.6931944437500001 0.36578125 0.667222221875 0.33875 0.667222221875 0.33875 0.6931944437500001 0.36578125 0.6931944437500001
1 0.34953124999999996 0.6863888890625 0.34953124999999996 0.6623611109375 0.326796875 0.6623611109375 0.326796875 0.6863888890625 0.34953124999999996 0.6863888890625
1 0.31 0.67194444375 0.31 0.68930555625 0.331171875 0.68930555625 0.331171875 0.67194444375 0.31 0.67194444375
1 0.309453125 0.683472221875 0.309453125 0.6709722218749999 0.289453125 0.6709722218749999 0.289453125 0.683472221875 0.309453125 0.683472221875
1 0.28726562499999997 0.6383333328125 0.28726562499999997 0.6633333328125001 0.31 0.6633333328125001 0.31 0.6383333328125 0.28726562499999997 0.6383333328125
1 0.33273437499999997 0.658472221875 0.33273437499999997 0.63930555625 0.313828125 0.63930555625 0.313828125 0.658472221875 0.33273437499999997 0.658472221875
1 0.350625 0.6575 0.350625 0.64125 0.32953125 0.64125 0.32953125 0.6575 0.350625 0.6575
1 0.32953125 0.6113888890625 0.32953125 0.6248611109375 0.351171875 0.6248611109375 0.351171875 0.6113888890625 0.32953125 0.6113888890625
1 0.330625 0.627777778125 0.330625 0.60944444375 0.309453125 0.60944444375 0.309453125 0.627777778125 0.330625 0.627777778125
1 0.28671875 0.60944444375 0.28671875 0.627777778125 0.309453125 0.627777778125 0.309453125 0.60944444375 0.28671875 0.60944444375
1 0.28671875 0.6258333328125001 0.28671875 0.60944444375 0.271015625 0.60944444375 0.271015625 0.6258333328125001 0.28671875 0.6258333328125001
1 0.284609375 0.5901388890625 0.284609375 0.57194444375 0.263984375 0.57194444375 0.263984375 0.5901388890625 0.284609375 0.5901388890625
1 0.23859375 0.5729166671875 0.23859375 0.5873611109375 0.262890625 0.5873611109375 0.262890625 0.5729166671875 0.23859375 0.5729166671875
1 0.23914062500000002 0.5516666671875 0.23914062500000002 0.5333333328125 0.228828125 0.5333333328125 0.228828125 0.5516666671875 0.23914062500000002 0.5516666671875
1 0.24070312500000002 0.531527778125 0.24070312500000002 0.5516666671875 0.258046875 0.5516666671875 0.258046875 0.531527778125 0.24070312500000002 0.531527778125
1 0.2840625 0.5477777781250001 0.2840625 0.531527778125 0.258046875 0.531527778125 0.258046875 0.5477777781250001 0.2840625 0.5477777781250001
1 0.328984375 0.5333333328125 0.328984375 0.5526388890625 0.348984375 0.5526388890625 0.348984375 0.5333333328125 0.328984375 0.5333333328125
1 0.328984375 0.55069444375 0.328984375 0.5325 0.30625 0.5325 0.30625 0.55069444375 0.328984375 0.55069444375
1 0.2840625 0.5325 0.2840625 0.5555555562500001 0.3040625 0.5555555562500001 0.3040625 0.5325 0.2840625 0.5325
1 0.30890625 0.5920833328125 0.30890625 0.5738888890625 0.285625 0.5738888890625 0.285625 0.5920833328125 0.30890625 0.5920833328125
1 0.30890625 0.5738888890625 0.30890625 0.5920833328125 0.328984375 0.5920833328125 0.328984375 0.5738888890625 0.30890625 0.5738888890625
1 0.35226562499999997 0.58819444375 0.35226562499999997 0.57194444375 0.328984375 0.57194444375 0.328984375 0.58819444375 0.35226562499999997 0.58819444375
1 0.35226562499999997 0.5670833328125 0.35226562499999997 0.58819444375 0.37609375 0.58819444375 0.37609375 0.5670833328125 0.35226562499999997 0.5670833328125
1 0.39609375 0.5901388890625 0.39609375 0.5670833328125 0.37609375 0.5670833328125 0.37609375 0.5901388890625 0.39609375 0.5901388890625
1 0.39609375 0.562222221875 0.39609375 0.5901388890625 0.415546875 0.5901388890625 0.415546875 0.562222221875 0.39609375 0.562222221875
1 0.45453124999999994 0.5834722218749999 0.45453124999999994 0.5651388890625 0.42265625 0.5651388890625 0.42265625 0.5834722218749999 0.45453124999999994 0.5834722218749999
1 0.45023437499999996 0.620972221875 0.45023437499999996 0.6016666671875 0.42640625 0.6016666671875 0.42640625 0.620972221875 0.45023437499999996 0.620972221875
1 0.42421875 0.627777778125 0.42421875 0.6026388890625001 0.39234375 0.6026388890625001 0.39234375 0.627777778125 0.42421875 0.627777778125
1 0.375546875 0.60555555625 0.375546875 0.6248611109375 0.391796875 0.6248611109375 0.391796875 0.60555555625 0.375546875 0.60555555625
1 0.37609375 0.6248611109375 0.37609375 0.60555555625 0.3484375 0.60555555625 0.3484375 0.6248611109375 0.37609375 0.6248611109375
1 0.35171874999999997 0.5286111109375 0.35171874999999997 0.5459722218749999 0.376640625 0.5459722218749999 0.376640625 0.5286111109375 0.35171874999999997 0.5286111109375
1 0.40203125 0.54875 0.40203125 0.5286111109375 0.376640625 0.5286111109375 0.376640625 0.54875 0.40203125 0.54875
1 0.40257812499999995 0.5286111109375 0.40257812499999995 0.549722221875 0.4215625 0.549722221875 0.4215625 0.5286111109375 0.40257812499999995 0.5286111109375
1 0.45296875 0.51319444375 0.45296875 0.5006944437499999 0.42210937499999995 0.5006944437499999 0.42210937499999995 0.51319444375 0.45296875 0.51319444375
1 0.44749999999999995 0.549722221875 0.44749999999999995 0.5333333328125 0.42210937499999995 0.5333333328125 0.42210937499999995 0.549722221875 0.44749999999999995 0.549722221875
1 0.395546875 0.48819444375 0.395546875 0.5083333328124999 0.419921875 0.5083333328124999 0.419921875 0.48819444375 0.395546875 0.48819444375
1 0.395546875 0.5083333328124999 0.395546875 0.48819444375 0.37609375 0.48819444375 0.37609375 0.5083333328124999 0.395546875 0.5083333328124999
1 0.35281250000000003 0.48819444375 0.35281250000000003 0.5102777781250001 0.375 0.5102777781250001 0.375 0.48819444375 0.35281250000000003 0.48819444375
1 0.35281250000000003 0.5151388890625 0.35281250000000003 0.48819444375 0.330078125 0.48819444375 0.330078125 0.5151388890625 0.35281250000000003 0.5151388890625
1 0.30789062500000003 0.4938888890625 0.30789062500000003 0.5151388890625 0.330078125 0.5151388890625 0.330078125 0.4938888890625 0.30789062500000003 0.4938888890625
1 0.30789062500000003 0.5151388890625 0.30789062500000003 0.4938888890625 0.285625 0.4938888890625 0.285625 0.5151388890625 0.30789062500000003 0.5151388890625
1 0.262890625 0.4938888890625 0.262890625 0.5151388890625 0.285625 0.5151388890625 0.285625 0.4938888890625 0.262890625 0.4938888890625
1 0.262890625 0.52180555625 0.262890625 0.4938888890625 0.2396875 0.4938888890625 0.2396875 0.52180555625 0.262890625 0.52180555625
1 0.22398437499999999 0.5016666671875 0.22398437499999999 0.52180555625 0.2396875 0.52180555625 0.2396875 0.5016666671875 0.22398437499999999 0.5016666671875
1 0.247265625 0.48527777812500006 0.247265625 0.462222221875 0.22554687499999998 0.462222221875 0.22554687499999998 0.48527777812500006 0.247265625 0.48527777812500006
1 0.247265625 0.4583333328125 0.247265625 0.48527777812500006 0.2634375 0.48527777812500006 0.2634375 0.4583333328125 0.247265625 0.4583333328125
1 0.28132812500000004 0.48624999999999996 0.28132812500000004 0.4583333328125 0.2634375 0.4583333328125 0.2634375 0.48624999999999996 0.28132812500000004 0.48624999999999996
1 0.28132812500000004 0.45541666718749996 0.28132812500000004 0.48527777812500006 0.30460937499999996 0.48527777812500006 0.30460937499999996 0.45541666718749996 0.28132812500000004 0.45541666718749996
1 0.328984375 0.48722222187500003 0.328984375 0.45736111093750004 0.310546875 0.45736111093750004 0.310546875 0.48722222187500003 0.328984375 0.48722222187500003
1 0.328984375 0.45444444375000004 0.328984375 0.48722222187500003 0.350625 0.48722222187500003 0.350625 0.45444444375000004 0.328984375 0.45444444375000004
1 0.39390625 0.474722221875 0.39390625 0.45069444374999995 0.374453125 0.45069444374999995 0.374453125 0.474722221875 0.39390625 0.474722221875
1 0.419921875 0.4688888890625 0.419921875 0.45541666718749996 0.39445312499999996 0.45541666718749996 0.39445312499999996 0.4688888890625 0.419921875 0.4688888890625
1 0.34953124999999996 0.45541666718749996 0.34953124999999996 0.474722221875 0.372265625 0.474722221875 0.372265625 0.45541666718749996 0.34953124999999996 0.45541666718749996
1 0.44484375 0.4448611109375 0.44484375 0.4323611109375 0.4215625 0.4323611109375 0.4215625 0.4448611109375 0.44484375 0.4448611109375
1 0.44484375 0.4823611109375 0.44484375 0.46694444375 0.41773437500000005 0.46694444375 0.41773437500000005 0.4823611109375 0.44484375 0.4823611109375
1 0.470234375 0.415972221875 0.470234375 0.397777778125 0.44210937499999997 0.397777778125 0.44210937499999997 0.415972221875 0.470234375 0.415972221875
1 0.46484375 0.403472221875 0.46484375 0.36986111093749996 0.44210937499999997 0.36986111093749996 0.44210937499999997 0.403472221875 0.46484375 0.403472221875
1 0.42265625 0.36694444375 0.42265625 0.3986111109375 0.44265625000000003 0.3986111109375 0.44265625000000003 0.36694444375 0.42265625 0.36694444375
1 0.44265625000000003 0.42180555625 0.44265625000000003 0.397777778125 0.42046875000000006 0.397777778125 0.42046875000000006 0.42180555625 0.44265625000000003 0.42180555625
1 0.419921875 0.44000000000000006 0.419921875 0.41125 0.39828125000000003 0.41125 0.39828125000000003 0.44000000000000006 0.419921875 0.44000000000000006
1 0.375546875 0.41500000000000004 0.375546875 0.44000000000000006 0.39828125000000003 0.44000000000000006 0.39828125000000003 0.41500000000000004 0.375546875 0.41500000000000004
1 0.375546875 0.44097222187499996 0.375546875 0.41500000000000004 0.35335937500000003 0.41500000000000004 0.35335937500000003 0.44097222187499996 0.375546875 0.44097222187499996
1 0.326796875 0.41694444375 0.326796875 0.44097222187499996 0.35390625 0.44097222187499996 0.35390625 0.41694444375 0.326796875 0.41694444375
1 0.327890625 0.447777778125 0.327890625 0.41694444375 0.30296875 0.41694444375 0.30296875 0.447777778125 0.327890625 0.447777778125
1 0.29 0.42555555624999997 0.29 0.447777778125 0.303515625 0.447777778125 0.303515625 0.42555555624999997 0.29 0.42555555624999997
1 0.28515625 0.449722221875 0.28515625 0.42083333281249996 0.26187499999999997 0.42083333281249996 0.26187499999999997 0.449722221875 0.28515625 0.449722221875
1 0.24234375 0.42472222187500003 0.24234375 0.449722221875 0.26187499999999997 0.449722221875 0.26187499999999997 0.42472222187500003 0.24234375 0.42472222187500003
1 0.24507812499999998 0.4516666671875 0.24507812499999998 0.42555555624999997 0.222890625 0.42555555624999997 0.222890625 0.4516666671875 0.24507812499999998 0.4516666671875
1 0.26945312499999996 0.42083333281249996 0.26945312499999996 0.3861111109375 0.24562499999999998 0.3861111109375 0.24562499999999998 0.42083333281249996 0.26945312499999996 0.42083333281249996
1 0.25968749999999996 0.38333333281250004 0.25968749999999996 0.41027777812500005 0.28781249999999997 0.41027777812500005 0.28781249999999997 0.38333333281250004 0.25968749999999996 0.38333333281250004
1 0.30843750000000003 0.41694444375 0.30843750000000003 0.3861111109375 0.283515625 0.3861111109375 0.283515625 0.41694444375 0.30843750000000003 0.41694444375
1 0.303515625 0.38333333281250004 0.303515625 0.414027778125 0.33765625 0.414027778125 0.33765625 0.38333333281250004 0.303515625 0.38333333281250004
1 0.350078125 0.41208333281250004 0.350078125 0.37847222187499996 0.32625000000000004 0.37847222187499996 0.32625000000000004 0.41208333281250004 0.350078125 0.41208333281250004
1 0.350078125 0.37555555625000003 0.350078125 0.41208333281250004 0.372265625 0.41208333281250004 0.372265625 0.37555555625000003 0.350078125 0.37555555625000003
1 0.39609375 0.40736111093750005 0.39609375 0.376527778125 0.37390625 0.376527778125 0.37390625 0.40736111093750005 0.39609375 0.40736111093750005
1 0.39609375 0.3745833328125 0.39609375 0.40736111093750005 0.41828125 0.40736111093750005 0.41828125 0.3745833328125 0.39609375 0.3745833328125
1 0.550390625 0.25430555625 0.550390625 0.19277777812500002 0.488671875 0.19277777812500002 0.488671875 0.25430555625 0.550390625 0.25430555625
1 0.980078125 0.41027777812500005 0.980078125 0.3663888890625 0.936328125 0.3663888890625 0.936328125 0.41027777812500005 0.980078125 0.41027777812500005
1 0.99921875 0.4063888890625 0.99921875 0.3604166671875 0.985703125 0.3604166671875 0.985703125 0.4063888890625 0.99921875 0.4063888890625
0 0.43218750000000006 0.31569444375 0.43218750000000006 0.76055555625 0.57875 0.76055555625 0.57875 0.31569444375 0.43218750000000006 0.31569444375