1 0.725625 0.89025 0.725625 0.820375 0.678203125 0.820375 0.678203125 0.89025 0.725625 0.89025
1 0.629469571875 0.8657828953125 0.629833984375 0.86825 0.625859375 0.86825 0.625859375 0.9321249999999999 0.689453125 0.9321249999999999 0.689453125 0.86825 0.7056250000000001 0.84825 0.763046875 0.84825 0.763046875 0.7745 0.708893915625 0.8115065781249999 0.7056250000000001 0.8147272718749999 0.7056250000000001 0.7745 0.7016735203125 0.816440790625 0.6330797687499999 0.863315790625 0.63380859375 0.86825 0.629469571875 0.8657828953125
1 0.703125 0.6247499999999999 0.703125 0.556875 0.625859375 0.556875 0.625859375 0.6247499999999999 0.703125 0.6247499999999999
1 0.65828125 0.672625 0.65828125 0.580875 0.5796875 0.580875 0.5796875 0.672625 0.65828125 0.672625
1 0.756796875 0.576875 0.756796875 0.529 0.6932031249999999 0.529 0.6932031249999999 0.576875 0.756796875 0.576875
1 0.80296875 0.580875 0.80296875 0.505 0.748046875 0.505 0.748046875 0.580875 0.80296875 0.580875
1 0.836640625 0.49312500000000004 0.836640625 0.42125 0.77296875 0.42125 0.77296875 0.49312500000000004 0.836640625 0.49312500000000004
1 0.8703125 0.465125 0.8703125 0.40325 0.814140625 0.40325 0.814140625 0.465125 0.8703125 0.465125
1 0.905234375 0.43724999999999997 0.905234375 0.38525 0.8590625 0.38525 0.8590625 0.43724999999999997 0.905234375 0.43724999999999997
1 0.8266406249999999 0.343375 0.8266406249999999 0.2955 0.754296875 0.2955 0.754296875 0.343375 0.8266406249999999 0.343375
1 0.79171875 0.41925 0.79171875 0.373375 0.734375 0.373375 0.734375 0.41925 0.79171875 0.41925
1 0.7405468749999999 0.453125 0.7405468749999999 0.40325 0.6869531249999999 0.40325 0.6869531249999999 0.453125 0.7405468749999999 0.453125
1 0.698203125 0.469125 0.698203125 0.42125 0.63453125 0.42125 0.63453125 0.469125 0.698203125 0.469125
1 0.64578125 0.491125 0.64578125 0.43525 0.5609375 0.43525 0.5609375 0.491125 0.64578125 0.491125
1 0.673203125 0.19375 0.673203125 0.12987500000000002 0.5884375000000001 0.12987500000000002 0.5884375000000001 0.19375 0.673203125 0.19375
1 0.718125 0.18975 0.718125 0.13387500000000002 0.63828125 0.13387500000000002 0.63828125 0.18975 0.718125 0.18975
1 0.77296875 0.18975 0.77296875 0.12787500000000002 0.701875 0.12787500000000002 0.701875 0.18975 0.77296875 0.18975
1 0.8042187500000001 0.20175 0.8042187500000001 0.149875 0.748046875 0.149875 0.748046875 0.20175 0.8042187500000001 0.20175
1 0.8465624999999999 0.20575000000000002 0.8465624999999999 0.145875 0.79921875 0.145875 0.79921875 0.20575000000000002 0.8465624999999999 0.20575000000000002
1 0.836640625 0.19375 0.8643821015625001 0.19375 0.864886853125 0.184418103125 0.8680253234374999 0.1884784484375 0.8683451703125 0.19375 0.8711637921875001 0.1925387921875 0.8743022625 0.1965991375 0.8762713078125 0.19375 0.880234375 0.19375 0.8774407328124999 0.20065948281249998 0.8868561421875001 0.2128405171875 0.886484375 0.3035 0.9276562500000001 0.3035 0.9276562500000001 0.265625 0.8899946125 0.2169008625 0.880234375 0.18719642812499998 0.880234375 0.147875 0.84060369375 0.147875 0.8397790953125 0.1519353453125 0.836640625 0.147875 0.836640625 0.19375
1 0.99875 0.379375 0.99875 0.3135 0.92890625 0.3135 0.92890625 0.379375 0.99875 0.379375
1 0.603046875 0.08499999999999999 0.603046875 0.018 0.51859375 0.018 0.51859375 0.08499999999999999 0.603046875 0.08499999999999999