1 0.9440625 0.157777778125 0.9440625 0.00430555625 0.7 0.00430555625 0.7 0.157777778125 0.9440625 0.157777778125
1 0.792734375 0.334027778125 0.792734375 0.12930555625 0.5997656250000001 0.12930555625 0.5997656250000001 0.334027778125 0.792734375 0.334027778125
1 0.7127343749999999 0.42305555625 0.7127343749999999 0.2601388890625 0.5411718750000001 0.2601388890625 0.5411718750000001 0.42305555625 0.7127343749999999 0.42305555625
1 0.6637500000000001 0.47222222187499996 0.6637500000000001 0.3775 0.523046875 0.3775 0.523046875 0.47222222187499996 0.6637500000000001 0.47222222187499996
1 0.530546875 0.5063888890625 0.530546875 0.4248611109375 0.498515625 0.4248611109375 0.498515625 0.5063888890625 0.530546875 0.5063888890625
1 0.50484375 0.54930555625 0.50484375 0.4625 0.47640625 0.4625 0.47640625 0.54930555625 0.50484375 0.54930555625
1 0.48531250000000004 0.5595833328125 0.48531250000000004 0.5102777781250001 0.470546875 0.5102777781250001 0.470546875 0.5595833328125 0.48531250000000004 0.5595833328125
1 0.49640625 0.6397222218749999 0.49640625 0.6023611109375 0.4840625 0.6023611109375 0.4840625 0.6397222218749999 0.49640625 0.6397222218749999
1 0.5161718750000001 0.6408333328125 0.5161718750000001 0.594722221875 0.49273437500000006 0.594722221875 0.49273437500000006 0.6408333328125 0.5161718750000001 0.6408333328125
1 0.5315624999999999 0.6319444437499999 0.5315624999999999 0.5848611109374999 0.5057031249999999 0.5848611109374999 0.5057031249999999 0.6319444437499999 0.5315624999999999 0.6319444437499999
1 0.558671875 0.6287499999999999 0.558671875 0.5662499999999999 0.52234375 0.5662499999999999 0.52234375 0.6287499999999999 0.558671875 0.6287499999999999
1 0.619140625 0.61555555625 0.619140625 0.549722221875 0.55625 0.549722221875 0.55625 0.61555555625 0.619140625 0.61555555625
1 0.75296875 0.62 0.75296875 0.4861111109375 0.619140625 0.4861111109375 0.619140625 0.62 0.75296875 0.62
1 0.773671875 0.9566666671874999 0.773671875 0.8161111109375 0.651953125 0.8161111109375 0.651953125 0.9566666671874999 0.773671875 0.9566666671874999
1 0.71765625 0.8855555562499999 0.71765625 0.7513888890625 0.58 0.7513888890625 0.58 0.8855555562499999 0.71765625 0.8855555562499999
1 0.65015625 0.833472221875 0.65015625 0.7181944437500001 0.553359375 0.7181944437500001 0.553359375 0.833472221875 0.65015625 0.833472221875
1 0.572890625 0.8066666671875 0.572890625 0.7325 0.5178906249999999 0.7325 0.5178906249999999 0.8066666671875 0.572890625 0.8066666671875
1 0.5178906249999999 0.7751388890625 0.5178906249999999 0.71194444375 0.494765625 0.71194444375 0.494765625 0.7751388890625 0.5178906249999999 0.7751388890625
1 0.919140625 0.9961111109375 0.919140625 0.9126388890625 0.730546875 0.9126388890625 0.730546875 0.9961111109375 0.919140625 0.9961111109375
1 0.71984375 0.1226388890625 0.71984375 0.0108333328125 0.5408593749999999 0.0108333328125 0.5408593749999999 0.1226388890625 0.71984375 0.1226388890625
1 0.65703125 0.2513888890625 0.65703125 0.1358333328125 0.51734375 0.1358333328125 0.51734375 0.2513888890625 0.65703125 0.2513888890625
1 0.645234375 0.33097222187500003 0.645234375 0.22875 0.49390625000000005 0.22875 0.49390625000000005 0.33097222187500003 0.645234375 0.33097222187500003
1 0.53125 0.376527778125 0.53125 0.30444444375 0.47367187499999996 0.30444444375 0.47367187499999996 0.376527778125 0.53125 0.376527778125
1 0.49609375 0.005138889062500001 0.49609375 0.0638888890625 0.5450781250000001 0.0638888890625 0.5450781250000001 0.005138889062500001 0.49609375 0.005138889062500001
1 0.489140625 0.42222222187499997 0.489140625 0.375 0.47125000000000006 0.375 0.47125000000000006 0.42222222187499997 0.489140625 0.42222222187499997
1 0.476171875 0.44194444375 0.476171875 0.3926388890625 0.46078125 0.3926388890625 0.46078125 0.44194444375 0.476171875 0.44194444375
1 0.48234374999999996 0.32125 0.48234374999999996 0.26430555624999996 0.45890624999999996 0.26430555624999996 0.45890624999999996 0.32125 0.48234374999999996 0.32125
1 0.466328125 0.215 0.466328125 0.26430555624999996 0.49710937499999996 0.26430555624999996 0.49710937499999996 0.215 0.466328125 0.215
1 0.478671875 0.23583333281250002 0.478671875 0.14805555625 0.4446875 0.14805555625 0.4446875 0.23583333281250002 0.478671875 0.23583333281250002
1 0.05703125 0.8447222218749999 0.05703125 0.7613888890625 0.003359375 0.7613888890625 0.003359375 0.8447222218749999 0.05703125 0.8447222218749999
1 0.064453125 0.7176388890625 0.064453125 0.67805555625 0.028046875 0.67805555625 0.028046875 0.7176388890625 0.064453125 0.7176388890625
0 0.5060156250000001 0.72805555625 0.5060156250000001 0.5526388890625 0.451484375 0.5526388890625 0.451484375 0.72805555625 0.5060156250000001 0.72805555625
0 0.46945312499999997 0.72430555625 0.46945312499999997 0.55625 0.44890625 0.55625 0.44890625 0.72430555625 0.46945312499999997 0.72430555625
0 0.45968749999999997 0.72430555625 0.45968749999999997 0.5516666671875 0.43609375000000006 0.5516666671875 0.43609375000000006 0.72430555625 0.45968749999999997 0.72430555625
0 0.27726562499999996 0.6941666671875 0.27726562499999996 0.55805555625 0.236640625 0.55805555625 0.236640625 0.6941666671875 0.27726562499999996 0.6941666671875