0 0.63015625 0.4584259265625 0.63015625 0.8641666671875001 0.7620833328125001 0.8641666671875001 0.7620833328125001 0.4584259265625 0.63015625 0.4584259265625
0 0.5716145828125 0.470740740625 0.5716145828125 0.79 0.6793750000000001 0.79 0.6793750000000001 0.470740740625 0.5716145828125 0.470740740625
1 0.9992708328125 0.8179629625 0.9992708328125 0.6324074078125 0.8365104171875 0.6324074078125 0.8365104171875 0.8179629625 0.9992708328125 0.8179629625
1 0.9083854171875 0.9636111109375 0.9083854171875 0.8438888890625 0.7860416671875 0.8438888890625 0.7860416671875 0.9636111109375 0.9083854171875 0.9636111109375
1 0.9498958328124999 0.9915740734374999 0.9498958328124999 0.943703703125 0.8354166671875 0.943703703125 0.8354166671875 0.9915740734374999 0.9498958328124999 0.9915740734374999
1 0.8904166671875 0.7540740734375 0.8904166671875 0.5884259265625 0.7545833328125 0.5884259265625 0.7545833328125 0.7540740734375 0.8904166671875 0.7540740734375
1 0.6331249999999999 0.5698148140625 0.6331249999999999 0.5409259265624999 0.5869791671875 0.5409259265624999 0.5869791671875 0.5698148140625 0.6331249999999999 0.5698148140625
1 0.6350520828125 0.5917592593750001 0.6350520828125 0.561759259375 0.5889583328125 0.561759259375 0.5889583328125 0.5917592593750001 0.6350520828125 0.5917592593750001
1 0.6220833328125 0.625277778125 0.6220833328125 0.6021296296875 0.59609375 0.6021296296875 0.59609375 0.625277778125 0.6220833328125 0.625277778125
1 0.5778645828125 0.6229629625 0.5778645828125 0.5928703703125 0.5583854171875 0.5928703703125 0.5583854171875 0.6229629625 0.5778645828125 0.6229629625
1 0.58046875 0.6413888890624999 0.58046875 0.6056481484375 0.5532291671875 0.6056481484375 0.5532291671875 0.6413888890624999 0.58046875 0.6413888890624999
1 0.5525520828125 0.640277778125 0.5525520828125 0.6021296296875 0.49536458281250006 0.6021296296875 0.49536458281250006 0.640277778125 0.5525520828125 0.640277778125
1 0.4797916671875 0.6079629625 0.4797916671875 0.5790740734375001 0.44015624999999997 0.5790740734375001 0.44015624999999997 0.6079629625 0.4797916671875 0.6079629625
1 0.3959895828125 0.5778703703125 0.3959895828125 0.606759259375 0.43822916718749994 0.606759259375 0.43822916718749994 0.5778703703125 0.3959895828125 0.5778703703125
1 0.975 0.4516666671875 0.975 0.3 0.8088541671874999 0.3 0.8088541671874999 0.4516666671875 0.975 0.4516666671875
1 0.8403124999999999 0.4675925921875 0.8403124999999999 0.35981481406250004 0.7358854171875 0.35981481406250004 0.7358854171875 0.4675925921875 0.8403124999999999 0.4675925921875
1 0.7417708328125 0.48157407343749997 0.7417708328125 0.40648148125 0.6819791671875 0.40648148125 0.6819791671875 0.48157407343749997 0.7417708328125 0.48157407343749997
1 0.6845833328125 0.486203703125 0.6845833328125 0.41342592656250005 0.6430208328125 0.41342592656250005 0.6430208328125 0.486203703125 0.6845833328125 0.486203703125
1 0.64234375 0.4826851859375 0.64234375 0.42611111093750004 0.6209374999999999 0.42611111093750004 0.6209374999999999 0.4826851859375 0.64234375 0.4826851859375
1 0.6196354171875 0.47574074062499994 0.6196354171875 0.4434259265625 0.5891145828125001 0.4434259265625 0.5891145828125001 0.47574074062499994 0.6196354171875 0.47574074062499994
1 0.5858333328125 0.415740740625 0.5858333328125 0.4526851859375 0.6248437499999999 0.4526851859375 0.6248437499999999 0.415740740625 0.5858333328125 0.415740740625
1 0.6274479171875 0.33259259218750004 0.6274479171875 0.2921296296875 0.5858333328125 0.2921296296875 0.5858333328125 0.33259259218750004 0.6274479171875 0.33259259218750004
1 0.5871354171875 0.27138888906249997 0.5871354171875 0.30944444375 0.6196354171875 0.30944444375 0.6196354171875 0.27138888906249997 0.5871354171875 0.27138888906249997
1 0.6196354171875 0.29333333281249996 0.6196354171875 0.2551851859375 0.5942708328124999 0.2551851859375 0.5942708328124999 0.29333333281249996 0.6196354171875 0.29333333281249996
1 0.5936458328125 0.22981481406249998 0.5936458328125 0.26555555625 0.6566666671875 0.26555555625 0.6566666671875 0.22981481406249998 0.5936458328125 0.22981481406249998
1 0.6488541671875 0.2401851859375 0.6488541671875 0.20435185156250002 0.5832291671875 0.20435185156250002 0.5832291671875 0.2401851859375 0.6488541671875 0.2401851859375
1 0.6592708328125 0.29675925937500003 0.6592708328125 0.23555555625000002 0.6105208328125 0.23555555625000002 0.6105208328125 0.29675925937500003 0.6592708328125 0.29675925937500003
1 0.6430208328125 0.1870370375 0.6430208328125 0.2563888890625 0.6767708328125 0.2563888890625 0.6767708328125 0.1870370375 0.6430208328125 0.1870370375
1 0.73265625 0.23555555625000002 0.73265625 0.106203703125 0.6761458328125001 0.106203703125 0.6761458328125001 0.23555555625000002 0.73265625 0.23555555625000002
1 0.8340104171875 0.1625 0.8340104171875 0.027777778125000003 0.7357812499999999 0.027777778125000003 0.7357812499999999 0.1625 0.8340104171875 0.1625
1 0.8209375 0.0028703703125 0.8209375 0.0776851859375 0.9266145828125 0.0776851859375 0.9266145828125 0.0028703703125 0.8209375 0.0028703703125
1 0.74890625 0.0676851859375 0.74890625 0.0028703703125 0.6497395828125 0.0028703703125 0.6497395828125 0.0676851859375 0.74890625 0.0676851859375
1 0.75078125 0.12759259218750002 0.75078125 0.042777778125 0.61328125 0.042777778125 0.61328125 0.12759259218750002 0.75078125 0.12759259218750002
0 0.22786458281250002 0.425277778125 0.22786458281250002 0.6048148140625 0.31296875 0.6048148140625 0.31296875 0.425277778125 0.22786458281250002 0.425277778125