0 0.29182291718750003 0.8504629625 0.29182291718750003 0.09101851875 0.0629166671875 0.09101851875 0.0629166671875 0.8504629625 0.29182291718750003 0.8504629625
1 0.5547916671875 0.6210185187499999 0.5547916671875 0.590740740625 0.50515625 0.590740740625 0.50515625 0.6210185187499999 0.5547916671875 0.6210185187499999
1 0.4541145828125 0.6288888890625 0.4541145828125 0.5986111109375 0.40750000000000003 0.5986111109375 0.40750000000000003 0.6288888890625 0.4541145828125 0.6288888890625
1 0.41635416718749996 0.619722221875 0.41635416718749996 0.590740740625 0.3771354171875 0.590740740625 0.3771354171875 0.619722221875 0.41635416718749996 0.619722221875
1 0.379375 0.6381481484375 0.379375 0.6038888890624999 0.32828124999999997 0.6038888890624999 0.32828124999999997 0.6381481484375 0.379375 0.6381481484375
1 0.21817708281249998 0.9468518515625 0.21817708281249998 0.825277778125 0.13468750000000002 0.825277778125 0.13468750000000002 0.9468518515625 0.21817708281249998 0.9468518515625
1 0.1613020828125 0.9941666671875 0.1613020828125 0.875740740625 0.06182291718750001 0.875740740625 0.06182291718750001 0.9941666671875 0.1613020828125 0.9941666671875
1 0.0025520828125 0.2224074078125 0.0025520828125 0.32694444375 0.0792708328125 0.32694444375 0.0792708328125 0.2224074078125 0.0025520828125 0.2224074078125
1 0.8153124999999999 0.8084259265625 0.8153124999999999 0.7004629625 0.7385937499999999 0.7004629625 0.7385937499999999 0.8084259265625 0.8153124999999999 0.8084259265625
1 0.994375 0.884259259375 0.994375 0.7478703703125 0.7982812499999999 0.7478703703125 0.7982812499999999 0.884259259375 0.994375 0.884259259375
1 0.994375 0.308240740625 0.994375 0.14148148124999999 0.8931250000000001 0.14148148124999999 0.8931250000000001 0.308240740625 0.994375 0.308240740625
1 0.9005729171875 0.34805555625 0.9005729171875 0.24 0.7822916671875 0.24 0.7822916671875 0.34805555625 0.9005729171875 0.34805555625
1 0.8004166671874999 0.3745370375 0.8004166671874999 0.3025925921875 0.7130208328125 0.3025925921875 0.7130208328125 0.3745370375 0.8004166671874999 0.3745370375
1 0.9975520828125 0.50148148125 0.9975520828125 0.44277777812499997 0.9613020828125001 0.44277777812499997 0.9613020828125001 0.50148148125 0.9975520828125 0.50148148125
0 0.8051041671875 0.5456481484375 0.8051041671875 0.43222222187500003 0.7404166671875 0.43222222187500003 0.7404166671875 0.5456481484375 0.8051041671875 0.5456481484375
0 0.8109895828125 0.5447222218750001 0.8109895828125 0.407777778125 0.7463020828125 0.407777778125 0.7463020828125 0.5447222218750001 0.8109895828125 0.5447222218750001