1 0.00578125 0.009875 0.00578125 0.28275 0.444921875 0.28275 0.444921875 0.009875 0.00578125 0.009875
1 0.29 0.198625 0.29 0.0052499999999999995 0.00296875 0.0052499999999999995 0.00296875 0.198625 0.29 0.198625
1 0.32390625 0.0045 0.32390625 0.175125 0.5524218750000001 0.175125 0.5524218750000001 0.0045 0.32390625 0.0045
1 0.41390625 0.0955 0.41390625 0.231875 0.6116406249999999 0.231875 0.6116406249999999 0.0955 0.41390625 0.0955
1 0.50390625 0.17124999999999999 0.50390625 0.273625 0.6578125 0.273625 0.6578125 0.17124999999999999 0.50390625 0.17124999999999999
1 0.556015625 0.23575 0.556015625 0.31525 0.687421875 0.31525 0.687421875 0.23575 0.556015625 0.23575
1 0.58203125 0.28875 0.58203125 0.34175 0.7182031249999999 0.34175 0.7182031249999999 0.28875 0.58203125 0.28875
1 0.631796875 0.3115 0.631796875 0.37975 0.7478125 0.37975 0.7478125 0.3115 0.631796875 0.3115
1 0.62109375 0.1125 0.62109375 0.192125 0.734765625 0.192125 0.734765625 0.1125 0.62109375 0.1125
1 0.558359375 0.080375 0.558359375 0.133375 0.712265625 0.133375 0.712265625 0.080375 0.558359375 0.080375
1 0.55125 0.0026249999999999997 0.55125 0.08787500000000001 0.693359375 0.08787500000000001 0.693359375 0.0026249999999999997 0.55125 0.0026249999999999997
1 0.709921875 0.086 0.709921875 0.14850000000000002 0.748984375 0.14850000000000002 0.748984375 0.086 0.709921875 0.086
1 0.722890625 0.13474999999999998 0.722890625 0.182125 0.7565625 0.182125 0.7565625 0.13474999999999998 0.722890625 0.13474999999999998
1 0.73765625 0.1795 0.73765625 0.22025 0.7721875 0.22025 0.7721875 0.1795 0.73765625 0.1795
1 0.736796875 0.2505 0.736796875 0.311 0.77140625 0.311 0.77140625 0.2505 0.736796875 0.2505
1 0.7327343749999999 0.34387500000000004 0.7327343749999999 0.40049999999999997 0.768046875 0.40049999999999997 0.768046875 0.34387500000000004 0.7327343749999999 0.34387500000000004
1 0.75328125 0.365 0.75328125 0.42024999999999996 0.78203125 0.42024999999999996 0.78203125 0.365 0.75328125 0.365