1 0.9985937500000001 0.5526041671875 0.9985937500000001 0.3479166671875 0.7240624999999999 0.3479166671875 0.7240624999999999 0.5526041671875 0.9985937500000001 0.5526041671875
1 0.6575 0.5753125 0.6575 0.44114583281249997 0.43070312499999996 0.44114583281249997 0.43070312499999996 0.5753125 0.6575 0.5753125
1 0.431328125 0.5916666671875 0.431328125 0.48510416718749994 0.31 0.48510416718749994 0.31 0.5916666671875 0.431328125 0.5916666671875
1 0.318828125 0.596875 0.318828125 0.496875 0.2171875 0.496875 0.2171875 0.596875 0.318828125 0.596875
1 0.22609374999999998 0.5930208328125001 0.22609374999999998 0.5232291671875 0.1353125 0.5232291671875 0.1353125 0.5930208328125001 0.22609374999999998 0.5930208328125001
1 0.14710937500000001 0.6101041671874999 0.14710937500000001 0.5351041671875 0.095859375 0.5351041671875 0.095859375 0.6101041671874999 0.14710937500000001 0.6101041671874999
1 0.10078125 0.6035416671875 0.10078125 0.545625 0.05437499999999999 0.545625 0.05437499999999999 0.6035416671875 0.10078125 0.6035416671875
1 0.071171875 0.5311458328125 0.071171875 0.47458333281250004 0.01984375 0.47458333281250004 0.01984375 0.5311458328125 0.071171875 0.5311458328125
1 0.28234375 0.43375 0.28234375 0.3482291671875 0.062265625000000005 0.3482291671875 0.062265625000000005 0.43375 0.28234375 0.43375
1 0.362265625 0.41270833281249997 0.362265625 0.3166666671875 0.1046875 0.3166666671875 0.1046875 0.41270833281249997 0.362265625 0.41270833281249997
1 0.45703125 0.3745833328125 0.45703125 0.2521875 0.144140625 0.2521875 0.144140625 0.3745833328125 0.45703125 0.3745833328125
1 0.5546875 0.3403125 0.5546875 0.20354166718750002 0.22117187500000002 0.20354166718750002 0.22117187500000002 0.3403125 0.5546875 0.3403125
1 0.6771874999999999 0.3026041671875 0.6771874999999999 0.09343749999999999 0.3003125 0.09343749999999999 0.3003125 0.3026041671875 0.6771874999999999 0.3026041671875
1 0.44328124999999996 0.0007291671875 0.44328124999999996 0.2554166671875 0.948046875 0.2554166671875 0.948046875 0.0007291671875 0.44328124999999996 0.0007291671875
1 0.27734375 0.16218749999999998 0.27734375 0.037083332812499994 0.06984375000000001 0.037083332812499994 0.06984375000000001 0.16218749999999998 0.27734375 0.16218749999999998
1 0.166484375 0.0901041671875 0.166484375 0.0086458328125 0.05 0.0086458328125 0.05 0.0901041671875 0.166484375 0.0901041671875
1 0.10679687499999999 0.139375 0.10679687499999999 0.054166667187499996 0.015859375000000002 0.054166667187499996 0.015859375000000002 0.139375 0.10679687499999999 0.139375
1 0.08695312499999999 0.1772916671875 0.08695312499999999 0.10906249999999999 0.0073437500000000005 0.10906249999999999 0.0073437500000000005 0.1772916671875 0.08695312499999999 0.1772916671875
1 0.15515625 0.2929166671875 0.15515625 0.2246875 0.030078125 0.2246875 0.030078125 0.2929166671875 0.15515625 0.2929166671875
1 0.11960937499999999 0.3383333328125 0.11960937499999999 0.2607291671875 0.014453125 0.2607291671875 0.014453125 0.3383333328125 0.11960937499999999 0.3383333328125
1 0.030078125 0.34781249999999997 0.030078125 0.2929166671875 0.0016406250000000002 0.2929166671875 0.0016406250000000002 0.34781249999999997 0.030078125 0.34781249999999997
1 0.50828125 0.3927083328125 0.50828125 0.3516666671875 0.466796875 0.3516666671875 0.466796875 0.3927083328125 0.50828125 0.3927083328125
1 0.58046875 0.38635416718750004 0.58046875 0.32166666718750003 0.534296875 0.32166666718750003 0.534296875 0.38635416718750004 0.58046875 0.38635416718750004
1 0.68828125 0.38166666718750003 0.68828125 0.3279166671875 0.5923437500000001 0.3279166671875 0.5923437500000001 0.38166666718750003 0.68828125 0.38166666718750003
1 0.6646093750000001 0.43375 0.6646093750000001 0.3832291671875 0.5817187500000001 0.3832291671875 0.5817187500000001 0.43375 0.6646093750000001 0.43375
1 0.056640625 0.7828125 0.056640625 0.7270833328124999 0.025859375 0.7270833328124999 0.025859375 0.7828125 0.056640625 0.7828125
1 0.112890625 0.8130208328125 0.112890625 0.7462500000000001 0.04984375 0.7462500000000001 0.04984375 0.8130208328125 0.112890625 0.8130208328125
1 0.14710937500000001 0.8303125 0.14710937500000001 0.7609375 0.083359375 0.7609375 0.083359375 0.8303125 0.14710937500000001 0.8303125
1 0.21773437499999998 0.8595833328125 0.21773437499999998 0.7901041671875 0.12859375 0.7901041671875 0.12859375 0.8595833328125 0.21773437499999998 0.8595833328125
1 0.352734375 0.9463541671875 0.352734375 0.8147916671875001 0.208828125 0.8147916671875001 0.208828125 0.9463541671875 0.352734375 0.9463541671875
1 0.45984375 0.9970833328125 0.45984375 0.868125 0.31375000000000003 0.868125 0.31375000000000003 0.9970833328125 0.45984375 0.9970833328125
1 0.625625 0.9905208328124999 0.625625 0.9181250000000001 0.424296875 0.9181250000000001 0.424296875 0.9905208328124999 0.625625 0.9905208328124999
1 0.990859375 0.6917708328125001 0.990859375 0.6614583328125 0.932578125 0.6614583328125 0.932578125 0.6917708328125001 0.990859375 0.6917708328125001