1 0.46828125 0.9225 0.46828125 0.632625 0.007578125 0.632625 0.007578125 0.9225 0.46828125 0.9225
1 0.12125 0.951 0.12125 0.723625 0.0016406250000000002 0.723625 0.0016406250000000002 0.951 0.12125 0.951
1 0.47296875 0.42424999999999996 0.47296875 0.041499999999999995 0.007578125 0.041499999999999995 0.007578125 0.42424999999999996 0.47296875 0.42424999999999996
1 0.0040625 0.0036249999999999998 0.0040625 0.23475000000000001 0.1496875 0.23475000000000001 0.1496875 0.0036249999999999998 0.0040625 0.0036249999999999998
1 0.632890625 0.45837500000000003 0.632890625 0.19875 0.2621875 0.19875 0.2621875 0.45837500000000003 0.632890625 0.45837500000000003
1 0.714609375 0.4185 0.714609375 0.289625 0.57484375 0.289625 0.57484375 0.4185 0.714609375 0.4185
1 0.83296875 0.47162499999999996 0.83296875 0.40337500000000004 0.8046093750000001 0.40337500000000004 0.8046093750000001 0.47162499999999996 0.83296875 0.47162499999999996
1 0.77046875 0.437625 0.77046875 0.34562499999999996 0.6915625000000001 0.34562499999999996 0.6915625000000001 0.437625 0.77046875 0.437625
1 0.8025781249999999 0.45737500000000003 0.8025781249999999 0.37975 0.749921875 0.37975 0.749921875 0.45737500000000003 0.8025781249999999 0.45737500000000003
1 0.84859375 0.48237500000000005 0.84859375 0.41 0.822265625 0.41 0.822265625 0.48237500000000005 0.84859375 0.48237500000000005
1 0.87328125 0.47850000000000004 0.87328125 0.42062499999999997 0.8387499999999999 0.42062499999999997 0.8387499999999999 0.47850000000000004 0.87328125 0.47850000000000004
1 0.8946875000000001 0.49037499999999995 0.8946875000000001 0.43637499999999996 0.8650781249999999 0.43637499999999996 0.8650781249999999 0.49037499999999995 0.8946875000000001 0.49037499999999995
1 0.8231249999999999 0.645625 0.8231249999999999 0.5573750000000001 0.7671875 0.5573750000000001 0.7671875 0.645625 0.8231249999999999 0.645625
1 0.77046875 0.6679999999999999 0.77046875 0.581125 0.7046875 0.581125 0.7046875 0.6679999999999999 0.77046875 0.6679999999999999
1 0.71953125 0.70475 0.71953125 0.5785 0.6018749999999999 0.5785 0.6018749999999999 0.70475 0.71953125 0.70475
1 0.615859375 0.7863749999999999 0.615859375 0.59425 0.393046875 0.59425 0.393046875 0.7863749999999999 0.615859375 0.7863749999999999
1 0.72984375 0.9893750000000001 0.72984375 0.83475 0.50390625 0.83475 0.50390625 0.9893750000000001 0.72984375 0.9893750000000001
1 0.75828125 0.8825 0.75828125 0.782375 0.630390625 0.782375 0.630390625 0.8825 0.75828125 0.8825
1 0.81515625 0.8324999999999999 0.81515625 0.7346250000000001 0.69578125 0.7346250000000001 0.69578125 0.8324999999999999 0.81515625 0.8324999999999999
1 0.85390625 0.795375 0.85390625 0.715125 0.793828125 0.715125 0.793828125 0.795375 0.85390625 0.795375
1 0.9994531249999999 0.657125 0.9994531249999999 0.619 0.958359375 0.619 0.958359375 0.657125 0.9994531249999999 0.657125
1 0.8045312499999999 0.357125 0.8045312499999999 0.38875000000000004 0.9106249999999999 0.38875000000000004 0.9106249999999999 0.357125 0.8045312499999999 0.357125
1 0.875234375 0.3335 0.875234375 0.36775 0.8892187500000001 0.36775 0.8892187500000001 0.3335 0.875234375 0.3335
1 0.862109375 0.315125 0.862109375 0.36512500000000003 0.8826562499999999 0.36512500000000003 0.8826562499999999 0.315125 0.862109375 0.315125
1 0.7725 0.28875 0.7725 0.346625 0.8670312499999999 0.346625 0.8670312499999999 0.28875 0.7725 0.28875
1 0.8242968749999999 0.226875 0.8242968749999999 0.315125 0.8588281249999999 0.315125 0.8588281249999999 0.226875 0.8242968749999999 0.226875
1 0.674609375 0.22162500000000002 0.674609375 0.29925 0.845703125 0.29925 0.845703125 0.22162500000000002 0.674609375 0.22162500000000002
1 0.600625 0.116375 0.600625 0.215125 0.8061718750000001 0.215125 0.8061718750000001 0.116375 0.600625 0.116375
1 0.466328125 0.005375 0.466328125 0.165875 0.750859375 0.165875 0.750859375 0.005375 0.466328125 0.005375
1 0.680078125 0.02375 0.680078125 0.1145 0.833046875 0.1145 0.833046875 0.02375 0.680078125 0.02375
1 0.8569531250000001 0.21187499999999998 0.8569531250000001 0.12375 0.745078125 0.12375 0.745078125 0.21187499999999998 0.8569531250000001 0.21187499999999998
1 0.87421875 0.2435 0.87421875 0.176375 0.76890625 0.176375 0.76890625 0.2435 0.87421875 0.2435
1 0.8215625 0.222375 0.8215625 0.28425 0.9004687499999999 0.28425 0.9004687499999999 0.222375 0.8215625 0.222375