0 0.11304687499999999 0.08449999999999999 0.11304687499999999 0.9077500000000001 0.619140625 0.9077500000000001 0.619140625 0.08449999999999999 0.11304687499999999 0.08449999999999999
1 0.945546875 0.65 0.945546875 0.623375 0.906015625 0.623375 0.906015625 0.65 0.945546875 0.65
1 0.9923437500000001 0.66825 0.9923437500000001 0.623375 0.947578125 0.623375 0.947578125 0.66825 0.9923437500000001 0.66825
1 0.93828125 0.565125 0.93828125 0.59675 0.995390625 0.59675 0.995390625 0.565125 0.93828125 0.565125
1 0.9330468749999999 0.605 0.9330468749999999 0.565125 0.889375 0.565125 0.889375 0.605 0.9330468749999999 0.605
1 0.94140625 0.545125 0.94140625 0.506875 0.8914843749999999 0.506875 0.8914843749999999 0.545125 0.94140625 0.545125
1 0.94140625 0.5002500000000001 0.94140625 0.545125 0.99125 0.545125 0.99125 0.5002500000000001 0.94140625 0.5002500000000001
1 0.987109375 0.46375 0.987109375 0.430375 0.9371875 0.430375 0.9371875 0.46375 0.987109375 0.46375
1 0.888359375 0.43875000000000003 0.888359375 0.468625 0.9341406250000001 0.468625 0.9341406250000001 0.43875000000000003 0.888359375 0.43875000000000003
1 0.88734375 0.48362499999999997 0.88734375 0.43875000000000003 0.83328125 0.43875000000000003 0.83328125 0.48362499999999997 0.88734375 0.48362499999999997
1 0.787578125 0.43875000000000003 0.787578125 0.48362499999999997 0.83328125 0.48362499999999997 0.83328125 0.43875000000000003 0.787578125 0.43875000000000003
1 0.787578125 0.502 0.787578125 0.43875000000000003 0.7490625 0.43875000000000003 0.7490625 0.502 0.787578125 0.502
1 0.8374218750000001 0.550125 0.8374218750000001 0.5235000000000001 0.7896093750000001 0.5235000000000001 0.7896093750000001 0.550125 0.8374218750000001 0.550125
1 0.8364062499999999 0.51025 0.8364062499999999 0.551875 0.88734375 0.551875 0.88734375 0.51025 0.8364062499999999 0.51025
1 0.9330468749999999 0.402125 0.9330468749999999 0.358875 0.88109375 0.358875 0.88109375 0.402125 0.9330468749999999 0.402125
1 0.828125 0.37225 0.828125 0.402125 0.88109375 0.402125 0.88109375 0.37225 0.828125 0.37225
1 0.828125 0.41712499999999997 0.828125 0.37225 0.78234375 0.37225 0.78234375 0.41712499999999997 0.828125 0.41712499999999997
1 0.741796875 0.38725 0.741796875 0.41712499999999997 0.78234375 0.41712499999999997 0.78234375 0.38725 0.741796875 0.38725
1 0.7803125 0.370625 0.7803125 0.324 0.739765625 0.324 0.739765625 0.370625 0.7803125 0.370625
1 0.784453125 0.30575 0.784453125 0.365625 0.8197656249999999 0.365625 0.8197656249999999 0.30575 0.784453125 0.30575
1 0.8759375 0.35562499999999997 0.8759375 0.292375 0.81875 0.292375 0.81875 0.35562499999999997 0.8759375 0.35562499999999997
1 0.87796875 0.284125 0.87796875 0.34725 0.93203125 0.34725 0.93203125 0.284125 0.87796875 0.284125
1 0.990234375 0.319 0.990234375 0.274125 0.93203125 0.274125 0.93203125 0.319 0.990234375 0.319
1 0.9985156249999999 0.39049999999999996 0.9985156249999999 0.350625 0.9829687500000001 0.350625 0.9829687500000001 0.39049999999999996 0.9985156249999999 0.39049999999999996
1 0.9819531250000001 0.397125 0.9819531250000001 0.36225 0.929921875 0.36225 0.929921875 0.397125 0.9819531250000001 0.397125
1 0.995390625 0.23424999999999999 0.995390625 0.192625 0.978828125 0.192625 0.978828125 0.23424999999999999 0.995390625 0.23424999999999999
1 0.9829687500000001 0.27075 0.9829687500000001 0.20425 0.920625 0.20425 0.920625 0.27075 0.9829687500000001 0.27075
1 0.921640625 0.27749999999999997 0.921640625 0.21925 0.8748437499999999 0.21925 0.8748437499999999 0.27749999999999997 0.921640625 0.27749999999999997
1 0.8759375 0.284125 0.8759375 0.2225 0.825 0.2225 0.825 0.284125 0.8759375 0.284125
1 0.83328125 0.30575 0.83328125 0.235875 0.786484375 0.235875 0.786484375 0.30575 0.83328125 0.30575
1 0.808359375 0.31074999999999997 0.808359375 0.250875 0.74390625 0.250875 0.74390625 0.31074999999999997 0.808359375 0.31074999999999997
1 0.79171875 0.2475 0.79171875 0.191 0.738671875 0.191 0.738671875 0.2475 0.79171875 0.2475
1 0.7771874999999999 0.17099999999999999 0.7771874999999999 0.2475 0.8207812499999999 0.2475 0.8207812499999999 0.17099999999999999 0.7771874999999999 0.17099999999999999
1 0.858203125 0.217625 0.858203125 0.15775 0.821875 0.15775 0.821875 0.217625 0.858203125 0.217625
1 0.864453125 0.14275 0.864453125 0.22087500000000002 0.921640625 0.22087500000000002 0.921640625 0.14275 0.864453125 0.14275
1 0.974609375 0.186 0.974609375 0.121125 0.920625 0.121125 0.920625 0.186 0.974609375 0.186
1 0.974609375 0.111125 0.974609375 0.186 0.999609375 0.186 0.999609375 0.111125 0.974609375 0.111125
1 0.999609375 0.10287500000000001 0.999609375 0.031375 0.9684375 0.031375 0.9684375 0.10287500000000001 0.999609375 0.10287500000000001
1 0.978828125 0.12450000000000001 0.978828125 0.057874999999999996 0.9112500000000001 0.057874999999999996 0.9112500000000001 0.12450000000000001 0.978828125 0.12450000000000001
1 0.864453125 0.07125000000000001 0.864453125 0.14275 0.931015625 0.14275 0.931015625 0.07125000000000001 0.864453125 0.07125000000000001
1 0.883203125 0.167625 0.883203125 0.097875 0.808359375 0.097875 0.808359375 0.167625 0.883203125 0.167625
1 0.77296875 0.1045 0.77296875 0.177625 0.8416406249999999 0.177625 0.8416406249999999 0.1045 0.77296875 0.1045
1 0.1171875 0.9426249999999999 0.1171875 0.837875 0.0017968749999999999 0.837875 0.0017968749999999999 0.9426249999999999 0.1171875 0.9426249999999999
1 0.0984375 0.8595 0.0984375 0.776375 0.013203125 0.776375 0.013203125 0.8595 0.0984375 0.8595
0 0.7501562500000001 0.50525 0.7501562500000001 0.68825 0.8904687499999999 0.68825 0.8904687499999999 0.50525 0.7501562500000001 0.50525