0 0.781484375 0.267125 0.781484375 0.473625 0.846484375 0.473625 0.846484375 0.267125 0.781484375 0.267125
1 0.875 0.312875 0.875 0.27 0.8247656250000001 0.27 0.8247656250000001 0.312875 0.875 0.312875
1 0.660234375 0.531875 0.660234375 0.483375 0.5294531250000001 0.483375 0.5294531250000001 0.531875 0.660234375 0.531875
1 0.378359375 0.79075 0.378359375 0.634375 0.003203125 0.634375 0.003203125 0.79075 0.378359375 0.79075
1 0.0853125 0.71925 0.0853125 0.5945 0.000078125 0.5945 0.000078125 0.71925 0.0853125 0.71925
1 0.15726562500000002 0.18062499999999998 0.15726562500000002 0.1355 0.094453125 0.1355 0.094453125 0.18062499999999998 0.15726562500000002 0.18062499999999998
1 0.152890625 0.12625 0.152890625 0.18062499999999998 0.21859375 0.18062499999999998 0.21859375 0.12625 0.152890625 0.12625
1 0.34054687499999997 0.17475000000000002 0.34054687499999997 0.12162500000000001 0.22078125 0.12162500000000001 0.22078125 0.17475000000000002 0.34054687499999997 0.17475000000000002
1 0.183984375 0.0016250000000000001 0.183984375 0.05125 0.36726562500000004 0.05125 0.36726562500000004 0.0016250000000000001 0.183984375 0.0016250000000000001
1 0.495 0.170125 0.495 0.12162500000000001 0.41203124999999996 0.12162500000000001 0.41203124999999996 0.170125 0.495 0.170125
1 0.515234375 0.2475 0.515234375 0.21637499999999998 0.454609375 0.21637499999999998 0.454609375 0.2475 0.515234375 0.2475
1 0.5686718749999999 0.24300000000000002 0.5686718749999999 0.212875 0.5109375 0.212875 0.5109375 0.24300000000000002 0.5686718749999999 0.24300000000000002
1 0.65234375 0.1505 0.65234375 0.09975 0.544140625 0.09975 0.544140625 0.1505 0.65234375 0.1505