0 0.31039062500000003 0.22722222187500002 0.31039062500000003 0.47458333281250004 0.37 0.47458333281250004 0.37 0.22722222187500002 0.31039062500000003 0.22722222187500002
1 0.951875 0.789027778125 0.951875 0.5395833328124999 0.59375 0.5395833328124999 0.59375 0.789027778125 0.951875 0.789027778125
1 0.654375 0.6891666671875 0.654375 0.5195833328125 0.50953125 0.5195833328125 0.50953125 0.6891666671875 0.654375 0.6891666671875
1 0.4640625 0.532222221875 0.4640625 0.6258333328125001 0.521875 0.6258333328125001 0.521875 0.532222221875 0.4640625 0.532222221875
1 0.43546874999999996 0.5161111109375 0.43546874999999996 0.5876388890625 0.4725 0.5876388890625 0.4725 0.5161111109375 0.43546874999999996 0.5161111109375
1 0.438125 0.5611111109375 0.438125 0.4976388890625 0.408828125 0.4976388890625 0.408828125 0.5611111109375 0.438125 0.5611111109375
1 0.42703125000000003 0.5276388890625 0.42703125000000003 0.47444444375000006 0.382265625 0.47444444375000006 0.382265625 0.5276388890625 0.42703125000000003 0.5276388890625
1 0.369921875 0.48027777812499994 0.369921875 0.5126388890625 0.39390625 0.5126388890625 0.39390625 0.48027777812499994 0.369921875 0.48027777812499994
1 0.37312500000000004 0.502222221875 0.37312500000000004 0.46749999999999997 0.36015625 0.46749999999999997 0.36015625 0.502222221875 0.37312500000000004 0.502222221875
1 0.35367187499999997 0.45944444375 0.35367187499999997 0.502222221875 0.36015625 0.502222221875 0.36015625 0.45944444375 0.35367187499999997 0.45944444375
1 0.4025 0.0016666671875 0.4025 0.095 0.596484375 0.095 0.596484375 0.0016666671875 0.4025 0.0016666671875
1 0.495234375 0.2136111109375 0.495234375 0.148472221875 0.354140625 0.148472221875 0.354140625 0.2136111109375 0.495234375 0.2136111109375
1 0.793828125 0.20249999999999999 0.793828125 0.154027778125 0.73765625 0.154027778125 0.73765625 0.20249999999999999 0.793828125 0.20249999999999999
1 0.7384375000000001 0.22194444375 0.7384375000000001 0.16930555625000002 0.7064843749999999 0.16930555625000002 0.7064843749999999 0.22194444375 0.7384375000000001 0.22194444375
1 0.711953125 0.23444444375 0.711953125 0.18180555625 0.66984375 0.18180555625 0.66984375 0.23444444375 0.711953125 0.23444444375
1 0.6753125 0.2483333328125 0.6753125 0.2038888890625 0.648828125 0.2038888890625 0.648828125 0.2483333328125 0.6753125 0.2483333328125
1 0.647265625 0.25666666718750003 0.647265625 0.22055555624999998 0.61765625 0.22055555624999998 0.61765625 0.25666666718750003 0.647265625 0.25666666718750003
1 0.881796875 0.16694444375 0.881796875 0.105972221875 0.8257031250000001 0.105972221875 0.8257031250000001 0.16694444375 0.881796875 0.16694444375