1 0.859609375 0.2852083328125 0.859609375 0.2519791671875 0.787890625 0.2519791671875 0.787890625 0.2852083328125 0.859609375 0.2852083328125
1 0.752578125 0.3115625 0.752578125 0.2658333328125 0.6496875 0.2658333328125 0.6496875 0.3115625 0.752578125 0.3115625
1 0.5217968749999999 0.2727083328125 0.5217968749999999 0.2297916671875 0.45320312500000004 0.2297916671875 0.45320312500000004 0.2727083328125 0.5217968749999999 0.2727083328125
1 0.44281249999999994 0.2782291671875 0.44281249999999994 0.24635416718749997 0.39187500000000003 0.24635416718749997 0.39187500000000003 0.2782291671875 0.44281249999999994 0.2782291671875
1 0.36593749999999997 0.29625 0.36593749999999997 0.2658333328125 0.32437499999999997 0.2658333328125 0.32437499999999997 0.29625 0.36593749999999997 0.29625
1 0.18859375 0.1759375 0.18859375 0.1538541671875 0.167578125 0.1538541671875 0.167578125 0.1759375 0.18859375 0.1759375
1 0.18257812499999998 0.1471875 0.18257812499999998 0.1679166671875 0.198125 0.1679166671875 0.198125 0.1471875 0.18257812499999998 0.1471875
1 0.197109375 0.1344791671875 0.197109375 0.1565625 0.213203125 0.1565625 0.213203125 0.1344791671875 0.197109375 0.1344791671875
1 0.23726562499999998 0.1545833328125 0.23726562499999998 0.1251041671875 0.21265625 0.1251041671875 0.21265625 0.1545833328125 0.23726562499999998 0.1545833328125
1 0.23578125 0.1144791671875 0.23578125 0.13916666718749998 0.257265625 0.13916666718749998 0.257265625 0.1144791671875 0.23578125 0.1144791671875
1 0.06703125 0.0001041671875 0.06703125 0.091875 0.40671875 0.091875 0.40671875 0.0001041671875 0.06703125 0.0001041671875
1 0.25203125000000004 0.7022916671874999 0.25203125000000004 0.6053124999999999 0.0690625 0.6053124999999999 0.0690625 0.7022916671874999 0.25203125000000004 0.7022916671874999
1 0.305 0.8492708328124999 0.305 0.6773958328125 0.13148437500000001 0.6773958328125 0.13148437500000001 0.8492708328124999 0.305 0.8492708328124999
1 0.36117187500000003 0.9726041671875001 0.36117187500000003 0.7675 0.211484375 0.7675 0.211484375 0.9726041671875001 0.36117187500000003 0.9726041671875001
1 0.5325 0.9980208328125 0.5325 0.8842708328125 0.339453125 0.8842708328125 0.339453125 0.9980208328125 0.5325 0.9980208328125
0 0.0026562499999999998 0.3135416671875 0.0026562499999999998 0.5889583328125 0.1209375 0.5889583328125 0.1209375 0.3135416671875 0.0026562499999999998 0.3135416671875