1 0.9859375 0.207625 0.9859375 0.15775 0.8759375 0.15775 0.8759375 0.207625 0.9859375 0.207625
1 0.87328125 0.508375 0.87328125 0.457 0.7884375 0.457 0.7884375 0.508375 0.87328125 0.508375
1 0.966015625 0.5277499999999999 0.966015625 0.46262499999999995 0.864609375 0.46262499999999995 0.864609375 0.5277499999999999 0.966015625 0.5277499999999999
1 0.9999218750000001 0.53025 0.9999218750000001 0.47512499999999996 0.98046875 0.47512499999999996 0.98046875 0.53025 0.9999218750000001 0.53025
1 0.764140625 0.667125 0.764140625 0.5533750000000001 0.5895312500000001 0.5533750000000001 0.5895312500000001 0.667125 0.764140625 0.667125
1 0.8015625 0.6132500000000001 0.8015625 0.5215 0.75046875 0.5215 0.75046875 0.6132500000000001 0.8015625 0.6132500000000001
1 0.6057812499999999 0.9106249999999999 0.6057812499999999 0.681125 0.489765625 0.681125 0.489765625 0.9106249999999999 0.6057812499999999 0.9106249999999999
1 0.497265625 0.998375 0.497265625 0.792875 0.0008593750000000001 0.792875 0.0008593750000000001 0.998375 0.497265625 0.998375
1 0.26773437499999997 0.153875 0.26773437499999997 0.10887500000000001 0.193359375 0.10887500000000001 0.193359375 0.153875 0.26773437499999997 0.153875
1 0.09523437500000001 0.09375 0.09523437500000001 0.0245 0.0028125 0.0245 0.0028125 0.09375 0.09523437500000001 0.09375
1 0.026640625 0.2405 0.026640625 0.20587499999999997 0.004296875 0.20587499999999997 0.004296875 0.2405 0.026640625 0.2405
1 0.05695312500000001 0.23125 0.05695312500000001 0.204625 0.02734375 0.204625 0.02734375 0.23125 0.05695312500000001 0.23125
1 0.05695312500000001 0.198875 0.05695312500000001 0.23125 0.0865625 0.23125 0.0865625 0.198875 0.05695312500000001 0.198875
1 0.5682031249999999 0.00775 0.5682031249999999 0.0885 0.79484375 0.0885 0.79484375 0.00775 0.5682031249999999 0.00775
1 0.6165625 0.0805 0.6165625 0.00775 0.3784375 0.00775 0.3784375 0.0805 0.6165625 0.0805
1 0.623828125 0.1255 0.623828125 0.058499999999999996 0.47078125000000004 0.058499999999999996 0.47078125000000004 0.1255 0.623828125 0.1255
1 0.3040625 0.22362500000000002 0.3040625 0.193625 0.2203125 0.193625 0.2203125 0.22362500000000002 0.3040625 0.22362500000000002