0 0.764140625 0.27275 0.764140625 0.526375 0.8603125 0.526375 0.8603125 0.27275 0.764140625 0.27275
1 0.784921875 0.577625 0.784921875 0.5193749999999999 0.75984375 0.5193749999999999 0.75984375 0.577625 0.784921875 0.577625
1 0.764140625 0.619125 0.764140625 0.537375 0.7208593750000001 0.537375 0.7208593750000001 0.619125 0.764140625 0.619125
1 0.7364843750000001 0.658 0.7364843750000001 0.5582499999999999 0.6342187499999999 0.5582499999999999 0.6342187499999999 0.658 0.7364843750000001 0.658
1 0.700078125 0.701 0.700078125 0.603875 0.628203125 0.603875 0.628203125 0.701 0.700078125 0.701
1 0.6325000000000001 0.8089999999999999 0.6325000000000001 0.623375 0.5216406250000001 0.623375 0.5216406250000001 0.8089999999999999 0.6325000000000001 0.8089999999999999
1 0.538984375 0.95175 0.538984375 0.732875 0.364921875 0.732875 0.364921875 0.95175 0.538984375 0.95175
1 0.393359375 0.9961249999999999 0.393359375 0.8644999999999999 0.24375 0.8644999999999999 0.24375 0.9961249999999999 0.393359375 0.9961249999999999
1 0.31429687500000003 0.0043749999999999995 0.31429687500000003 0.077125 0.53515625 0.077125 0.53515625 0.0043749999999999995 0.31429687500000003 0.0043749999999999995
1 0.517109375 0.002125 0.517109375 0.065625 0.74015625 0.065625 0.74015625 0.002125 0.517109375 0.002125
1 0.7755468750000001 0.091 0.7755468750000001 0.027500000000000004 0.598671875 0.027500000000000004 0.598671875 0.091 0.7755468750000001 0.091
1 0.797890625 0.12337499999999998 0.797890625 0.074875 0.631875 0.074875 0.631875 0.12337499999999998 0.797890625 0.12337499999999998
1 0.8087500000000001 0.146375 0.8087500000000001 0.110625 0.636953125 0.110625 0.636953125 0.146375 0.8087500000000001 0.146375