0 0.30578125 0.006875000000000001 0.30578125 0.619625 0.58765625 0.619625 0.58765625 0.006875000000000001 0.30578125 0.006875000000000001
1 0.368828125 0.14325000000000002 0.368828125 0.16575 0.42296875 0.16575 0.42296875 0.14325000000000002 0.368828125 0.14325000000000002
1 0.42046875000000006 0.11925 0.42046875000000006 0.07675 0.29312499999999997 0.07675 0.29312499999999997 0.11925 0.42046875000000006 0.11925
1 0.290625 0.050249999999999996 0.290625 0.102375 0.42648437499999997 0.102375 0.42648437499999997 0.050249999999999996 0.290625 0.050249999999999996
1 0.42296875 0.051125 0.42296875 0.019 0.28507812499999996 0.019 0.28507812499999996 0.051125 0.42296875 0.051125
1 0.289609375 0.001375 0.289609375 0.032625 0.42546875 0.032625 0.42546875 0.001375 0.289609375 0.001375
1 0.42546875 0.003 0.42546875 0.031 0.47859375000000004 0.031 0.47859375000000004 0.003 0.42546875 0.003
1 0.45999999999999996 0.042249999999999996 0.45999999999999996 0.01175 0.4234375 0.01175 0.4234375 0.042249999999999996 0.45999999999999996 0.042249999999999996
1 0.419453125 0.032625 0.419453125 0.08075 0.475078125 0.08075 0.475078125 0.032625 0.419453125 0.032625
1 0.473046875 0.09925 0.473046875 0.067125 0.42046875000000006 0.067125 0.42046875000000006 0.09925 0.473046875 0.09925
1 0.42093749999999996 0.07675 0.42093749999999996 0.124875 0.46953125 0.124875 0.46953125 0.07675 0.42093749999999996 0.07675
1 0.470546875 0.14725 0.470546875 0.106375 0.42140625 0.106375 0.42140625 0.14725 0.470546875 0.14725
1 0.419921875 0.12887500000000002 0.419921875 0.16175 0.46953125 0.16175 0.46953125 0.12887500000000002 0.419921875 0.12887500000000002
1 0.46953125 0.18825 0.46953125 0.1545 0.41742187499999994 0.1545 0.41742187499999994 0.18825 0.46953125 0.18825
1 0.515703125 0.20099999999999998 0.515703125 0.177 0.47359375000000004 0.177 0.47359375000000004 0.20099999999999998 0.515703125 0.20099999999999998
1 0.47359375000000004 0.152875 0.47359375000000004 0.181 0.5121875 0.181 0.5121875 0.152875 0.47359375000000004 0.152875
1 0.5076562499999999 0.1585 0.5076562499999999 0.120875 0.46804687500000003 0.120875 0.46804687500000003 0.1585 0.5076562499999999 0.1585
1 0.47757812499999996 0.110375 0.47757812499999996 0.136125 0.5061718749999999 0.136125 0.5061718749999999 0.110375 0.47757812499999996 0.110375
1 0.503671875 0.11687499999999999 0.503671875 0.08549999999999999 0.482109375 0.08549999999999999 0.482109375 0.11687499999999999 0.503671875 0.11687499999999999
1 0.47757812499999996 0.003 0.47757812499999996 0.02225 0.5096875 0.02225 0.5096875 0.003 0.47757812499999996 0.003
1 0.511640625 0.003 0.511640625 0.029375000000000002 0.54625 0.029375000000000002 0.54625 0.003 0.511640625 0.003
1 0.54125 0.12162500000000001 0.54125 0.087125 0.5071875 0.087125 0.5071875 0.12162500000000001 0.54125 0.12162500000000001
1 0.5603125 0.113625 0.5603125 0.091125 0.543203125 0.091125 0.543203125 0.113625 0.5603125 0.113625
1 0.54375 0.01975 0.54375 0.050249999999999996 0.573828125 0.050249999999999996 0.573828125 0.01975 0.54375 0.01975
1 0.5467187499999999 0.006125 0.5467187499999999 0.031875 0.5678124999999999 0.031875 0.5678124999999999 0.006125 0.5467187499999999 0.006125
1 0.547734375 0.002125 0.547734375 0.01575 0.57078125 0.01575 0.57078125 0.002125 0.547734375 0.002125
1 0.5958593750000001 0.041499999999999995 0.5958593750000001 0.013375000000000001 0.57234375 0.013375000000000001 0.57234375 0.041499999999999995 0.5958593750000001 0.041499999999999995
1 0.5778125000000001 0.034999999999999996 0.5778125000000001 0.06875 0.5958593750000001 0.06875 0.5958593750000001 0.034999999999999996 0.5778125000000001 0.034999999999999996
1 0.599375 0.08399999999999999 0.599375 0.052625 0.5753125 0.052625 0.5753125 0.08399999999999999 0.599375 0.08399999999999999
1 0.581328125 0.079125 0.581328125 0.09925 0.5973437500000001 0.09925 0.5973437500000001 0.079125 0.581328125 0.079125
1 0.593828125 0.12725 0.593828125 0.10800000000000001 0.580859375 0.10800000000000001 0.580859375 0.12725 0.593828125 0.12725
1 0.57984375 0.124 0.57984375 0.14650000000000002 0.592890625 0.14650000000000002 0.592890625 0.124 0.57984375 0.124
1 0.592890625 0.16899999999999998 0.592890625 0.14975 0.580859375 0.14975 0.580859375 0.16899999999999998 0.592890625 0.16899999999999998
1 0.5753125 0.1625 0.5753125 0.183375 0.591875 0.183375 0.591875 0.1625 0.5753125 0.1625
1 0.588828125 0.20024999999999998 0.588828125 0.179375 0.5763281250000001 0.179375 0.5763281250000001 0.20024999999999998 0.588828125 0.20024999999999998
1 0.580859375 0.20425 0.580859375 0.22112500000000002 0.588359375 0.22112500000000002 0.588359375 0.20425 0.580859375 0.20425
1 0.5878125 0.233875 0.5878125 0.24112499999999998 0.6118750000000001 0.24112499999999998 0.6118750000000001 0.21625 0.5878125 0.21549999999999997 0.5778125000000001 0.21549999999999997 0.5778125000000001 0.233875 0.5878125 0.233875
1 0.585859375 0.202625 0.585859375 0.22512500000000002 0.61140625 0.22512500000000002 0.61140625 0.202625 0.585859375 0.202625
1 0.617421875 0.209 0.617421875 0.190625 0.5873437499999999 0.190625 0.5873437499999999 0.209 0.617421875 0.209
1 0.591328125 0.179375 0.591328125 0.199375 0.6149218750000001 0.199375 0.6149218750000001 0.179375 0.591328125 0.179375
1 0.6149218750000001 0.17775000000000002 0.6149218750000001 0.16012500000000002 0.591875 0.16012500000000002 0.591875 0.17775000000000002 0.6149218750000001 0.17775000000000002
1 0.591875 0.14250000000000002 0.591875 0.16575 0.61140625 0.16575 0.61140625 0.14250000000000002 0.591875 0.14250000000000002
1 0.6134375000000001 0.152875 0.6134375000000001 0.1305 0.5903906250000001 0.1305 0.5903906250000001 0.152875 0.6134375000000001 0.152875
1 0.590859375 0.10725 0.590859375 0.1385 0.61390625 0.1385 0.61390625 0.10725 0.590859375 0.10725
1 0.6159375 0.124875 0.6159375 0.09762499999999999 0.590859375 0.09762499999999999 0.590859375 0.124875 0.6159375 0.124875
1 0.59640625 0.08 0.59640625 0.105625 0.617421875 0.105625 0.617421875 0.08 0.59640625 0.08
1 0.621953125 0.09275 0.621953125 0.06787499999999999 0.59484375 0.06787499999999999 0.59484375 0.09275 0.621953125 0.09275
1 0.594375 0.053500000000000006 0.594375 0.075875 0.6194531249999999 0.075875 0.6194531249999999 0.053500000000000006 0.594375 0.053500000000000006
1 0.617421875 0.056625 0.617421875 0.027875 0.5958593750000001 0.027875 0.5958593750000001 0.056625 0.617421875 0.056625
1 0.591328125 0.0045 0.591328125 0.024625 0.61640625 0.024625 0.61640625 0.0045 0.591328125 0.0045
1 0.641484375 0.040625 0.641484375 0.021374999999999998 0.62546875 0.021374999999999998 0.62546875 0.040625 0.641484375 0.040625
1 0.619921875 0.048625 0.619921875 0.0735 0.6384375 0.0735 0.6384375 0.048625 0.619921875 0.048625
1 0.639453125 0.10400000000000001 0.639453125 0.070375 0.61890625 0.070375 0.61890625 0.10400000000000001 0.639453125 0.10400000000000001
1 0.62296875 0.09275 0.62296875 0.11125 0.636953125 0.11125 0.636953125 0.09275 0.62296875 0.09275
1 0.6359375 0.12162500000000001 0.6359375 0.096 0.6184375 0.096 0.6184375 0.12162500000000001 0.6359375 0.12162500000000001
1 0.6149218750000001 0.10800000000000001 0.6149218750000001 0.13925 0.6344531250000001 0.13925 0.6344531250000001 0.10800000000000001 0.6149218750000001 0.10800000000000001
1 0.6344531250000001 0.15137499999999998 0.6344531250000001 0.133625 0.6159375 0.133625 0.6159375 0.15137499999999998 0.6344531250000001 0.15137499999999998
1 0.61390625 0.1345 0.61390625 0.167375 0.633984375 0.167375 0.633984375 0.1345 0.61390625 0.1345
1 0.63546875 0.18175 0.63546875 0.152125 0.612421875 0.152125 0.612421875 0.18175 0.63546875 0.18175
1 0.614375 0.173 0.614375 0.197 0.632421875 0.197 0.632421875 0.173 0.614375 0.173
1 0.633984375 0.210625 0.633984375 0.18425 0.612421875 0.18425 0.612421875 0.210625 0.633984375 0.210625
1 0.61390625 0.197875 0.61390625 0.22025 0.635 0.22025 0.635 0.197875 0.61390625 0.197875
1 0.631484375 0.2395 0.631484375 0.217125 0.6118750000000001 0.217125 0.6118750000000001 0.2395 0.631484375 0.2395
1 0.61390625 0.236375 0.61390625 0.253125 0.631484375 0.253125 0.631484375 0.236375 0.61390625 0.236375
1 0.65 0.255625 0.65 0.2395 0.629921875 0.2395 0.629921875 0.255625 0.65 0.255625
1 0.6329687500000001 0.22349999999999998 0.6329687500000001 0.242 0.65 0.242 0.65 0.22349999999999998 0.6329687500000001 0.22349999999999998
1 0.65046875 0.22675 0.65046875 0.210625 0.6309375 0.210625 0.6309375 0.22675 0.65046875 0.22675
1 0.633984375 0.199375 0.633984375 0.21949999999999997 0.648515625 0.21949999999999997 0.648515625 0.199375 0.633984375 0.199375
1 0.65 0.20350000000000001 0.65 0.18425 0.6329687500000001 0.18425 0.6329687500000001 0.20350000000000001 0.65 0.20350000000000001
1 0.632421875 0.163375 0.632421875 0.187375 0.6520312500000001 0.187375 0.6520312500000001 0.163375 0.632421875 0.163375
1 0.6520312500000001 0.173 0.6520312500000001 0.15537499999999999 0.632421875 0.15537499999999999 0.632421875 0.173 0.6520312500000001 0.173
1 0.6344531250000001 0.136125 0.6344531250000001 0.16175 0.64796875 0.16175 0.64796875 0.136125 0.6344531250000001 0.136125
1 0.651484375 0.1505 0.651484375 0.12562500000000001 0.633984375 0.12562500000000001 0.633984375 0.1505 0.651484375 0.1505
1 0.6359375 0.109625 0.6359375 0.133625 0.651484375 0.133625 0.651484375 0.109625 0.6359375 0.109625
1 0.653515625 0.12725 0.653515625 0.10075 0.636953125 0.10075 0.636953125 0.12725 0.653515625 0.12725
1 0.636484375 0.087125 0.636484375 0.109625 0.651484375 0.109625 0.651484375 0.087125 0.636484375 0.087125
1 0.655546875 0.095125 0.655546875 0.0775 0.63796875 0.0775 0.63796875 0.095125 0.655546875 0.095125
1 0.6425 0.03425 0.6425 0.067125 0.655546875 0.067125 0.655546875 0.03425 0.6425 0.03425
1 0.6580468749999999 0.048625 0.6580468749999999 0.028625 0.6425 0.028625 0.6425 0.048625 0.6580468749999999 0.048625
1 0.643515625 0.01175 0.643515625 0.035875000000000004 0.656015625 0.035875000000000004 0.656015625 0.01175 0.643515625 0.01175
1 0.6159375 0.002125 0.6159375 0.027000000000000003 0.641015625 0.027000000000000003 0.641015625 0.002125 0.6159375 0.002125
1 0.671484375 0.032875 0.671484375 0.045125 0.685078125 0.045125 0.685078125 0.032875 0.671484375 0.032875
1 0.672890625 0.00775 0.672890625 0.017875 0.671484375 0.017875 0.671484375 0.034499999999999996 0.6860937500000001 0.034499999999999996 0.6860937500000001 0.017875 0.68578125 0.017875 0.68578125 0.00775 0.672890625 0.00775
1 0.6721874999999999 0.16875 0.6721874999999999 0.184375 0.682265625 0.184375 0.682265625 0.16875 0.6721874999999999 0.16875
1 0.66640625 0.172 0.66640625 0.196 0.6819531249999999 0.196 0.6819531249999999 0.172 0.66640625 0.172
1 0.6809375 0.20725 0.6809375 0.184 0.661875 0.184 0.661875 0.20725 0.6809375 0.20725
1 0.661875 0.2 0.661875 0.21925 0.6819531249999999 0.21925 0.6819531249999999 0.2 0.661875 0.2
1 0.684453125 0.23937499999999998 0.684453125 0.2145 0.662890625 0.2145 0.662890625 0.23937499999999998 0.684453125 0.23937499999999998
1 0.6624218749999999 0.232125 0.6624218749999999 0.2465 0.6809375 0.2465 0.6809375 0.232125 0.6624218749999999 0.232125
1 0.6819531249999999 0.259375 0.6819531249999999 0.24737499999999998 0.665390625 0.24737499999999998 0.665390625 0.259375 0.6819531249999999 0.259375
1 0.68203125 0.19975 0.68203125 0.215125 0.695546875 0.215125 0.695546875 0.19975 0.68203125 0.19975
1 0.69734375 0.20587499999999997 0.69734375 0.18937500000000002 0.682890625 0.18937500000000002 0.682890625 0.20587499999999997 0.69734375 0.20587499999999997
1 0.680625 0.173625 0.680625 0.19424999999999998 0.69640625 0.19424999999999998 0.69640625 0.173625 0.680625 0.173625