1 0.9115624999999999 0.20760416718750002 0.9115624999999999 0.14937499999999998 0.80765625 0.14937499999999998 0.80765625 0.20760416718750002 0.9115624999999999 0.20760416718750002
1 0.916796875 0.1438541671875 0.916796875 0.1979166671875 0.9916406249999999 0.1979166671875 0.9916406249999999 0.1438541671875 0.916796875 0.1438541671875
1 0.80140625 0.2990625 0.80140625 0.2602083328125 0.752578125 0.2602083328125 0.752578125 0.2990625 0.80140625 0.2990625
1 0.7047656250000001 0.27 0.7047656250000001 0.2990625 0.752578125 0.2990625 0.752578125 0.27 0.7047656250000001 0.27
1 0.7047656250000001 0.3045833328125 0.7047656250000001 0.2713541671875 0.658984375 0.2713541671875 0.658984375 0.3045833328125 0.7047656250000001 0.3045833328125
1 0.7240624999999999 0.1613541671875 0.7240624999999999 0.0401041671875 0.40617187499999996 0.0401041671875 0.40617187499999996 0.1613541671875 0.7240624999999999 0.1613541671875
1 0.49195312500000005 0.0066666671875 0.49195312500000005 0.0828125 0.8514062499999999 0.0828125 0.8514062499999999 0.0066666671875 0.49195312500000005 0.0066666671875
1 0.323671875 0.084375 0.323671875 0.0026041671875 0.021171875 0.0026041671875 0.021171875 0.084375 0.323671875 0.084375
1 0.3121875 0.11895833281249998 0.3121875 0.0358333328125 0.00453125 0.0358333328125 0.00453125 0.11895833281249998 0.3121875 0.11895833281249998
1 0.043359375 0.7044791671875 0.043359375 0.6275000000000001 0.00578125 0.6275000000000001 0.00578125 0.7044791671875 0.043359375 0.7044791671875
1 0.10179687500000001 0.7390625 0.10179687500000001 0.6409374999999999 0.033984375 0.6409374999999999 0.033984375 0.7390625 0.10179687500000001 0.7390625
1 0.490078125 0.9826041671875 0.490078125 0.7535416671874999 0.163828125 0.7535416671874999 0.163828125 0.9826041671875 0.490078125 0.9826041671875
1 0.533984375 0.9963541671874999 0.533984375 0.8167708328125001 0.270546875 0.8167708328125001 0.270546875 0.9963541671874999 0.533984375 0.9963541671874999