1 0.9564843749999999 0.279625 0.9564843749999999 0.24225 0.913125 0.24225 0.913125 0.279625 0.9564843749999999 0.279625
1 0.81875 0.146625 0.81875 0.08837500000000001 0.639453125 0.08837500000000001 0.639453125 0.146625 0.81875 0.146625
1 0.720234375 0.15887500000000002 0.720234375 0.194125 0.8400000000000001 0.194125 0.8400000000000001 0.15887500000000002 0.720234375 0.15887500000000002
1 0.72875 0.16999999999999998 0.72875 0.20775000000000002 0.852578125 0.20775000000000002 0.852578125 0.16999999999999998 0.72875 0.16999999999999998
1 0.895546875 0.45175 0.895546875 0.42362500000000003 0.864453125 0.42362500000000003 0.864453125 0.45175 0.895546875 0.45175
1 0.946640625 0.461375 0.946640625 0.434125 0.89453125 0.434125 0.89453125 0.461375 0.946640625 0.461375
1 0.999296875 0.464625 0.999296875 0.434125 0.9542187500000001 0.434125 0.9542187500000001 0.464625 0.999296875 0.464625
1 0.84640625 0.504625 0.84640625 0.473375 0.830390625 0.473375 0.830390625 0.504625 0.84640625 0.504625
1 0.8358593750000001 0.5215 0.8358593750000001 0.477375 0.8067968750000001 0.477375 0.8067968750000001 0.5215 0.8358593750000001 0.5215
1 0.8028124999999999 0.5599999999999999 0.8028124999999999 0.503125 0.780234375 0.503125 0.780234375 0.5599999999999999 0.8028124999999999 0.5599999999999999
1 0.78078125 0.584875 0.78078125 0.51425 0.750703125 0.51425 0.750703125 0.584875 0.78078125 0.584875
1 0.687421875 0.715625 0.687421875 0.5955 0.613046875 0.5955 0.613046875 0.715625 0.687421875 0.715625
1 0.761953125 0.61825 0.761953125 0.5345 0.72078125 0.5345 0.72078125 0.61825 0.761953125 0.61825
1 0.72703125 0.66425 0.72703125 0.584375 0.6908593749999999 0.584375 0.6908593749999999 0.66425 0.72703125 0.66425
1 0.6309375 0.8098750000000001 0.6309375 0.64825 0.527421875 0.64825 0.527421875 0.8098750000000001 0.6309375 0.8098750000000001
1 0.5411718750000001 0.9654999999999999 0.5411718750000001 0.704125 0.345390625 0.704125 0.345390625 0.9654999999999999 0.5411718750000001 0.9654999999999999
1 0.3665625 0.9994999999999999 0.3665625 0.8717499999999999 0.23937499999999998 0.8717499999999999 0.23937499999999998 0.9994999999999999 0.3665625 0.9994999999999999
1 0.00234375 0.009625 0.00234375 0.0995 0.043515625 0.0995 0.043515625 0.009625 0.00234375 0.009625
1 0.323125 0.162875 0.323125 0.106125 0.150703125 0.106125 0.150703125 0.162875 0.323125 0.162875
1 0.7821875 0.10475000000000001 0.7821875 0.002125 0.545703125 0.002125 0.545703125 0.10475000000000001 0.7821875 0.10475000000000001
1 0.599375 0.15875 0.599375 0.059 0.40453124999999995 0.059 0.40453124999999995 0.15875 0.599375 0.15875
1 0.25382812499999996 0.0035000000000000005 0.25382812499999996 0.035375000000000004 0.458203125 0.035375000000000004 0.458203125 0.0035000000000000005 0.25382812499999996 0.0035000000000000005
1 0.15765625 0.196125 0.15765625 0.225875 0.19796875 0.225875 0.19796875 0.196125 0.15765625 0.196125
1 0.10414062500000001 0.18837500000000001 0.10414062500000001 0.22974999999999998 0.16484375 0.22974999999999998 0.16484375 0.18837500000000001 0.10414062500000001 0.18837500000000001
1 0.050937500000000004 0.2765 0.050937500000000004 0.2525 0.023359374999999998 0.2525 0.023359374999999998 0.2765 0.050937500000000004 0.2765