1 0.860078125 0.9891666671875001 0.860078125 0.7305208328125 0.5314062500000001 0.7305208328125 0.5314062500000001 0.9891666671875001 0.860078125 0.9891666671875001
1 0.554765625 0.8214583328125 0.554765625 0.6346875 0.166796875 0.6346875 0.166796875 0.8214583328125 0.554765625 0.8214583328125
1 0.141171875 0.6607291671875 0.141171875 0.7438541671875 0.17960937500000002 0.7438541671875 0.17960937500000002 0.6607291671875 0.141171875 0.6607291671875
1 0.11828125 0.6357291671875 0.11828125 0.7119791671875 0.152578125 0.7119791671875 0.152578125 0.6357291671875 0.11828125 0.6357291671875
1 0.093359375 0.6246875000000001 0.093359375 0.6884375 0.13078125000000002 0.6884375 0.13078125000000002 0.6246875000000001 0.093359375 0.6246875000000001
1 0.1515625 0.6108333328125 0.1515625 0.5609375 0.060078125 0.5609375 0.060078125 0.6108333328125 0.1515625 0.6108333328125
1 0.0975 0.64125 0.0975 0.5955208328125 0.055937499999999994 0.5955208328125 0.055937499999999994 0.64125 0.0975 0.64125
1 0.705 0.2597916671875 0.705 0.2146875 0.6400781249999999 0.2146875 0.6400781249999999 0.2597916671875 0.705 0.2597916671875
1 0.6521874999999999 0.2689583328125 0.6521874999999999 0.22625 0.59328125 0.22625 0.59328125 0.2689583328125 0.6521874999999999 0.2689583328125
1 0.592421875 0.27479166718750003 0.592421875 0.23552083281249997 0.538671875 0.23552083281249997 0.538671875 0.27479166718750003 0.592421875 0.27479166718750003
1 0.48335937500000004 0.2992708328125 0.48335937500000004 0.2607291671875 0.44148437500000004 0.2607291671875 0.44148437500000004 0.2992708328125 0.48335937500000004 0.2992708328125
1 0.439296875 0.3002083328125 0.439296875 0.2732291671875 0.41476562499999997 0.2732291671875 0.41476562499999997 0.3002083328125 0.439296875 0.3002083328125
1 0.7971874999999999 0.1157291671875 0.7971874999999999 0.0034375000000000005 0.557109375 0.0034375000000000005 0.557109375 0.1157291671875 0.7971874999999999 0.1157291671875
1 0.64546875 0.1975 0.64546875 0.0990625 0.392890625 0.0990625 0.392890625 0.1975 0.64546875 0.1975
1 0.5528906250000001 0.216875 0.5528906250000001 0.140625 0.345078125 0.140625 0.345078125 0.216875 0.5528906250000001 0.216875
1 0.407890625 0.12104166718750001 0.407890625 0.0009375 0.10992187499999999 0.0009375 0.10992187499999999 0.12104166718750001 0.407890625 0.12104166718750001
1 0.307421875 0.1833333328125 0.307421875 0.0967708328125 0.045859375 0.0967708328125 0.045859375 0.1833333328125 0.307421875 0.1833333328125
1 0.24937499999999999 0.2133333328125 0.24937499999999999 0.1383333328125 0.018984375 0.1383333328125 0.018984375 0.2133333328125 0.24937499999999999 0.2133333328125
1 0.1359375 0.27 0.1359375 0.20416666718749998 0.007734375 0.20416666718749998 0.007734375 0.27 0.1359375 0.27