1 0.7003125 0.3379166671875 0.7003125 0.26444444375 0.467265625 0.26444444375 0.467265625 0.3379166671875 0.7003125 0.3379166671875
1 0.683984375 0.28791666718750003 0.683984375 0.21597222187499998 0.454765625 0.21597222187499998 0.454765625 0.28791666718750003 0.683984375 0.28791666718750003
1 0.71203125 0.382222221875 0.71203125 0.2948611109375 0.47273437500000004 0.2948611109375 0.47273437500000004 0.382222221875 0.71203125 0.382222221875
1 0.6956249999999999 0.42097222187499994 0.6956249999999999 0.35444444375 0.46804687500000003 0.35444444375 0.46804687500000003 0.42097222187499994 0.6956249999999999 0.42097222187499994
1 0.6995312499999999 0.48055555625 0.6995312499999999 0.385 0.47976562500000003 0.385 0.47976562500000003 0.48055555625 0.6995312499999999 0.48055555625
1 0.7073437499999999 0.51805555625 0.7073437499999999 0.43486111093749996 0.47585937500000003 0.43486111093749996 0.47585937500000003 0.51805555625 0.7073437499999999 0.51805555625
1 0.7034374999999999 0.5568055562499999 0.7034374999999999 0.48194444374999995 0.4828125 0.48194444374999995 0.4828125 0.5568055562499999 0.7034374999999999 0.5568055562499999
1 0.756484375 0.615 0.756484375 0.527777778125 0.478984375 0.527777778125 0.478984375 0.615 0.756484375 0.615
1 0.49921875 0.51805555625 0.49921875 0.4626388890625 0.4259375 0.4626388890625 0.4259375 0.51805555625 0.49921875 0.51805555625
1 0.50234375 0.5595833328125 0.50234375 0.5111111109375 0.42437500000000006 0.5111111109375 0.42437500000000006 0.5595833328125 0.50234375 0.5595833328125
1 0.025312499999999998 0.2008333328125 0.025312499999999998 0.2586111109375 0.13179687499999998 0.2586111109375 0.13179687499999998 0.2008333328125 0.025312499999999998 0.2008333328125
1 0.13179687499999998 0.2816666671875 0.13179687499999998 0.23319444374999998 0.013593749999999998 0.23319444374999998 0.013593749999999998 0.2816666671875 0.13179687499999998 0.2816666671875
1 0.130546875 0.3070833328125 0.130546875 0.2701388890625 0.029843750000000002 0.2701388890625 0.029843750000000002 0.3070833328125 0.130546875 0.3070833328125
1 0.134375 0.3301388890625 0.134375 0.28861111093749997 0.033046874999999996 0.28861111093749997 0.033046874999999996 0.3301388890625 0.134375 0.3301388890625
1 0.010312499999999999 0.31986111093749997 0.010312499999999999 0.360277778125 0.134375 0.360277778125 0.134375 0.31986111093749997 0.010312499999999999 0.31986111093749997
1 0.134375 0.3913888890625 0.134375 0.34750000000000003 0.0096875 0.34750000000000003 0.0096875 0.3913888890625 0.134375 0.3913888890625
1 0.136328125 0.427222221875 0.136328125 0.380972221875 0.012265624999999999 0.380972221875 0.012265624999999999 0.427222221875 0.136328125 0.427222221875
1 0.13960937499999998 0.4548611109375 0.13960937499999998 0.412222221875 0.014218749999999999 0.412222221875 0.014218749999999999 0.4548611109375 0.13960937499999998 0.4548611109375
1 0.13570312499999998 0.4826388890625 0.13570312499999998 0.4376388890625 0.019453124999999998 0.4376388890625 0.019453124999999998 0.4826388890625 0.13570312499999998 0.4826388890625
1 0.136328125 0.5195833328125 0.136328125 0.47569444375 0.008359374999999999 0.47569444375 0.008359374999999999 0.5195833328125 0.136328125 0.5195833328125
1 0.140234375 0.5588888890625 0.140234375 0.5056944437500001 0.012968750000000001 0.5056944437500001 0.012968750000000001 0.5588888890625 0.140234375 0.5588888890625
1 0.14742187499999998 0.593472221875 0.14742187499999998 0.533472221875 0.007109374999999999 0.533472221875 0.007109374999999999 0.593472221875 0.14742187499999998 0.593472221875
1 0.144765625 0.6154166671875 0.144765625 0.5599999999999999 0.02265625 0.5599999999999999 0.02265625 0.6154166671875 0.144765625 0.6154166671875
1 0.161015625 0.5727777781250001 0.161015625 0.5404166671875 0.13179687499999998 0.5404166671875 0.13179687499999998 0.5727777781250001 0.161015625 0.5727777781250001
1 0.13570312499999998 0.5195833328125 0.13570312499999998 0.55430555625 0.156484375 0.55430555625 0.156484375 0.5195833328125 0.13570312499999998 0.5195833328125
1 0.1578125 0.5276388890625 0.1578125 0.49069444375 0.130546875 0.49069444375 0.130546875 0.5276388890625 0.1578125 0.5276388890625
1 0.126640625 0.46875 0.126640625 0.503472221875 0.156484375 0.503472221875 0.156484375 0.46875 0.126640625 0.46875
1 0.12859375 0.4491666671875 0.12859375 0.47569444375 0.1578125 0.47569444375 0.1578125 0.4491666671875 0.12859375 0.4491666671875
1 0.132421875 0.42833333281249997 0.132421875 0.4491666671875 0.1578125 0.4491666671875 0.1578125 0.42833333281249997 0.132421875 0.42833333281249997
1 0.136328125 0.3948611109375 0.136328125 0.42833333281249997 0.1578125 0.42833333281249997 0.1578125 0.3948611109375 0.136328125 0.3948611109375
1 0.133125 0.367222221875 0.133125 0.41333333281250006 0.156484375 0.41333333281250006 0.156484375 0.367222221875 0.133125 0.367222221875
1 0.156484375 0.37055555625 0.156484375 0.34180555625000003 0.13179687499999998 0.34180555625000003 0.13179687499999998 0.37055555625 0.156484375 0.37055555625
1 0.130546875 0.2979166671875 0.130546875 0.345277778125 0.15328124999999998 0.345277778125 0.15328124999999998 0.2979166671875 0.130546875 0.2979166671875
1 0.15453125 0.3233333328125 0.15453125 0.28861111093749997 0.130546875 0.28861111093749997 0.130546875 0.3233333328125 0.15453125 0.3233333328125
1 0.118203125 0.24930555625 0.118203125 0.3013888890625 0.151953125 0.3013888890625 0.151953125 0.24930555625 0.118203125 0.24930555625
1 0.15328124999999998 0.2851388890625 0.15328124999999998 0.23319444374999998 0.12468749999999999 0.23319444374999998 0.12468749999999999 0.2851388890625 0.15328124999999998 0.2851388890625
1 0.29359375 0.214722221875 0.29359375 0.19388888906249999 0.26234375 0.19388888906249999 0.26234375 0.214722221875 0.29359375 0.214722221875
1 0.28125 0.3175 0.28125 0.29555555624999996 0.23898437499999997 0.29555555624999996 0.23898437499999997 0.3175 0.28125 0.3175
1 0.329296875 0.3163888890625 0.329296875 0.28861111093749997 0.28445312500000003 0.28861111093749997 0.28445312500000003 0.3163888890625 0.329296875 0.3163888890625
1 0.467578125 0.1826388890625 0.467578125 0.13694444374999998 0.35750000000000004 0.13694444374999998 0.35750000000000004 0.1826388890625 0.467578125 0.1826388890625
1 0.464453125 0.1986111109375 0.464453125 0.15930555625 0.36117187500000003 0.15930555625 0.36117187500000003 0.1986111109375 0.464453125 0.1986111109375
1 0.46578125000000004 0.2298611109375 0.46578125000000004 0.180972221875 0.3665625 0.180972221875 0.3665625 0.2298611109375 0.46578125000000004 0.2298611109375
1 0.49554687499999994 0.251527778125 0.49554687499999994 0.209027778125 0.37374999999999997 0.209027778125 0.37374999999999997 0.251527778125 0.49554687499999994 0.251527778125
1 0.49421875000000004 0.2748611109375 0.49421875000000004 0.23638888906250002 0.375546875 0.23638888906250002 0.375546875 0.2748611109375 0.49421875000000004 0.2748611109375
1 0.491015625 0.2988888890625 0.491015625 0.251527778125 0.37875000000000003 0.251527778125 0.37875000000000003 0.2988888890625 0.491015625 0.2988888890625
1 0.49734375000000003 0.31736111093749997 0.49734375000000003 0.27638888906250003 0.37734375 0.27638888906250003 0.37734375 0.31736111093749997 0.49734375000000003 0.31736111093749997
1 0.48921875000000004 0.34375 0.48921875000000004 0.2916666671875 0.38101562499999997 0.2916666671875 0.38101562499999997 0.34375 0.48921875000000004 0.34375
1 0.49242187499999995 0.36069444375000004 0.49242187499999995 0.3254166671875 0.370625 0.3254166671875 0.370625 0.36069444375000004 0.49242187499999995 0.36069444375000004
1 0.49375 0.381527778125 0.49375 0.34541666718749997 0.37734375 0.34541666718749997 0.37734375 0.381527778125 0.49375 0.381527778125
1 0.49289062499999997 0.40319444375 0.49289062499999997 0.35583333281249996 0.39765625 0.35583333281249996 0.39765625 0.40319444375 0.49289062499999997 0.40319444375
1 0.5090625 0.42236111093749995 0.5090625 0.3879166671875 0.39632812500000003 0.3879166671875 0.39632812500000003 0.42236111093749995 0.5090625 0.42236111093749995
1 0.5072656249999999 0.45208333281249996 0.5072656249999999 0.4063888890625 0.400390625 0.4063888890625 0.400390625 0.45208333281249996 0.5072656249999999 0.45208333281249996
1 0.51 0.48333333281249996 0.51 0.449722221875 0.398125 0.449722221875 0.398125 0.48333333281249996 0.51 0.48333333281249996
1 0.43875000000000003 0.509027778125 0.43875000000000003 0.47375 0.400859375 0.47375 0.400859375 0.509027778125 0.43875000000000003 0.509027778125
1 0.428828125 0.534722221875 0.428828125 0.505 0.40625 0.505 0.40625 0.534722221875 0.428828125 0.534722221875
1 0.38953125 0.49291666718749994 0.38953125 0.52180555625 0.40671875 0.52180555625 0.40671875 0.49291666718749994 0.38953125 0.49291666718749994
1 0.403515625 0.4954166671875 0.403515625 0.4673611109375 0.385078125 0.4673611109375 0.385078125 0.4954166671875 0.403515625 0.4954166671875
1 0.383203125 0.4529166671875 0.383203125 0.4761111109375 0.404453125 0.4761111109375 0.404453125 0.4529166671875 0.383203125 0.4529166671875
1 0.38460937500000003 0.42874999999999996 0.38460937500000003 0.4529166671875 0.400390625 0.4529166671875 0.400390625 0.42874999999999996 0.38460937500000003 0.42874999999999996
1 0.3990625 0.427222221875 0.3990625 0.40555555625000006 0.383671875 0.40555555625000006 0.383671875 0.427222221875 0.3990625 0.427222221875
1 0.38101562499999997 0.3775 0.38101562499999997 0.40791666718749997 0.39765625 0.40791666718749997 0.39765625 0.3775 0.38101562499999997 0.3775
1 0.380078125 0.26277777812499997 0.380078125 0.23638888906250002 0.364765625 0.23638888906250002 0.364765625 0.26277777812499997 0.380078125 0.26277777812499997
1 0.3828125 0.28930555625 0.3828125 0.25875 0.364765625 0.25875 0.364765625 0.28930555625 0.3828125 0.28930555625
1 0.380546875 0.30444444375 0.380546875 0.2788888890625 0.3665625 0.2788888890625 0.3665625 0.30444444375 0.380546875 0.30444444375
1 0.381875 0.32458333281249996 0.381875 0.30125 0.3665625 0.30125 0.3665625 0.32458333281249996 0.381875 0.32458333281249996
1 0.381875 0.34944444375 0.381875 0.32458333281249996 0.36515624999999996 0.32458333281249996 0.36515624999999996 0.34944444375 0.381875 0.34944444375
1 0.383203125 0.370277778125 0.383203125 0.34944444375 0.364765625 0.34944444375 0.364765625 0.370277778125 0.383203125 0.370277778125
1 0.381875 0.38625 0.381875 0.3679166671875 0.368828125 0.3679166671875 0.368828125 0.38625 0.381875 0.38625
1 0.3828125 0.40875000000000006 0.3828125 0.38069444375 0.367421875 0.38069444375 0.367421875 0.40875000000000006 0.3828125 0.40875000000000006
1 0.3828125 0.42555555624999997 0.3828125 0.40875000000000006 0.37015625 0.40875000000000006 0.37015625 0.42555555624999997 0.3828125 0.42555555624999997
1 0.38640625 0.4463888890625 0.38640625 0.42555555624999997 0.37015625 0.42555555624999997 0.37015625 0.4463888890625 0.38640625 0.4463888890625
1 0.370625 0.44805555625000004 0.370625 0.4641666671875 0.3859375 0.4641666671875 0.3859375 0.44805555625000004 0.370625 0.44805555625000004
1 0.38546874999999997 0.489722221875 0.38546874999999997 0.46333333281250005 0.370625 0.46333333281250005 0.370625 0.489722221875 0.38546874999999997 0.489722221875
1 0.39 0.51305555625 0.39 0.49138888906249995 0.376015625 0.49138888906249995 0.376015625 0.51305555625 0.39 0.51305555625
1 0.13374999999999998 0.2929166671875 0.13374999999999998 0.319722221875 0.18375 0.319722221875 0.18375 0.2929166671875 0.13374999999999998 0.2929166671875
1 0.184453125 0.3470833328125 0.184453125 0.31569444375 0.143125 0.31569444375 0.143125 0.3470833328125 0.184453125 0.3470833328125
1 0.184453125 0.357777778125 0.184453125 0.337777778125 0.149140625 0.337777778125 0.149140625 0.357777778125 0.184453125 0.357777778125
1 0.18484375 0.3738888890625 0.18484375 0.35041666718750003 0.152890625 0.35041666718750003 0.152890625 0.3738888890625 0.18484375 0.3738888890625
1 0.184453125 0.395277778125 0.184453125 0.37180555625 0.154765625 0.37180555625 0.154765625 0.395277778125 0.184453125 0.395277778125
1 0.187109375 0.40791666718749997 0.187109375 0.39055555625 0.15367187499999999 0.39055555625 0.15367187499999999 0.40791666718749997 0.187109375 0.40791666718749997
1 0.18859375 0.42458333281250005 0.18859375 0.4038888890625 0.152109375 0.4038888890625 0.152109375 0.42458333281250005 0.18859375 0.42458333281250005
1 0.19007812500000001 0.44333333281250004 0.19007812500000001 0.42458333281250005 0.151796875 0.42458333281250005 0.151796875 0.44333333281250004 0.19007812500000001 0.44333333281250004
1 0.19046875000000002 0.462777778125 0.19046875000000002 0.44138888906249996 0.15812500000000002 0.44138888906249996 0.15812500000000002 0.462777778125 0.19046875000000002 0.462777778125
1 0.191640625 0.47944444375 0.191640625 0.45736111093750004 0.15437499999999998 0.45736111093750004 0.15437499999999998 0.47944444375 0.191640625 0.47944444375
1 0.19273437499999999 0.503472221875 0.19273437499999999 0.47805555625 0.150234375 0.47805555625 0.150234375 0.503472221875 0.19273437499999999 0.503472221875
1 0.191640625 0.51555555625 0.191640625 0.49416666718749996 0.14835937500000002 0.49416666718749996 0.14835937500000002 0.51555555625 0.191640625 0.51555555625
1 0.194609375 0.53625 0.194609375 0.5141666671875 0.1559375 0.5141666671875 0.1559375 0.53625 0.194609375 0.53625
1 0.259765625 0.1586111109375 0.259765625 0.13819444375 0.22921874999999997 0.13819444375 0.22921874999999997 0.1586111109375 0.259765625 0.1586111109375
1 0.259765625 0.16833333281250001 0.259765625 0.1516666671875 0.22921874999999997 0.1516666671875 0.22921874999999997 0.16833333281250001 0.259765625 0.16833333281250001
1 0.26187499999999997 0.1808333328125 0.26187499999999997 0.162777778125 0.230546875 0.162777778125 0.230546875 0.1808333328125 0.26187499999999997 0.1808333328125
1 0.26242187499999997 0.1891666671875 0.26242187499999997 0.17250000000000001 0.2303125 0.17250000000000001 0.2303125 0.1891666671875 0.26242187499999997 0.1891666671875
1 0.26421875 0.198472221875 0.26421875 0.18319444375 0.22921874999999997 0.18319444375 0.22921874999999997 0.198472221875 0.26421875 0.198472221875
1 0.263203125 0.207777778125 0.263203125 0.1925 0.230546875 0.1925 0.230546875 0.207777778125 0.263203125 0.207777778125
1 0.262890625 0.2226388890625 0.262890625 0.2054166671875 0.23156249999999998 0.2054166671875 0.23156249999999998 0.2226388890625 0.262890625 0.2226388890625
1 0.41421875 0.130972221875 0.41421875 0.086527778125 0.3521875 0.086527778125 0.3521875 0.130972221875 0.41421875 0.130972221875
1 0.41671874999999997 0.14444444375 0.41671874999999997 0.11041666718750001 0.3540625 0.11041666718750001 0.3540625 0.14444444375 0.41671874999999997 0.14444444375
1 0.3640625 0.19958333281250001 0.3640625 0.1716666671875 0.35531250000000003 0.1716666671875 0.35531250000000003 0.19958333281250001 0.3640625 0.19958333281250001
1 0.36625 0.208472221875 0.36625 0.1916666671875 0.3546875 0.1916666671875 0.3546875 0.208472221875 0.36625 0.208472221875
1 0.36789062499999997 0.23013888906250002 0.36789062499999997 0.20069444375 0.35625 0.20069444375 0.35625 0.23013888906250002 0.36789062499999997 0.23013888906250002
1 0.370078125 0.255277778125 0.370078125 0.22125 0.3578125 0.22125 0.3578125 0.255277778125 0.370078125 0.255277778125
1 0.13296875 0.16930555625000002 0.13296875 0.217222221875 0.15078125 0.217222221875 0.15078125 0.16930555625000002 0.13296875 0.16930555625000002
1 0.149140625 0.1875 0.149140625 0.1470833328125 0.13218749999999999 0.1470833328125 0.13218749999999999 0.1875 0.149140625 0.1875
1 0.134296875 0.1248611109375 0.134296875 0.1688888890625 0.149140625 0.1688888890625 0.149140625 0.1248611109375 0.134296875 0.1248611109375
1 0.1496875 0.15125 0.1496875 0.107222221875 0.1340625 0.107222221875 0.1340625 0.15125 0.1496875 0.15125
1 0.135625 0.07694444375000001 0.135625 0.12527777812500002 0.15359375 0.12527777812500002 0.15359375 0.07694444375000001 0.135625 0.07694444375000001
1 0.1371875 0.060833332812499995 0.1371875 0.1113888890625 0.15492187500000001 0.1113888890625 0.15492187500000001 0.060833332812499995 0.1371875 0.060833332812499995
1 0.1384375 0.0325 0.1384375 0.089027778125 0.15492187500000001 0.089027778125 0.15492187500000001 0.0325 0.1384375 0.0325
1 0.14015625 0.011527778125 0.14015625 0.0616666671875 0.154453125 0.0616666671875 0.154453125 0.011527778125 0.14015625 0.011527778125
1 0.141171875 0.0018055562500000001 0.141171875 0.03375 0.1565625 0.03375 0.1565625 0.0018055562500000001 0.141171875 0.0018055562500000001
1 0.155546875 0.00319444375 0.155546875 0.02680555625 0.169375 0.02680555625 0.169375 0.00319444375 0.155546875 0.00319444375
1 0.16828125 0.0486111109375 0.16828125 0.005972221875 0.154453125 0.005972221875 0.154453125 0.0486111109375 0.16828125 0.0486111109375
1 0.15632812499999998 0.03 0.15632812499999998 0.06527777812499999 0.166484375 0.06527777812499999 0.166484375 0.03 0.15632812499999998 0.03
1 0.16625 0.083472221875 0.16625 0.041249999999999995 0.154765625 0.041249999999999995 0.154765625 0.083472221875 0.16625 0.083472221875
1 0.15265625 0.06902777812500001 0.15265625 0.09972222187499999 0.16414062499999998 0.09972222187499999 0.16414062499999998 0.06902777812500001 0.15265625 0.06902777812500001
1 0.153203125 0.09319444375 0.153203125 0.124722221875 0.1675 0.124722221875 0.1675 0.09319444375 0.153203125 0.09319444375
1 0.16515625 0.1358333328125 0.16515625 0.1076388890625 0.15265625 0.1076388890625 0.15265625 0.1358333328125 0.16515625 0.1358333328125
1 0.15265625 0.11875 0.15265625 0.1516666671875 0.16414062499999998 0.1516666671875 0.16414062499999998 0.11875 0.15265625 0.11875
1 0.16414062499999998 0.1901388890625 0.16414062499999998 0.1288888890625 0.150859375 0.1288888890625 0.150859375 0.1901388890625 0.16414062499999998 0.1901388890625
1 0.149296875 0.1558333328125 0.149296875 0.20319444375 0.16414062499999998 0.20319444375 0.16414062499999998 0.1558333328125 0.149296875 0.1558333328125
1 0.164921875 0.22458333281249998 0.164921875 0.1748611109375 0.14953125 0.1748611109375 0.14953125 0.22458333281249998 0.164921875 0.22458333281249998
1 0.14953125 0.2036111109375 0.14953125 0.24305555625 0.16593750000000002 0.24305555625 0.16593750000000002 0.2036111109375 0.14953125 0.2036111109375
1 0.10593749999999999 0.1358333328125 0.10593749999999999 0.1925 0.136484375 0.1925 0.136484375 0.1358333328125 0.10593749999999999 0.1358333328125
1 0.12992187500000002 0.16472222187500002 0.12992187500000002 0.10944444375 0.10960937500000001 0.10944444375 0.10960937500000001 0.16472222187500002 0.12992187500000002 0.16472222187500002
1 0.113203125 0.083472221875 0.113203125 0.1413888890625 0.13023437499999999 0.1413888890625 0.13023437499999999 0.083472221875 0.113203125 0.083472221875
1 0.1421875 0.11777777812500001 0.1421875 0.055138889062499995 0.11085937500000001 0.055138889062499995 0.11085937500000001 0.11777777812500001 0.1421875 0.11777777812500001
1 0.118203125 0.022222221875 0.118203125 0.0848611109375 0.140390625 0.0848611109375 0.140390625 0.022222221875 0.118203125 0.022222221875
1 0.141171875 0.067222221875 0.141171875 0.0036111109374999998 0.11765624999999999 0.0036111109374999998 0.11765624999999999 0.067222221875 0.141171875 0.067222221875
1 0.12132812500000001 0.0026388890625 0.12132812500000001 0.03430555625 0.144296875 0.03430555625 0.144296875 0.0026388890625 0.12132812500000001 0.0026388890625
1 0.089453125 0.0022222218750000003 0.089453125 0.03930555625 0.11875 0.03930555625 0.11875 0.0022222218750000003 0.089453125 0.0022222218750000003
1 0.11374999999999999 0.067222221875 0.11374999999999999 0.0008333328124999999 0.089453125 0.0008333328124999999 0.089453125 0.067222221875 0.11374999999999999 0.067222221875
1 0.085078125 0.020277778125 0.085078125 0.097777778125 0.1121875 0.097777778125 0.1121875 0.020277778125 0.085078125 0.020277778125
1 0.11140625 0.12430555624999999 0.11140625 0.06069444375000001 0.089453125 0.06069444375000001 0.089453125 0.12430555624999999 0.11140625 0.12430555624999999
1 0.03046875 0.0811111109375 0.03046875 0.14569444375 0.1075 0.14569444375 0.1075 0.0811111109375 0.03046875 0.0811111109375
1 0.0015625 0.0101388890625 0.0015625 0.104027778125 0.0809375 0.104027778125 0.0809375 0.0101388890625 0.0015625 0.0101388890625
1 0.043046875 0.0020833328125000002 0.043046875 0.062222221875 0.086328125 0.062222221875 0.086328125 0.0020833328125000002 0.043046875 0.0020833328125000002
1 0.0484375 0.00055555625 0.0484375 0.02375 0.0890625 0.02375 0.0890625 0.00055555625 0.0484375 0.00055555625