1 0.979140625 0.1895833328125 0.979140625 0.12302083281250001 0.8960156250000001 0.12302083281250001 0.8960156250000001 0.1895833328125 0.979140625 0.1895833328125
1 0.8960156250000001 0.2034375 0.8960156250000001 0.14666666718750002 0.79625 0.14666666718750002 0.79625 0.2034375 0.8960156250000001 0.2034375
1 0.8045312499999999 0.2186458328125 0.8045312499999999 0.161875 0.714140625 0.161875 0.714140625 0.2186458328125 0.8045312499999999 0.2186458328125
1 0.48335937500000004 0.2804166671875 0.48335937500000004 0.2525 0.406875 0.2525 0.406875 0.2804166671875 0.48335937500000004 0.2804166671875
1 0.47328125 0.32083333281250004 0.47328125 0.2890625 0.424921875 0.2890625 0.424921875 0.32083333281250004 0.47328125 0.32083333281250004
1 0.462421875 0.2986458328125 0.462421875 0.3179166671875 0.51515625 0.3179166671875 0.51515625 0.2986458328125 0.462421875 0.2986458328125
1 0.5375 0.2707291671875 0.5375 0.2352083328125 0.47976562500000003 0.2352083328125 0.47976562500000003 0.2707291671875 0.5375 0.2707291671875
1 0.330390625 0.3121875 0.330390625 0.2832291671875 0.267578125 0.2832291671875 0.267578125 0.3121875 0.330390625 0.3121875
1 0.21921875000000002 0.2822916671875 0.21921875000000002 0.3054166671875 0.267578125 0.3054166671875 0.267578125 0.2822916671875 0.21921875000000002 0.2822916671875
1 0.07609375 0.270625 0.07609375 0.30114583281249996 0.150703125 0.30114583281249996 0.150703125 0.270625 0.07609375 0.270625
1 0.22359374999999998 0.1829166671875 0.22359374999999998 0.12291666718750001 0.0017968749999999999 0.12291666718750001 0.0017968749999999999 0.1829166671875 0.22359374999999998 0.1829166671875
1 0.015703125000000002 0.07781249999999999 0.015703125000000002 0.1644791671875 0.25296875 0.1644791671875 0.25296875 0.07781249999999999 0.015703125000000002 0.07781249999999999
1 0.339609375 0.1240625 0.339609375 0.026979167187500003 0.049453125 0.026979167187500003 0.049453125 0.1240625 0.339609375 0.1240625
1 0.671171875 0.125 0.671171875 0.0129166671875 0.38625 0.0129166671875 0.38625 0.125 0.671171875 0.125
1 0.022890625 0.6075 0.022890625 0.5507291671875 0.00125 0.5507291671875 0.00125 0.6075 0.022890625 0.6075
1 0.15140625000000002 0.6344791671875 0.15140625000000002 0.5584374999999999 0.010624999999999999 0.5584374999999999 0.010624999999999999 0.6344791671875 0.15140625000000002 0.6344791671875
1 0.134765625 0.6633333328125001 0.134765625 0.5854166671875001 0.0359375 0.5854166671875001 0.0359375 0.6633333328125001 0.134765625 0.6633333328125001
1 0.34625 0.7105208328125 0.34625 0.6017708328125 0.06476562500000001 0.6017708328125 0.06476562500000001 0.7105208328125 0.34625 0.7105208328125
1 0.5021875 0.85 0.5021875 0.6681250000000001 0.144921875 0.6681250000000001 0.144921875 0.85 0.5021875 0.85
1 0.6671875 0.9533333328125 0.6671875 0.7150000000000001 0.232734375 0.7150000000000001 0.232734375 0.9533333328125 0.6671875 0.9533333328125
1 0.8074999999999999 0.9990625 0.8074999999999999 0.8133333328125 0.36265625 0.8133333328125 0.36265625 0.9990625 0.8074999999999999 0.9990625
1 0.44851562500000003 0.5045833328125 0.44851562500000003 0.4733333328125 0.4178125 0.4733333328125 0.4178125 0.5045833328125 0.44851562500000003 0.5045833328125
1 0.49484374999999997 0.520625 0.49484374999999997 0.4878125 0.447890625 0.4878125 0.447890625 0.520625 0.49484374999999997 0.520625
1 0.962578125 0.2972916671875 0.962578125 0.2761458328125 0.9077343750000001 0.2761458328125 0.9077343750000001 0.2972916671875 0.962578125 0.2972916671875