0 0.5019270828125 0.3650925921875 0.5019270828125 0.5896296296875 0.5573958328125 0.5896296296875 0.5573958328125 0.3650925921875 0.5019270828125 0.3650925921875
1 0.9960416671875001 0.119259259375 0.9960416671875001 0.00944444375 0.765 0.00944444375 0.765 0.119259259375 0.9960416671875001 0.119259259375
1 0.9408333328125 0.2090740734375 0.9408333328125 0.0676851859375 0.69015625 0.0676851859375 0.69015625 0.2090740734375 0.9408333328125 0.2090740734375
1 0.9053125 0.28055555625 0.9053125 0.180740740625 0.621875 0.180740740625 0.621875 0.28055555625 0.9053125 0.28055555625
1 0.7603125000000001 0.3570370375 0.7603125000000001 0.272222221875 0.5769791671875 0.272222221875 0.5769791671875 0.3570370375 0.7603125000000001 0.3570370375
1 0.6680729171875 0.3845370375 0.6680729171875 0.328703703125 0.55984375 0.328703703125 0.55984375 0.3845370375 0.6680729171875 0.3845370375
1 0.6080208328125 0.20268518593749998 0.6080208328125 0.1650925921875 0.5359895828125001 0.1650925921875 0.5359895828125001 0.20268518593749998 0.6080208328125 0.20268518593749998
1 0.5327604171875 0.12759259218750002 0.5327604171875 0.174722221875 0.6220833328125 0.174722221875 0.6220833328125 0.12759259218750002 0.5327604171875 0.12759259218750002
1 0.2384895828125 0.543703703125 0.2384895828125 0.43194444374999996 0.1486458328125 0.43194444374999996 0.1486458328125 0.543703703125 0.2384895828125 0.543703703125
1 0.0151041671875 0.3700925921875 0.0151041671875 0.5376851859375 0.14640625000000002 0.5376851859375 0.14640625000000002 0.3700925921875 0.0151041671875 0.3700925921875
1 0.00453125 0.0188888890625 0.00453125 0.2009259265625 0.1465104171875 0.2009259265625 0.1465104171875 0.0188888890625 0.00453125 0.0188888890625
1 0.2303125 0.2423148140625 0.2303125 0.11814814843749999 0.1418229171875 0.11814814843749999 0.1418229171875 0.2423148140625 0.2303125 0.2423148140625
1 0.25593750000000004 0.9945370375 0.25593750000000004 0.84601851875 0.1158333328125 0.84601851875 0.1158333328125 0.9945370375 0.25593750000000004 0.9945370375
1 0.9683854171874999 0.9956481484375 0.9683854171874999 0.86601851875 0.7597395828125 0.86601851875 0.7597395828125 0.9956481484375 0.9683854171874999 0.9956481484375
1 0.9225520828124999 0.9375 0.9225520828124999 0.7778703703125001 0.6989583328125 0.7778703703125001 0.6989583328125 0.9375 0.9225520828124999 0.9375
1 0.6634375 0.7512037031250001 0.6634375 0.8543518515624999 0.71296875 0.8543518515624999 0.71296875 0.7512037031250001 0.6634375 0.7512037031250001
1 0.9271874999999999 0.8709259265625 0.9271874999999999 0.726296296875 0.7027083328125 0.726296296875 0.7027083328125 0.8709259265625 0.9271874999999999 0.8709259265625
1 0.6840104171875 0.7949074078125 0.6840104171875 0.7000925921875 0.6184895828125 0.7000925921875 0.6184895828125 0.7949074078125 0.6840104171875 0.7949074078125
1 0.5999479171875 0.6613888890624999 0.5999479171875 0.7104629625000001 0.6416666671875 0.7104629625000001 0.6416666671875 0.6613888890624999 0.5999479171875 0.6613888890624999
1 0.5858854171875 0.6401851859375001 0.5858854171875 0.6835185187499999 0.6069791671875 0.6835185187499999 0.6069791671875 0.6401851859375001 0.5858854171875 0.6401851859375001
1 0.5772395828125 0.628703703125 0.5772395828125 0.6738888890625 0.59453125 0.6738888890625 0.59453125 0.628703703125 0.5772395828125 0.628703703125
1 0.5680208328125 0.6190740734375 0.5680208328125 0.6546296296875 0.5772395828125 0.6546296296875 0.5772395828125 0.6190740734375 0.5680208328125 0.6190740734375
1 0.56046875 0.6065740734375 0.56046875 0.641203703125 0.5745312499999999 0.641203703125 0.5745312499999999 0.6065740734375 0.56046875 0.6065740734375
1 0.5404166671875 0.595 0.5404166671875 0.614259259375 0.5598958328125 0.614259259375 0.5598958328125 0.595 0.5404166671875 0.595
1 0.8938541671875001 0.383240740625 0.8938541671875001 0.3438888890625 0.8419270828125001 0.3438888890625 0.8419270828125001 0.383240740625 0.8938541671875001 0.383240740625
1 0.8451562499999999 0.4050925921875 0.8451562499999999 0.342777778125 0.8198437500000001 0.342777778125 0.8198437500000001 0.4050925921875 0.8451562499999999 0.4050925921875
1 0.8217708328125 0.40055555624999994 0.8217708328125 0.36583333281249997 0.7996875 0.36583333281249997 0.7996875 0.40055555624999994 0.8217708328125 0.40055555624999994
1 0.79515625 0.406296296875 0.79515625 0.372777778125 0.7782291671875 0.372777778125 0.7782291671875 0.406296296875 0.79515625 0.406296296875
1 0.77890625 0.4166666671875 0.77890625 0.383240740625 0.7522395828125 0.383240740625 0.7522395828125 0.4166666671875 0.77890625 0.4166666671875