1 0.995390625 0.9398611109375 0.995390625 0.68444444375 0.8416406249999999 0.68444444375 0.8416406249999999 0.9398611109375 0.995390625 0.9398611109375
1 0.598046875 0.5926388890625 0.598046875 0.50680555625 0.45437500000000003 0.50680555625 0.45437500000000003 0.5926388890625 0.598046875 0.5926388890625
1 0.45390625 0.53625 0.45390625 0.4923611109375 0.403203125 0.4923611109375 0.403203125 0.53625 0.45390625 0.53625
1 0.41421875 0.5236111109375 0.41421875 0.48319444375 0.361640625 0.48319444375 0.361640625 0.5236111109375 0.41421875 0.5236111109375
0 0.41640625 0.5501388890625 0.41640625 0.23152777812499997 0.320078125 0.23152777812499997 0.320078125 0.5501388890625 0.41640625 0.5501388890625
1 0.329765625 0.495277778125 0.329765625 0.4683333328125 0.287578125 0.4683333328125 0.287578125 0.495277778125 0.329765625 0.495277778125
1 0.28976562499999997 0.5048611109375 0.28976562499999997 0.4654166671875 0.25453125 0.4654166671875 0.25453125 0.5048611109375 0.28976562499999997 0.5048611109375
1 0.255078125 0.507777778125 0.255078125 0.47597222187500005 0.210703125 0.47597222187500005 0.210703125 0.507777778125 0.255078125 0.507777778125
1 0.03765625 0.2416666671875 0.03765625 0.29819444375000004 0.163671875 0.29819444375000004 0.163671875 0.2416666671875 0.03765625 0.2416666671875
1 0.154609375 0.28319444374999997 0.154609375 0.21625 0.05 0.21625 0.05 0.28319444374999997 0.154609375 0.28319444374999997
1 0.11109374999999999 0.21861111093750002 0.11109374999999999 0.11694444374999999 0.0078125 0.11694444374999999 0.0078125 0.21861111093750002 0.11109374999999999 0.21861111093750002
1 0.1409375 0.259027778125 0.1409375 0.16999999999999998 0.01234375 0.16999999999999998 0.01234375 0.259027778125 0.1409375 0.259027778125
1 0.09406250000000001 0.12361111093749999 0.09406250000000001 0.0473611109375 0.013515625 0.0473611109375 0.013515625 0.12361111093749999 0.09406250000000001 0.12361111093749999
1 0.141484375 0.0045833328125 0.141484375 0.0461111109375 0.18171874999999998 0.0461111109375 0.18171874999999998 0.0045833328125 0.141484375 0.0045833328125
1 0.5939062500000001 0.07875 0.5939062500000001 0.0025 0.419140625 0.0025 0.419140625 0.07875 0.5939062500000001 0.07875
1 0.571171875 0.120277778125 0.571171875 0.0429166671875 0.39187500000000003 0.0429166671875 0.39187500000000003 0.120277778125 0.571171875 0.120277778125
1 0.39578125000000003 0.019722221875 0.39578125000000003 0.07986111093750001 0.430859375 0.07986111093750001 0.430859375 0.019722221875 0.39578125000000003 0.019722221875
1 0.425 0.05444444375 0.425 0.00125 0.39445312499999996 0.00125 0.39445312499999996 0.05444444375 0.425 0.05444444375
1 0.5171875 0.16055555625 0.5171875 0.0916666671875 0.37421875 0.0916666671875 0.37421875 0.16055555625 0.5171875 0.16055555625
1 0.40171875 0.12847222187500001 0.40171875 0.074027778125 0.372421875 0.074027778125 0.372421875 0.12847222187500001 0.40171875 0.12847222187500001
1 0.371484375 0.0595833328125 0.371484375 0.10124999999999999 0.39765625 0.10124999999999999 0.39765625 0.0595833328125 0.371484375 0.0595833328125
1 0.39632812500000003 0.09 0.39632812500000003 0.0354166671875 0.37515624999999997 0.0354166671875 0.37515624999999997 0.09 0.39632812500000003 0.09
1 0.375546875 0.008194443749999999 0.375546875 0.0595833328125 0.39632812500000003 0.0595833328125 0.39632812500000003 0.008194443749999999 0.375546875 0.008194443749999999
1 0.396796875 0.0338888890625 0.396796875 0.0001388890625 0.37421875 0.0001388890625 0.37421875 0.0338888890625 0.396796875 0.0338888890625
1 0.47843749999999996 0.19430555625 0.47843749999999996 0.14375 0.3625 0.14375 0.3625 0.19430555625 0.47843749999999996 0.19430555625
1 0.37921875 0.15972222187500001 0.37921875 0.12847222187500001 0.36335937500000004 0.12847222187500001 0.36335937500000004 0.15972222187500001 0.37921875 0.15972222187500001
1 0.36203124999999997 0.1004166671875 0.36203124999999997 0.14208333281250002 0.380078125 0.14208333281250002 0.380078125 0.1004166671875 0.36203124999999997 0.1004166671875
1 0.376015625 0.11888888906249999 0.376015625 0.0836111109375 0.36117187500000003 0.0836111109375 0.36117187500000003 0.11888888906249999 0.376015625 0.11888888906249999
1 0.3615625 0.053055556250000004 0.3615625 0.09319444375 0.380546875 0.09319444375 0.380546875 0.053055556250000004 0.3615625 0.053055556250000004
1 0.37921875 0.0723611109375 0.37921875 0.032222221875 0.360703125 0.032222221875 0.360703125 0.0723611109375 0.37921875 0.0723611109375
1 0.360703125 0.0001388890625 0.360703125 0.04194444375 0.375546875 0.04194444375 0.375546875 0.0001388890625 0.360703125 0.0001388890625
1 0.46492187500000004 0.22472222187500002 0.46492187500000004 0.1870833328125 0.352109375 0.1870833328125 0.352109375 0.22472222187500002 0.46492187500000004 0.22472222187500002
1 0.356640625 0.24638888906249998 0.356640625 0.20555555625 0.33859374999999997 0.20555555625 0.33859374999999997 0.24638888906249998 0.356640625 0.24638888906249998
1 0.338125 0.18625 0.338125 0.21833333281249998 0.35164062500000004 0.21833333281249998 0.35164062500000004 0.18625 0.338125 0.18625
1 0.3471875 0.15652777812500002 0.3471875 0.202222221875 0.36703125000000003 0.202222221875 0.36703125000000003 0.15652777812500002 0.3471875 0.15652777812500002