0 0.8637499999999999 0.0008750000000000001 0.8637499999999999 0.5365 0.996875 0.5365 0.996875 0.0008750000000000001 0.8637499999999999 0.0008750000000000001
1 0.499140625 0.9958750000000001 0.499140625 0.8005000000000001 0.31953125 0.8005000000000001 0.31953125 0.9958750000000001 0.499140625 0.9958750000000001
1 0.31234375000000003 0.7085 0.31234375000000003 0.94425 0.49734375000000003 0.94425 0.49734375000000003 0.7085 0.31234375000000003 0.7085
1 0.49195312500000005 0.8321249999999999 0.49195312500000005 0.645375 0.317734375 0.645375 0.317734375 0.8321249999999999 0.49195312500000005 0.8321249999999999
1 0.3159375 0.559125 0.3159375 0.734375 0.49195312500000005 0.734375 0.49195312500000005 0.559125 0.3159375 0.559125
1 0.49734375000000003 0.6195 0.49734375000000003 0.48724999999999996 0.31953125 0.48724999999999996 0.31953125 0.6195 0.49734375000000003 0.6195
1 0.31234375000000003 0.395375 0.31234375000000003 0.536125 0.517109375 0.536125 0.517109375 0.395375 0.31234375000000003 0.395375
1 0.321328125 0.266 0.321328125 0.39825 0.5135156249999999 0.39825 0.5135156249999999 0.266 0.321328125 0.266
1 0.50453125 0.31775000000000003 0.50453125 0.17975000000000002 0.317734375 0.17975000000000002 0.317734375 0.31775000000000003 0.50453125 0.31775000000000003
1 0.317734375 0.041875 0.317734375 0.24874999999999997 0.502734375 0.24874999999999997 0.502734375 0.041875 0.317734375 0.041875
1 0.5009375 0.14250000000000002 0.5009375 0.0045 0.31953125 0.0045 0.31953125 0.14250000000000002 0.5009375 0.14250000000000002
1 0.60875 0.10800000000000001 0.60875 0.013125000000000001 0.50453125 0.013125000000000001 0.50453125 0.10800000000000001 0.60875 0.10800000000000001
1 0.506328125 0.076375 0.506328125 0.205625 0.6194531249999999 0.205625 0.6194531249999999 0.076375 0.506328125 0.076375
1 0.61234375 0.263125 0.61234375 0.15687500000000001 0.49734375000000003 0.15687500000000001 0.49734375000000003 0.263125 0.61234375 0.263125
1 0.61234375 0.32925 0.61234375 0.228625 0.49734375000000003 0.228625 0.49734375000000003 0.32925 0.61234375 0.32925
1 0.6033593749999999 0.395375 0.6033593749999999 0.312 0.499140625 0.312 0.499140625 0.395375 0.6033593749999999 0.395375
1 0.615859375 0.46712499999999996 0.615859375 0.37525 0.50453125 0.37525 0.50453125 0.46712499999999996 0.615859375 0.46712499999999996
1 0.61234375 0.536125 0.61234375 0.42699999999999994 0.50453125 0.42699999999999994 0.50453125 0.536125 0.61234375 0.536125
1 0.6015625 0.610875 0.6015625 0.5131249999999999 0.49734375000000003 0.5131249999999999 0.49734375000000003 0.610875 0.6015625 0.610875
1 0.610546875 0.7315 0.610546875 0.57925 0.49015624999999996 0.57925 0.49015624999999996 0.7315 0.610546875 0.7315
1 0.6212500000000001 0.7545 0.6212500000000001 0.6511250000000001 0.48296875000000006 0.6511250000000001 0.48296875000000006 0.7545 0.6212500000000001 0.7545
1 0.6212500000000001 0.843625 0.6212500000000001 0.68275 0.48296875000000006 0.68275 0.48296875000000006 0.843625 0.6212500000000001 0.843625
1 0.6684375 0.70975 0.6684375 0.629875 0.616015625 0.629875 0.616015625 0.70975 0.6684375 0.70975
1 0.59609375 0.5780000000000001 0.59609375 0.659875 0.6771874999999999 0.659875 0.6771874999999999 0.5780000000000001 0.59609375 0.5780000000000001
1 0.6746875 0.596 0.6746875 0.540125 0.61234375 0.540125 0.61234375 0.596 0.6746875 0.596
1 0.613515625 0.48425 0.613515625 0.548125 0.6771874999999999 0.548125 0.6771874999999999 0.48425 0.613515625 0.48425
1 0.6746875 0.49625 0.6746875 0.42837500000000006 0.613515625 0.42837500000000006 0.613515625 0.49625 0.6746875 0.49625
1 0.613515625 0.3785 0.613515625 0.44837499999999997 0.6771874999999999 0.44837499999999997 0.6771874999999999 0.3785 0.613515625 0.3785
1 0.59484375 0.336625 0.59484375 0.38849999999999996 0.6759375000000001 0.38849999999999996 0.6759375000000001 0.336625 0.59484375 0.336625
1 0.59984375 0.27275 0.59984375 0.344625 0.6896093750000001 0.344625 0.6896093750000001 0.27275 0.59984375 0.27275
1 0.60234375 0.204875 0.60234375 0.290625 0.684609375 0.290625 0.684609375 0.204875 0.60234375 0.204875
1 0.6858593749999999 0.23675000000000002 0.6858593749999999 0.16499999999999998 0.622265625 0.16499999999999998 0.622265625 0.23675000000000002 0.6858593749999999 0.23675000000000002
1 0.613515625 0.077125 0.613515625 0.180875 0.693359375 0.180875 0.693359375 0.077125 0.613515625 0.077125
1 0.603515625 0.035375000000000004 0.603515625 0.1335 0.6897656249999999 0.1335 0.6897656249999999 0.035375000000000004 0.603515625 0.035375000000000004
1 0.685625 0.07525 0.685625 0.012125 0.608671875 0.012125 0.608671875 0.07525 0.685625 0.07525
1 0.666875 0.052000000000000005 0.666875 0.12350000000000001 0.7115625 0.12350000000000001 0.7115625 0.052000000000000005 0.666875 0.052000000000000005
1 0.7178125 0.18175 0.7178125 0.10687500000000001 0.67109375 0.10687500000000001 0.67109375 0.18175 0.7178125 0.18175
1 0.680390625 0.15175 0.680390625 0.22162500000000002 0.716796875 0.22162500000000002 0.716796875 0.15175 0.680390625 0.15175
1 0.7115625 0.254875 0.7115625 0.19 0.6814843749999999 0.19 0.6814843749999999 0.254875 0.7115625 0.254875
1 0.66484375 0.24162499999999998 0.66484375 0.3015 0.7053906249999999 0.3015 0.7053906249999999 0.24162499999999998 0.66484375 0.24162499999999998
1 0.70640625 0.33799999999999997 0.70640625 0.29312499999999997 0.673125 0.29312499999999997 0.673125 0.33799999999999997 0.70640625 0.33799999999999997
1 0.710546875 0.388 0.710546875 0.33799999999999997 0.668984375 0.33799999999999997 0.668984375 0.388 0.710546875 0.388
1 0.713671875 0.4245 0.713671875 0.368 0.66484375 0.368 0.66484375 0.4245 0.713671875 0.4245
1 0.713671875 0.47275 0.713671875 0.4245 0.67109375 0.4245 0.67109375 0.47275 0.713671875 0.47275
1 0.707890625 0.510875 0.707890625 0.469375 0.676796875 0.469375 0.676796875 0.510875 0.707890625 0.510875
1 0.7092968749999999 0.56175 0.7092968749999999 0.49474999999999997 0.66671875 0.49474999999999997 0.66671875 0.56175 0.7092968749999999 0.56175
1 0.71 0.60325 0.71 0.547875 0.6609375 0.547875 0.6609375 0.60325 0.71 0.60325
1 0.7114843750000001 0.64025 0.7114843750000001 0.594125 0.66890625 0.594125 0.66890625 0.64025 0.7114843750000001 0.64025
1 0.6969531250000001 0.0052499999999999995 0.6969531250000001 0.06675 0.75828125 0.06675 0.75828125 0.0052499999999999995 0.6969531250000001 0.0052499999999999995
1 0.70421875 0.13799999999999998 0.70421875 0.20024999999999998 0.7561718749999999 0.20024999999999998 0.7561718749999999 0.13799999999999998 0.70421875 0.13799999999999998
1 0.75328125 0.15525 0.75328125 0.092875 0.7092968749999999 0.092875 0.7092968749999999 0.15525 0.75328125 0.15525
1 0.699921875 0.18525 0.699921875 0.23725000000000002 0.751171875 0.23725000000000002 0.751171875 0.18525 0.699921875 0.18525
1 0.7590625 0.2765 0.7590625 0.22225 0.7006249999999999 0.22225 0.7006249999999999 0.2765 0.7590625 0.2765
1 0.71 0.256875 0.71 0.31575000000000003 0.7540625000000001 0.31575000000000003 0.7540625000000001 0.256875 0.71 0.256875
1 0.7590625 0.33999999999999997 0.7590625 0.2985 0.6984375 0.2985 0.6984375 0.33999999999999997 0.7590625 0.33999999999999997
1 0.7583593750000001 0.38849999999999996 0.7583593750000001 0.33999999999999997 0.70421875 0.33999999999999997 0.70421875 0.38849999999999996 0.7583593750000001 0.38849999999999996
1 0.74390625 0.43125 0.74390625 0.378125 0.7028125000000001 0.378125 0.7028125000000001 0.43125 0.74390625 0.43125
1 0.745390625 0.47175 0.745390625 0.420875 0.71 0.420875 0.71 0.47175 0.745390625 0.47175
1 0.7399218750000001 0.49850000000000005 0.7399218750000001 0.4505 0.70078125 0.4505 0.70078125 0.49850000000000005 0.7399218750000001 0.49850000000000005
1 0.7453125 0.541875 0.7453125 0.476375 0.70140625 0.476375 0.70140625 0.541875 0.7453125 0.541875
1 0.743515625 0.57075 0.743515625 0.5197499999999999 0.70078125 0.5197499999999999 0.70078125 0.57075 0.743515625 0.57075
1 0.7405468749999999 0.605375 0.7405468749999999 0.548625 0.70140625 0.548625 0.70140625 0.605375 0.7405468749999999 0.605375
1 0.7657812500000001 0.57175 0.7657812500000001 0.53125 0.738671875 0.53125 0.738671875 0.57175 0.7657812500000001 0.57175
1 0.73390625 0.50725 0.73390625 0.54 0.766953125 0.54 0.766953125 0.50725 0.73390625 0.50725
1 0.7693749999999999 0.5081249999999999 0.7693749999999999 0.47450000000000003 0.74109375 0.47450000000000003 0.74109375 0.5081249999999999 0.7693749999999999 0.5081249999999999
1 0.7405468749999999 0.445625 0.7405468749999999 0.477375 0.7735937500000001 0.477375 0.7735937500000001 0.445625 0.7405468749999999 0.445625
1 0.7693749999999999 0.463875 0.7693749999999999 0.414875 0.74109375 0.414875 0.74109375 0.463875 0.7693749999999999 0.463875
1 0.77796875 0.41550000000000004 0.77796875 0.38325 0.746953125 0.38325 0.746953125 0.41550000000000004 0.77796875 0.41550000000000004
1 0.7498437499999999 0.341 0.7498437499999999 0.373375 0.77796875 0.373375 0.77796875 0.341 0.7498437499999999 0.341
1 0.7505468750000001 0.318 0.7505468750000001 0.3445 0.7678906249999999 0.3445 0.7678906249999999 0.318 0.7505468750000001 0.318
1 0.754921875 0.28450000000000003 0.754921875 0.3225 0.7765625 0.3225 0.7765625 0.28450000000000003 0.754921875 0.28450000000000003
1 0.756328125 0.240625 0.756328125 0.279875 0.777265625 0.279875 0.777265625 0.240625 0.756328125 0.240625
1 0.7498437499999999 0.20475 0.7498437499999999 0.244 0.77796875 0.244 0.77796875 0.20475 0.7498437499999999 0.20475
1 0.0044531250000000005 0.010624999999999999 0.0044531250000000005 0.148625 0.320546875 0.148625 0.320546875 0.010624999999999999 0.0044531250000000005 0.010624999999999999
1 0.3259375 0.29512499999999997 0.3259375 0.042249999999999996 0.0008593750000000001 0.042249999999999996 0.0008593750000000001 0.29512499999999997 0.3259375 0.29512499999999997
1 0.309765625 0.43025 0.309765625 0.22912499999999997 0.0044531250000000005 0.22912499999999997 0.0044531250000000005 0.43025 0.309765625 0.43025
1 0.3115625 0.631375 0.3115625 0.38425 0.008046875 0.38425 0.008046875 0.631375 0.3115625 0.631375
1 0.320546875 0.8095000000000001 0.320546875 0.5135 0.0008593750000000001 0.5135 0.0008593750000000001 0.8095000000000001 0.320546875 0.8095000000000001
1 0.313359375 0.9561249999999999 0.313359375 0.6371249999999999 0.0044531250000000005 0.6371249999999999 0.0044531250000000005 0.9561249999999999 0.313359375 0.9561249999999999
1 0.3259375 0.9935 0.3259375 0.76925 0.00625 0.76925 0.00625 0.9935 0.3259375 0.9935