1 0.7681770828125 0.326759259375 0.7681770828125 0.2893518515625 0.6707291671875 0.2893518515625 0.6707291671875 0.326759259375 0.7681770828125 0.326759259375
1 0.7416666671875001 0.396296296875 0.7416666671875001 0.3601851859375 0.6870833328125 0.3601851859375 0.6870833328125 0.396296296875 0.7416666671875001 0.396296296875
1 0.7926562500000001 0.384259259375 0.7926562500000001 0.34500000000000003 0.73625 0.34500000000000003 0.73625 0.384259259375 0.7926562500000001 0.384259259375
1 0.8639583328124999 0.3200925921875 0.8639583328124999 0.271203703125 0.78859375 0.271203703125 0.78859375 0.3200925921875 0.8639583328124999 0.3200925921875
1 0.8560416671875 0.3920370375 0.8560416671875 0.34546296249999997 0.7811979171875 0.34546296249999997 0.7811979171875 0.3920370375 0.8560416671875 0.3920370375
1 0.2504166671875 0.3898148140625 0.2504166671875 0.3274074078125 0.1436458328125 0.3274074078125 0.1436458328125 0.3898148140625 0.2504166671875 0.3898148140625
1 0.1506770828125 0.3898148140625 0.1506770828125 0.3426851859375 0.05791666718750001 0.3426851859375 0.05791666718750001 0.3898148140625 0.1506770828125 0.3898148140625
1 0.06255208281249999 0.3966666671875 0.06255208281249999 0.3468518515625 0.0088020828125 0.3468518515625 0.0088020828125 0.3966666671875 0.06255208281249999 0.3966666671875
1 0.2676041671875 0.7306481484375 0.2676041671875 0.67805555625 0.1522395828125 0.67805555625 0.1522395828125 0.7306481484375 0.2676041671875 0.7306481484375
1 0.15921875000000002 0.590740740625 0.15921875000000002 0.5491666671875 0.0953125 0.5491666671875 0.0953125 0.590740740625 0.15921875000000002 0.590740740625
1 0.1069791671875 0.7528703703125 0.1069791671875 0.6862962968749999 0.0103645828125 0.6862962968749999 0.0103645828125 0.7528703703125 0.1069791671875 0.7528703703125
0 0.3213541671875 0.28305555625 0.3213541671875 0.6295370375 0.41177083281250004 0.6295370375 0.41177083281250004 0.28305555625 0.3213541671875 0.28305555625
1 0.3294270828125 0.3321296296875 0.3294270828125 0.28398148125 0.29109375000000004 0.28398148125 0.29109375000000004 0.3321296296875 0.3294270828125 0.3321296296875
1 0.3290104171875 0.4556481484375 0.3290104171875 0.42351851875 0.30281250000000004 0.42351851875 0.30281250000000004 0.4556481484375 0.3290104171875 0.4556481484375
0 0.9963541671874999 0.99055555625 0.9963541671874999 0.3353703703125 0.6148958328125 0.3353703703125 0.6148958328125 0.99055555625 0.9963541671874999 0.99055555625
0 0.5411458328125 0.44944444375000003 0.5411458328125 0.6975 0.6502604171875 0.6975 0.6502604171875 0.44944444375000003 0.5411458328125 0.44944444375000003