1 0.612890625 0.88275 0.612890625 0.680625 0.301640625 0.680625 0.301640625 0.88275 0.612890625 0.88275
1 0.36375 0.827375 0.36375 0.673375 0.19132812500000002 0.673375 0.19132812500000002 0.827375 0.36375 0.827375
1 0.7153125 0.6769999999999999 0.7153125 0.5846250000000001 0.54390625 0.5846250000000001 0.54390625 0.6769999999999999 0.7153125 0.6769999999999999
1 0.757421875 0.6327499999999999 0.757421875 0.5615 0.705703125 0.5615 0.705703125 0.6327499999999999 0.757421875 0.6327499999999999
1 0.7875 0.603875 0.7875 0.54225 0.739375 0.54225 0.739375 0.603875 0.7875 0.603875
1 0.80859375 0.56925 0.80859375 0.5153749999999999 0.777265625 0.5153749999999999 0.777265625 0.56925 0.80859375 0.56925
1 0.833203125 0.551875 0.833203125 0.508625 0.79109375 0.508625 0.79109375 0.551875 0.833203125 0.551875
1 0.856640625 0.523 0.856640625 0.48262499999999997 0.8271875 0.48262499999999997 0.8271875 0.523 0.856640625 0.523
0 0.909765625 0.24300000000000002 0.909765625 0.474125 0.9690625 0.474125 0.9690625 0.24300000000000002 0.909765625 0.24300000000000002
1 0.770859375 0.08987500000000001 0.770859375 0.002 0.539921875 0.002 0.539921875 0.08987500000000001 0.770859375 0.08987500000000001
1 0.60703125 0.152125 0.60703125 0.049375 0.458359375 0.049375 0.458359375 0.152125 0.60703125 0.152125
1 0.42585937500000004 0.173 0.42585937500000004 0.222625 0.47203125 0.222625 0.47203125 0.173 0.42585937500000004 0.173
1 0.23890625000000001 0.002 0.23890625000000001 0.076 0.473515625 0.076 0.473515625 0.002 0.23890625000000001 0.002
1 0.59421875 0.2575 0.59421875 0.22625 0.540546875 0.22625 0.540546875 0.2575 0.59421875 0.2575
1 0.80390625 0.12237499999999998 0.80390625 0.029875000000000002 0.621015625 0.029875000000000002 0.621015625 0.12237499999999998 0.80390625 0.12237499999999998
1 0.9996875 0.405875 0.9996875 0.390875 0.9864843750000001 0.390875 0.9864843750000001 0.405875 0.9996875 0.405875
1 0.969765625 0.389125 0.969765625 0.40700000000000003 0.984375 0.40700000000000003 0.984375 0.389125 0.969765625 0.389125