1 0.46507812499999995 0.9957499999999999 0.46507812499999995 0.881 0.309140625 0.881 0.309140625 0.9957499999999999 0.46507812499999995 0.9957499999999999
1 0.6116406249999999 0.906 0.6116406249999999 0.713125 0.45984375 0.713125 0.45984375 0.906 0.6116406249999999 0.906
1 0.69265625 0.8012499999999999 0.69265625 0.63325 0.58046875 0.63325 0.58046875 0.8012499999999999 0.69265625 0.8012499999999999
1 0.7446875000000001 0.69475 0.7446875000000001 0.603375 0.683359375 0.603375 0.683359375 0.69475 0.7446875000000001 0.69475
1 0.78828125 0.641625 0.78828125 0.573375 0.7353125 0.573375 0.7353125 0.641625 0.78828125 0.641625
1 0.81328125 0.6016250000000001 0.81328125 0.5485 0.78 0.5485 0.78 0.6016250000000001 0.81328125 0.6016250000000001
1 0.838828125 0.5746249999999999 0.838828125 0.5389999999999999 0.80640625 0.5389999999999999 0.80640625 0.5746249999999999 0.838828125 0.5746249999999999
1 0.690390625 0.21200000000000002 0.690390625 0.143875 0.606640625 0.143875 0.606640625 0.21200000000000002 0.690390625 0.21200000000000002
1 0.614609375 0.11725000000000001 0.614609375 0.170375 0.660078125 0.170375 0.660078125 0.11725000000000001 0.614609375 0.11725000000000001
1 0.8345312500000001 0.12237499999999998 0.8345312500000001 0.024 0.6283593749999999 0.024 0.6283593749999999 0.12237499999999998 0.8345312500000001 0.12237499999999998
1 0.8846875000000001 0.192125 0.8846875000000001 0.130375 0.7423437500000001 0.130375 0.7423437500000001 0.192125 0.8846875000000001 0.192125
1 0.90171875 0.20425 0.90171875 0.168125 0.78390625 0.168125 0.78390625 0.20425 0.90171875 0.20425