1 0.778515625 0.2214583328125 0.778515625 0.1660416671875 0.6912499999999999 0.1660416671875 0.6912499999999999 0.2214583328125 0.778515625 0.2214583328125
1 0.774375 0.1521875 0.774375 0.1964583328125 0.85859375 0.1964583328125 0.85859375 0.1521875 0.774375 0.1521875
1 0.694375 0.24635416718749997 0.694375 0.1992708328125 0.6278125 0.1992708328125 0.6278125 0.24635416718749997 0.694375 0.24635416718749997
1 0.55921875 0.2575 0.55921875 0.20895833281249998 0.504140625 0.20895833281249998 0.504140625 0.2575 0.55921875 0.2575
1 0.5125 0.2671875 0.5125 0.2297916671875 0.454296875 0.2297916671875 0.454296875 0.2671875 0.5125 0.2671875
1 0.318046875 0.11239583281250001 0.318046875 0.0142708328125 0.038671875 0.0142708328125 0.038671875 0.11239583281250001 0.318046875 0.11239583281250001
1 0.21578124999999998 0.1739583328125 0.21578124999999998 0.10739583281250001 0.00625 0.10739583281250001 0.00625 0.1739583328125 0.21578124999999998 0.1739583328125
1 0.0005468749999999999 0.5647916671875 0.0005468749999999999 0.6247916671875 0.013515625 0.6247916671875 0.013515625 0.5647916671875 0.0005468749999999999 0.5647916671875
1 0.045546875 0.6652083328125 0.045546875 0.5866666671874999 0.006562500000000001 0.5866666671874999 0.006562500000000001 0.6652083328125 0.045546875 0.6652083328125
1 0.110546875 0.6940625 0.110546875 0.6063541671875 0.043828125 0.6063541671875 0.043828125 0.6940625 0.110546875 0.6940625
1 0.161640625 0.7634375 0.161640625 0.6467708328125 0.06804687499999999 0.6467708328125 0.06804687499999999 0.7634375 0.161640625 0.7634375
1 0.54015625 0.835 0.54015625 0.660625 0.133046875 0.660625 0.133046875 0.835 0.54015625 0.835
1 0.5647656249999999 0.1380208328125 0.5647656249999999 0.0341666671875 0.356875 0.0341666671875 0.356875 0.1380208328125 0.5647656249999999 0.1380208328125
1 0.402734375 0.0029166671875000003 0.402734375 0.10458333281250001 0.66171875 0.10458333281250001 0.66171875 0.0029166671875000003 0.402734375 0.0029166671875000003