1 0.8618750000000001 0.291875 0.8618750000000001 0.321 0.9546093750000001 0.321 0.9546093750000001 0.291875 0.8618750000000001 0.291875
1 0.945078125 0.352875 0.945078125 0.3085 0.86453125 0.3085 0.86453125 0.352875 0.945078125 0.352875
1 0.999609375 0.352875 0.999609375 0.321 0.945078125 0.321 0.945078125 0.352875 0.999609375 0.352875
1 0.56484375 0.059 0.56484375 0.1325 0.7986718749999999 0.1325 0.7986718749999999 0.059 0.56484375 0.059
1 0.562265625 0.027125 0.562265625 0.106125 0.776171875 0.106125 0.776171875 0.027125 0.562265625 0.027125
1 0.544921875 0.00225 0.544921875 0.061875 0.766640625 0.061875 0.766640625 0.00225 0.544921875 0.00225
1 0.7484375 0.0008750000000000001 0.7484375 0.027125 0.774453125 0.027125 0.774453125 0.0008750000000000001 0.7484375 0.0008750000000000001
1 0.7128125 0.151 0.7128125 0.199125 0.8439062500000001 0.199125 0.8439062500000001 0.151 0.7128125 0.151
1 0.799453125 0.55175 0.799453125 0.505625 0.77125 0.505625 0.77125 0.55175 0.799453125 0.55175
1 0.777265625 0.568125 0.777265625 0.51425 0.7514062499999999 0.51425 0.7514062499999999 0.568125 0.777265625 0.568125
1 0.757421875 0.596 0.757421875 0.52 0.545703125 0.52 0.545703125 0.596 0.757421875 0.596
1 0.815703125 0.523875 0.815703125 0.48925 0.797109375 0.48925 0.797109375 0.523875 0.815703125 0.523875
1 0.812109375 0.48150000000000004 0.812109375 0.516125 0.836171875 0.516125 0.836171875 0.48150000000000004 0.812109375 0.48150000000000004
1 0.932421875 0.496 0.932421875 0.453625 0.859609375 0.453625 0.859609375 0.496 0.932421875 0.496
1 0.99921875 0.49887499999999996 0.99921875 0.4545 0.9252343749999999 0.4545 0.9252343749999999 0.49887499999999996 0.99921875 0.49887499999999996
1 0.509296875 0.92175 0.509296875 0.6917500000000001 0.33171875 0.6917500000000001 0.33171875 0.92175 0.509296875 0.92175
1 0.35078125 0.998625 0.35078125 0.792875 0.0025781249999999997 0.792875 0.0025781249999999997 0.998625 0.35078125 0.998625