1 0.954375 0.1863541671875 0.954375 0.1157291671875 0.86296875 0.1157291671875 0.86296875 0.1863541671875 0.954375 0.1863541671875
1 0.94921875 0.1129166671875 0.94921875 0.1669791671875 0.9960156250000001 0.1669791671875 0.9960156250000001 0.1129166671875 0.94921875 0.1129166671875
1 0.8453125 0.21135416718750002 0.8453125 0.14895833281249998 0.763203125 0.14895833281249998 0.763203125 0.21135416718750002 0.8453125 0.21135416718750002
1 0.76625 0.2265625 0.76625 0.16 0.676875 0.16 0.676875 0.2265625 0.76625 0.2265625
1 0.6810937499999999 0.2472916671875 0.6810937499999999 0.1905208328125 0.6051562500000001 0.1905208328125 0.6051562500000001 0.2472916671875 0.6810937499999999 0.2472916671875
1 0.592734375 0.2709375 0.592734375 0.2252083328125 0.493984375 0.2252083328125 0.493984375 0.2709375 0.592734375 0.2709375
1 0.45968749999999997 0.28479166718750004 0.45968749999999997 0.2501041671875 0.39421875 0.2501041671875 0.39421875 0.28479166718750004 0.45968749999999997 0.28479166718750004
1 0.393125 0.2861458328125 0.393125 0.25427083281249996 0.361953125 0.25427083281249996 0.361953125 0.2861458328125 0.393125 0.2861458328125
1 0.75671875 0.30822916718750004 0.75671875 0.2766666671875 0.685625 0.2766666671875 0.685625 0.30822916718750004 0.75671875 0.30822916718750004
1 0.47453124999999996 0.9420833328124999 0.47453124999999996 0.7466666671875 0.173125 0.7466666671875 0.173125 0.9420833328124999 0.47453124999999996 0.9420833328124999
1 0.19078124999999999 0.838125 0.19078124999999999 0.6954166671875 0.108671875 0.6954166671875 0.108671875 0.838125 0.19078124999999999 0.838125
1 0.14265624999999998 0.7447916671875 0.14265624999999998 0.6446875000000001 0.066171875 0.6446875000000001 0.066171875 0.7447916671875 0.14265624999999998 0.7447916671875
1 0.09718750000000001 0.69375 0.09718750000000001 0.6147916671875 0.041640625 0.6147916671875 0.041640625 0.69375 0.09718750000000001 0.69375
1 0.06281250000000001 0.6515625 0.06281250000000001 0.5938541671875 0.01015625 0.5938541671875 0.01015625 0.6515625 0.06281250000000001 0.6515625
1 0.002890625 0.5755208328125 0.002890625 0.6217708328125 0.0159375 0.6217708328125 0.0159375 0.5755208328125 0.002890625 0.5755208328125
1 0.063359375 0.0003125 0.063359375 0.0961458328125 0.388203125 0.0961458328125 0.388203125 0.0003125 0.063359375 0.0003125
1 0.26171875 0.14239583281249998 0.26171875 0.0441666671875 0.014921875000000001 0.0441666671875 0.014921875000000001 0.14239583281249998 0.26171875 0.14239583281249998
1 0.25390625 0.17010416718750002 0.25390625 0.0972916671875 0.008828125000000001 0.0972916671875 0.008828125000000001 0.17010416718750002 0.25390625 0.17010416718750002
1 0.45382812499999997 0.1913541671875 0.45382812499999997 0.1085416671875 0.24523437499999998 0.1085416671875 0.24523437499999998 0.1913541671875 0.45382812499999997 0.1913541671875
1 0.37734375 0.2211458328125 0.37734375 0.15375 0.191796875 0.15375 0.191796875 0.2211458328125 0.37734375 0.2211458328125