1 0.8412499999999999 0.174375 0.8412499999999999 0.12450000000000001 0.72609375 0.12450000000000001 0.72609375 0.174375 0.8412499999999999 0.174375
1 0.73125 0.174375 0.73125 0.12450000000000001 0.636015625 0.12450000000000001 0.636015625 0.174375 0.73125 0.174375
1 0.48703124999999997 0.18262499999999998 0.48703124999999997 0.15075 0.41335937500000003 0.15075 0.41335937500000003 0.18262499999999998 0.48703124999999997 0.18262499999999998
1 0.27218749999999997 0.1965 0.27218749999999997 0.16875 0.230625 0.16875 0.230625 0.1965 0.27218749999999997 0.1965
1 0.169140625 0.16599999999999998 0.169140625 0.197875 0.22976562500000003 0.197875 0.22976562500000003 0.16599999999999998 0.169140625 0.16599999999999998
1 0.16999999999999998 0.209 0.16999999999999998 0.170125 0.12671875 0.170125 0.12671875 0.209 0.16999999999999998 0.209
1 0.087734375 0.179875 0.087734375 0.207625 0.129296875 0.207625 0.129296875 0.179875 0.087734375 0.179875
1 0.08687500000000001 0.21037499999999998 0.08687500000000001 0.18125 0.040078125 0.18125 0.040078125 0.21037499999999998 0.08687500000000001 0.21037499999999998
1 0.001953125 0.1785 0.001953125 0.213125 0.040078125 0.213125 0.040078125 0.1785 0.001953125 0.1785
1 0.828515625 0.5425 0.828515625 0.477625 0.721484375 0.477625 0.721484375 0.5425 0.828515625 0.5425
1 0.9376562500000001 0.5575 0.9376562500000001 0.49762500000000004 0.825390625 0.49762500000000004 0.825390625 0.5575 0.9376562500000001 0.5575
1 0.996875 0.55575 0.996875 0.52425 0.929296875 0.52425 0.929296875 0.55575 0.996875 0.55575
1 0.5884375000000001 0.945 0.5884375000000001 0.668875 0.42734375 0.668875 0.42734375 0.945 0.5884375000000001 0.945
1 0.476171875 0.9981249999999999 0.476171875 0.8385 0.2765625 0.8385 0.2765625 0.9981249999999999 0.476171875 0.9981249999999999
1 0.72875 0.703875 0.72875 0.5823750000000001 0.45125000000000004 0.5823750000000001 0.45125000000000004 0.703875 0.72875 0.703875
1 0.005625 0.022625 0.005625 0.1125 0.110625 0.1125 0.110625 0.022625 0.005625 0.022625