1 0.1978125 0.40489583281249997 0.1978125 0.3547916671875 0.036796875 0.3547916671875 0.036796875 0.40489583281249997 0.1978125 0.40489583281249997
1 0.18265625000000002 0.42895833281250006 0.18265625000000002 0.3952083328125 0.033203125 0.3952083328125 0.033203125 0.42895833281250006 0.18265625000000002 0.42895833281250006
1 0.19273437499999999 0.46645833281250004 0.19273437499999999 0.4251041671875 0.049062499999999995 0.4251041671875 0.049062499999999995 0.46645833281250004 0.19273437499999999 0.46645833281250004
1 0.18046875 0.5039583328125 0.18046875 0.4655208328125 0.044765624999999996 0.4655208328125 0.044765624999999996 0.5039583328125 0.18046875 0.5039583328125
1 0.20070312499999998 0.5395833328124999 0.20070312499999998 0.48375 0.05125 0.48375 0.05125 0.5395833328124999 0.20070312499999998 0.5395833328124999
1 0.20789062500000002 0.565625 0.20789062500000002 0.5164583328125001 0.050546875000000005 0.5164583328125001 0.050546875000000005 0.565625 0.20789062500000002 0.565625
1 0.21218750000000003 0.6127083328125 0.21218750000000003 0.5482291671875 0.053437500000000006 0.5482291671875 0.053437500000000006 0.6127083328125 0.21218750000000003 0.6127083328125
1 0.21437499999999998 0.6358333328125 0.21437499999999998 0.5858333328125 0.052734375 0.5858333328125 0.052734375 0.6358333328125 0.21437499999999998 0.6358333328125
1 0.06640625 0.5770833328125 0.06640625 0.5222916671875 0.021640625 0.5222916671875 0.021640625 0.5770833328125 0.06640625 0.5770833328125
1 0.079375 0.605 0.079375 0.5579166671875 0.015859375000000002 0.5579166671875 0.015859375000000002 0.605 0.079375 0.605
1 0.140078125 0.48187499999999994 0.140078125 0.448125 0.0043749999999999995 0.448125 0.0043749999999999995 0.48187499999999994 0.140078125 0.48187499999999994
1 0.04625 0.5136458328125 0.04625 0.4809375 0.001484375 0.4809375 0.001484375 0.5136458328125 0.04625 0.5136458328125
1 0.04984375 0.5377083328125 0.04984375 0.5001041671875 0.0043749999999999995 0.5001041671875 0.0043749999999999995 0.5377083328125 0.04984375 0.5377083328125
1 0.017343749999999998 0.5617708328125001 0.017343749999999998 0.5270833328125 0.002890625 0.5270833328125 0.002890625 0.5617708328125001 0.017343749999999998 0.5617708328125001
1 0.0021874999999999998 0.5463541671875001 0.0021874999999999998 0.58 0.01953125 0.58 0.01953125 0.5463541671875001 0.0021874999999999998 0.5463541671875001
1 0.15734375 0.33458333281249997 0.15734375 0.3125 0.001484375 0.3125 0.001484375 0.33458333281249997 0.15734375 0.33458333281249997
1 0.148671875 0.3172916671875 0.148671875 0.2932291671875 0.0043749999999999995 0.2932291671875 0.0043749999999999995 0.3172916671875 0.148671875 0.3172916671875
1 0.150859375 0.2913541671875 0.150859375 0.26437499999999997 0.001484375 0.26437499999999997 0.001484375 0.2913541671875 0.150859375 0.2913541671875
1 0.007265625 0.2201041671875 0.007265625 0.2557291671875 0.12703124999999998 0.2557291671875 0.12703124999999998 0.2201041671875 0.007265625 0.2201041671875
1 0.000703125 0.1989583328125 0.000703125 0.2248958328125 0.12632812499999999 0.2248958328125 0.12632812499999999 0.1989583328125 0.000703125 0.1989583328125
1 0.10179687500000001 0.19125 0.10179687500000001 0.1623958328125 0.0035937499999999997 0.1623958328125 0.0035937499999999997 0.19125 0.10179687500000001 0.19125
1 0.00578125 0.143125 0.00578125 0.1719791671875 0.098203125 0.1719791671875 0.098203125 0.143125 0.00578125 0.143125
1 0.12562500000000001 0.1565625 0.12562500000000001 0.12291666718750001 0.002890625 0.12291666718750001 0.002890625 0.1565625 0.12562500000000001 0.1565625
1 0.005078125 0.095 0.005078125 0.1315625 0.10320312499999999 0.1315625 0.10320312499999999 0.095 0.005078125 0.095
1 0.1328125 0.3615625 0.1328125 0.32406250000000003 0.0064843750000000006 0.32406250000000003 0.0064843750000000006 0.3615625 0.1328125 0.3615625
1 0.13570312499999998 0.3779166671875 0.13570312499999998 0.3625 0.000703125 0.3625 0.000703125 0.3779166671875 0.13570312499999998 0.3779166671875
1 0.041875 0.4029166671875 0.041875 0.3779166671875 0.000703125 0.3779166671875 0.000703125 0.4029166671875 0.041875 0.4029166671875
1 0.042578125 0.4328125 0.042578125 0.4029166671875 0.001484375 0.4029166671875 0.001484375 0.4328125 0.042578125 0.4328125
1 0.062109375 0.4548958328125 0.062109375 0.4328125 0.0035937499999999997 0.4328125 0.0035937499999999997 0.4548958328125 0.062109375 0.4548958328125