0 0.282734375 0.010624999999999999 0.282734375 0.631 0.61328125 0.631 0.61328125 0.010624999999999999 0.282734375 0.010624999999999999
1 0.403828125 0.140625 0.403828125 0.172375 0.42679687499999996 0.172375 0.42679687499999996 0.140625 0.403828125 0.140625
1 0.408359375 0.11825000000000001 0.408359375 0.14837499999999998 0.423671875 0.14837499999999998 0.423671875 0.11825000000000001 0.408359375 0.11825000000000001
1 0.403125 0.0955 0.403125 0.12662500000000002 0.425 0.12662500000000002 0.425 0.0955 0.403125 0.0955
1 0.4096875 0.074875 0.4096875 0.09825 0.42640625 0.09825 0.42640625 0.074875 0.4096875 0.074875
1 0.40796875000000005 0.047 0.40796875000000005 0.08149999999999999 0.42609375 0.08149999999999999 0.42609375 0.047 0.40796875000000005 0.047
1 0.40695312499999997 0.027000000000000003 0.40695312499999997 0.050875000000000004 0.427109375 0.050875000000000004 0.427109375 0.027000000000000003 0.40695312499999997 0.027000000000000003
1 0.408671875 0.0063750000000000005 0.408671875 0.033125 0.42781250000000004 0.033125 0.42781250000000004 0.0063750000000000005 0.408671875 0.0063750000000000005
1 0.48382812499999994 0.028125 0.48382812499999994 0.001375 0.43234374999999997 0.001375 0.43234374999999997 0.028125 0.48382812499999994 0.028125
1 0.471015625 0.043625000000000004 0.471015625 0.019125 0.41804687500000004 0.019125 0.41804687500000004 0.043625000000000004 0.471015625 0.043625000000000004
1 0.43234374999999997 0.04475 0.43234374999999997 0.074875 0.476875 0.074875 0.476875 0.04475 0.43234374999999997 0.04475
1 0.48250000000000004 0.10162500000000001 0.48250000000000004 0.064875 0.42679687499999996 0.064875 0.42679687499999996 0.10162500000000001 0.48250000000000004 0.10162500000000001
1 0.4184375 0.08937500000000001 0.4184375 0.12 0.471015625 0.12 0.471015625 0.08937500000000001 0.4184375 0.08937500000000001
1 0.46749999999999997 0.14725 0.46749999999999997 0.11274999999999999 0.425 0.11274999999999999 0.425 0.14725 0.46749999999999997 0.14725
1 0.42328124999999994 0.14450000000000002 0.42328124999999994 0.16225 0.4671875 0.16225 0.4671875 0.14450000000000002 0.42328124999999994 0.14450000000000002
1 0.46749999999999997 0.185125 0.46749999999999997 0.153875 0.425390625 0.153875 0.425390625 0.185125 0.46749999999999997 0.185125
1 0.5134375 0.197875 0.5134375 0.180125 0.476875 0.180125 0.476875 0.197875 0.5134375 0.197875
1 0.46890625 0.148875 0.46890625 0.187875 0.5096093749999999 0.187875 0.5096093749999999 0.148875 0.46890625 0.148875
1 0.5228125 0.16625 0.5228125 0.131625 0.46781249999999996 0.131625 0.46781249999999996 0.16625 0.5228125 0.16625
1 0.46749999999999997 0.10162500000000001 0.46749999999999997 0.14275 0.51828125 0.14275 0.51828125 0.10162500000000001 0.46749999999999997 0.10162500000000001
1 0.5131249999999999 0.11612499999999999 0.5131249999999999 0.0865 0.469921875 0.0865 0.469921875 0.11612499999999999 0.5131249999999999 0.11612499999999999
1 0.47757812499999996 0.055874999999999994 0.47757812499999996 0.096 0.5103125000000001 0.096 0.5103125000000001 0.055874999999999994 0.47757812499999996 0.055874999999999994
1 0.473046875 0.00025 0.473046875 0.017499999999999998 0.5172656250000001 0.017499999999999998 0.5172656250000001 0.00025 0.473046875 0.00025
1 0.51 0.003 0.51 0.0225 0.54859375 0.0225 0.54859375 0.003 0.51 0.003
1 0.534296875 0.12662500000000002 0.534296875 0.087625 0.506484375 0.087625 0.506484375 0.12662500000000002 0.534296875 0.12662500000000002
1 0.50296875 0.10774999999999998 0.50296875 0.138875 0.5346875 0.138875 0.5346875 0.10774999999999998 0.50296875 0.10774999999999998
1 0.537890625 0.00125 0.537890625 0.023 0.5725 0.023 0.5725 0.00125 0.537890625 0.00125
1 0.5650000000000001 0.03575 0.5650000000000001 0.0085 0.539921875 0.0085 0.539921875 0.03575 0.5650000000000001 0.03575
1 0.5409375 0.026125 0.5409375 0.05425 0.57203125 0.05425 0.57203125 0.026125 0.5409375 0.026125
1 0.573984375 0.126375 0.573984375 0.099875 0.5409375 0.099875 0.5409375 0.126375 0.573984375 0.126375
1 0.573984375 0.00775 0.573984375 0.041375 0.59703125 0.041375 0.59703125 0.00775 0.573984375 0.00775
1 0.598046875 0.06949999999999999 0.598046875 0.029375000000000002 0.5700000000000001 0.029375000000000002 0.5700000000000001 0.06949999999999999 0.598046875 0.06949999999999999
1 0.563984375 0.044625 0.563984375 0.076625 0.5965625 0.076625 0.5965625 0.044625 0.563984375 0.044625
1 0.59703125 0.095875 0.59703125 0.06949999999999999 0.586015625 0.06949999999999999 0.586015625 0.095875 0.59703125 0.095875
1 0.5840625 0.10874999999999999 0.5840625 0.124 0.590078125 0.124 0.590078125 0.10874999999999999 0.5840625 0.10874999999999999
1 0.5940624999999999 0.148 0.5940624999999999 0.12725 0.5825 0.12725 0.5825 0.148 0.5940624999999999 0.148
1 0.5795312499999999 0.140875 0.5795312499999999 0.16412500000000002 0.590078125 0.16412500000000002 0.590078125 0.140875 0.5795312499999999 0.140875
1 0.5915625 0.19537500000000002 0.5915625 0.16975 0.581015625 0.16975 0.581015625 0.19537500000000002 0.5915625 0.19537500000000002
1 0.581015625 0.197 0.581015625 0.222625 0.59203125 0.222625 0.59203125 0.197 0.581015625 0.197
1 0.5915625 0.2435 0.5915625 0.22025 0.580546875 0.22025 0.580546875 0.2435 0.5915625 0.2435
1 0.59203125 0.21787499999999999 0.59203125 0.241875 0.610078125 0.241875 0.610078125 0.21787499999999999 0.59203125 0.21787499999999999
1 0.5825 0.202625 0.5825 0.225 0.6150781249999999 0.225 0.6150781249999999 0.202625 0.5825 0.202625
1 0.614140625 0.211375 0.614140625 0.1945 0.590546875 0.1945 0.590546875 0.211375 0.614140625 0.211375
1 0.590078125 0.17775000000000002 0.590078125 0.198625 0.6150781249999999 0.198625 0.6150781249999999 0.17775000000000002 0.590078125 0.17775000000000002
1 0.61609375 0.183375 0.61609375 0.1625 0.590546875 0.1625 0.590546875 0.183375 0.61609375 0.183375
1 0.590546875 0.144 0.590546875 0.168875 0.614140625 0.168875 0.614140625 0.144 0.590546875 0.144
1 0.6150781249999999 0.1505 0.6150781249999999 0.128 0.5895312500000001 0.128 0.5895312500000001 0.1505 0.6150781249999999 0.1505
1 0.5940624999999999 0.1095 0.5940624999999999 0.13999999999999999 0.614140625 0.13999999999999999 0.614140625 0.1095 0.5940624999999999 0.1095
1 0.6131249999999999 0.12237499999999998 0.6131249999999999 0.0935 0.5965625 0.0935 0.5965625 0.12237499999999998 0.6131249999999999 0.12237499999999998
1 0.59453125 0.079875 0.59453125 0.10874999999999999 0.61609375 0.10874999999999999 0.61609375 0.079875 0.59453125 0.079875
1 0.62015625 0.0975 0.62015625 0.064625 0.598046875 0.064625 0.598046875 0.0975 0.62015625 0.0975
1 0.59453125 0.03175 0.59453125 0.044625 0.591015625 0.044625 0.591015625 0.075875 0.619140625 0.075875 0.6185937499999999 0.03175 0.59453125 0.03175
1 0.60109375 0.002125 0.60109375 0.018875 0.617109375 0.018875 0.617109375 0.002125 0.60109375 0.002125
1 0.6396875 0.044625 0.6396875 0.01575 0.6185937499999999 0.01575 0.6185937499999999 0.044625 0.6396875 0.044625
1 0.6150781249999999 0.04625 0.6150781249999999 0.079125 0.638671875 0.079125 0.638671875 0.04625 0.6150781249999999 0.04625
1 0.639140625 0.09912499999999999 0.639140625 0.0735 0.617578125 0.0735 0.617578125 0.09912499999999999 0.639140625 0.09912499999999999
1 0.6216406250000001 0.08625000000000001 0.6216406250000001 0.11200000000000002 0.6381249999999999 0.11200000000000002 0.6381249999999999 0.08625000000000001 0.6216406250000001 0.08625000000000001
1 0.6371875 0.123125 0.6371875 0.102375 0.619609375 0.102375 0.619609375 0.123125 0.6371875 0.123125
1 0.6150781249999999 0.10874999999999999 0.6150781249999999 0.144 0.63515625 0.144 0.63515625 0.10874999999999999 0.6150781249999999 0.10874999999999999
1 0.6361718749999999 0.15125 0.6361718749999999 0.128 0.61609375 0.128 0.61609375 0.15125 0.6361718749999999 0.15125
1 0.618125 0.14725 0.618125 0.168125 0.6331249999999999 0.168125 0.6331249999999999 0.14725 0.618125 0.14725
1 0.634140625 0.17775000000000002 0.634140625 0.15687500000000001 0.614140625 0.15687500000000001 0.614140625 0.17775000000000002 0.634140625 0.17775000000000002
1 0.6131249999999999 0.17450000000000002 0.6131249999999999 0.192125 0.631640625 0.192125 0.631640625 0.17450000000000002 0.6131249999999999 0.17450000000000002
1 0.634140625 0.20825 0.634140625 0.192125 0.6166406249999999 0.192125 0.6166406249999999 0.20825 0.634140625 0.20825
1 0.6150781249999999 0.198625 0.6150781249999999 0.22425 0.634140625 0.22425 0.634140625 0.198625 0.6150781249999999 0.198625
1 0.6331249999999999 0.238625 0.6331249999999999 0.214625 0.615625 0.214625 0.615625 0.238625 0.6331249999999999 0.238625
1 0.617578125 0.23625 0.617578125 0.2475 0.63015625 0.2475 0.63015625 0.23625 0.617578125 0.23625
1 0.65015625 0.253125 0.65015625 0.242625 0.633671875 0.242625 0.633671875 0.253125 0.65015625 0.253125
1 0.634140625 0.229875 0.634140625 0.24512499999999998 0.65421875 0.24512499999999998 0.65421875 0.229875 0.634140625 0.229875
1 0.6507031249999999 0.229875 0.6507031249999999 0.21937500000000001 0.634140625 0.21937500000000001 0.634140625 0.229875 0.6507031249999999 0.229875
1 0.65015625 0.20175 0.65015625 0.18575 0.634140625 0.18575 0.634140625 0.20175 0.65015625 0.20175
1 0.632109375 0.20099999999999998 0.632109375 0.221 0.652734375 0.221 0.652734375 0.20099999999999998 0.632109375 0.20099999999999998
1 0.65171875 0.192125 0.65171875 0.172875 0.634140625 0.172875 0.634140625 0.192125 0.65171875 0.192125
1 0.6361718749999999 0.156125 0.6361718749999999 0.1785 0.6507031249999999 0.1785 0.6507031249999999 0.156125 0.6361718749999999 0.156125
1 0.653671875 0.16012500000000002 0.653671875 0.13999999999999999 0.6371875 0.13999999999999999 0.6371875 0.16012500000000002 0.653671875 0.16012500000000002
1 0.634140625 0.12237499999999998 0.634140625 0.148875 0.653203125 0.148875 0.653203125 0.12237499999999998 0.634140625 0.12237499999999998
1 0.65015625 0.13525 0.65015625 0.114375 0.6371875 0.114375 0.6371875 0.13525 0.65015625 0.13525
1 0.6396875 0.099875 0.6396875 0.12 0.65171875 0.12 0.65171875 0.099875 0.6396875 0.099875
1 0.65421875 0.103125 0.65421875 0.087125 0.640703125 0.087125 0.640703125 0.103125 0.65421875 0.103125
1 0.64015625 0.067 0.64015625 0.0935 0.656171875 0.0935 0.656171875 0.067 0.64015625 0.067
1 0.638671875 0.034125 0.638671875 0.063 0.6571875 0.063 0.6571875 0.034125 0.638671875 0.034125
1 0.640703125 0.022125 0.640703125 0.045375 0.6571875 0.045375 0.6571875 0.022125 0.640703125 0.022125
1 0.644140625 0.014875 0.644140625 0.026125 0.657734375 0.026125 0.657734375 0.014875 0.644140625 0.014875
1 0.6446875000000001 0.002875 0.6446875000000001 0.01575 0.6546875 0.01575 0.6546875 0.002875 0.6446875000000001 0.002875
1 0.667265625 0.03175 0.667265625 0.044625 0.684296875 0.044625 0.684296875 0.03175 0.667265625 0.03175
1 0.6832812500000001 0.0325 0.6832812500000001 0.01575 0.6657031250000001 0.01575 0.6657031250000001 0.0325 0.6832812500000001 0.0325
1 0.66875 0.006125 0.66875 0.020499999999999997 0.68578125 0.020499999999999997 0.68578125 0.006125 0.66875 0.006125