1 0.31953125 0.1509375 0.31953125 0.0611458328125 0.05765625 0.0611458328125 0.05765625 0.1509375 0.31953125 0.1509375
1 0.257265625 0.1982291671875 0.257265625 0.11968749999999999 0.018203125 0.11968749999999999 0.018203125 0.1982291671875 0.257265625 0.1982291671875
1 0.198359375 0.22593749999999999 0.198359375 0.1647916671875 0.0043749999999999995 0.1647916671875 0.0043749999999999995 0.22593749999999999 0.198359375 0.22593749999999999
1 0.6203125 0.15687500000000001 0.6203125 0.0225 0.353203125 0.0225 0.353203125 0.15687500000000001 0.6203125 0.15687500000000001
1 0.008359374999999999 0.5379166671875 0.008359374999999999 0.5827083328125 0.02484375 0.5827083328125 0.02484375 0.5379166671875 0.008359374999999999 0.5379166671875
1 0.046406249999999996 0.608125 0.046406249999999996 0.560625 0.025859375 0.560625 0.025859375 0.608125 0.046406249999999996 0.608125
1 0.069453125 0.6247916671875 0.069453125 0.5659375 0.042890625 0.5659375 0.042890625 0.6247916671875 0.069453125 0.6247916671875
1 0.100546875 0.666875 0.100546875 0.5920833328125 0.064453125 0.5920833328125 0.064453125 0.666875 0.100546875 0.666875
1 0.1546875 0.7116666671874999 0.1546875 0.618125 0.08953124999999999 0.618125 0.08953124999999999 0.7116666671874999 0.1546875 0.7116666671874999
1 0.19789062500000001 0.7740625 0.19789062500000001 0.6521874999999999 0.138359375 0.6521874999999999 0.138359375 0.7740625 0.19789062500000001 0.7740625
1 0.486796875 0.8705208328125 0.486796875 0.6960416671874999 0.194921875 0.6960416671874999 0.194921875 0.8705208328125 0.486796875 0.8705208328125
1 0.7807031249999999 0.9889583328124999 0.7807031249999999 0.6677083328125 0.28531249999999997 0.6677083328125 0.28531249999999997 0.9889583328124999 0.7807031249999999 0.9889583328124999
1 0.8135937500000001 0.9949999999999999 0.8135937500000001 0.7993750000000001 0.40499999999999997 0.7993750000000001 0.40499999999999997 0.9949999999999999 0.8135937500000001 0.9949999999999999
1 0.47468750000000004 0.2765625 0.47468750000000004 0.24854166718749998 0.439140625 0.24854166718749998 0.439140625 0.2765625 0.47468750000000004 0.2765625
1 0.46921875 0.33125 0.46921875 0.31677083281249996 0.44749999999999995 0.31677083281249996 0.44749999999999995 0.33125 0.46921875 0.33125