0 0.234296875 0.3933333328125 0.234296875 0.46819444375 0.25234375 0.46819444375 0.25234375 0.3933333328125 0.234296875 0.3933333328125
1 0.775 0.69569444375 0.775 0.52805555625 0.48539062499999996 0.52805555625 0.48539062499999996 0.69569444375 0.775 0.69569444375
1 0.5159374999999999 0.6213888890625 0.5159374999999999 0.5220833328125 0.439296875 0.5220833328125 0.439296875 0.6213888890625 0.5159374999999999 0.6213888890625
1 0.40875000000000006 0.5220833328125 0.40875000000000006 0.5879166671875 0.436015625 0.5879166671875 0.436015625 0.5220833328125 0.40875000000000006 0.5220833328125
1 0.41203124999999996 0.564722221875 0.41203124999999996 0.50819444375 0.391171875 0.50819444375 0.391171875 0.564722221875 0.41203124999999996 0.564722221875
1 0.369140625 0.489722221875 0.369140625 0.5509722218750001 0.39054687499999996 0.5509722218750001 0.39054687499999996 0.489722221875 0.369140625 0.489722221875
1 0.573984375 0.29013888906249996 0.573984375 0.25805555625 0.54203125 0.25805555625 0.54203125 0.29013888906249996 0.573984375 0.29013888906249996
1 0.5435156250000001 0.293472221875 0.5435156250000001 0.2708333328125 0.5296093749999999 0.2708333328125 0.5296093749999999 0.293472221875 0.5435156250000001 0.293472221875
1 0.527734375 0.3075 0.527734375 0.2748611109375 0.5096875 0.2748611109375 0.5096875 0.3075 0.527734375 0.3075
1 0.6541406249999999 0.24944444375 0.6541406249999999 0.2158333328125 0.623828125 0.2158333328125 0.623828125 0.24944444375 0.6541406249999999 0.24944444375
1 0.644453125 0.1916666671875 0.644453125 0.2379166671875 0.678515625 0.2379166671875 0.678515625 0.1916666671875 0.644453125 0.1916666671875
1 0.7932812499999999 0.22444444375 0.7932812499999999 0.173472221875 0.68015625 0.173472221875 0.68015625 0.22444444375 0.7932812499999999 0.22444444375
1 0.8110937500000001 0.1751388890625 0.8110937500000001 0.140277778125 0.774609375 0.140277778125 0.774609375 0.1751388890625 0.8110937500000001 0.1751388890625
1 0.8821875 0.16680555625 0.8821875 0.11361111093750001 0.81015625 0.11361111093750001 0.81015625 0.16680555625 0.8821875 0.16680555625
1 0.9744531249999999 0.1241666671875 0.9744531249999999 0.07861111093749999 0.903046875 0.07861111093749999 0.903046875 0.1241666671875 0.9744531249999999 0.1241666671875
1 0.92109375 0.46791666718749997 0.92109375 0.4113888890625 0.8734375 0.4113888890625 0.8734375 0.46791666718749997 0.92109375 0.46791666718749997
1 0.895859375 0.6125 0.895859375 0.487777778125 0.765859375 0.487777778125 0.765859375 0.6125 0.895859375 0.6125
1 0.074453125 0.6963888890625001 0.074453125 0.609027778125 0.011328125 0.609027778125 0.011328125 0.6963888890625001 0.074453125 0.6963888890625001
1 0.1025 0.6561111109375 0.1025 0.582777778125 0.068203125 0.582777778125 0.068203125 0.6561111109375 0.1025 0.6561111109375
1 0.12507812499999998 0.609027778125 0.12507812499999998 0.5619444437500001 0.079921875 0.5619444437500001 0.079921875 0.609027778125 0.12507812499999998 0.609027778125
1 0.143984375 0.5791666671875 0.143984375 0.54444444375 0.118046875 0.54444444375 0.118046875 0.5791666671875 0.143984375 0.5791666671875
1 0.161328125 0.56569444375 0.161328125 0.5348611109375 0.13640625 0.5348611109375 0.13640625 0.56569444375 0.161328125 0.56569444375
1 0.17476562499999998 0.550277778125 0.17476562499999998 0.51625 0.15671875 0.51625 0.15671875 0.550277778125 0.17476562499999998 0.550277778125
1 0.416796875 0.2873611109375 0.416796875 0.252222221875 0.3225 0.252222221875 0.3225 0.2873611109375 0.416796875 0.2873611109375
1 0.440078125 0.23694444374999998 0.440078125 0.19277777812500002 0.341015625 0.19277777812500002 0.341015625 0.23694444374999998 0.440078125 0.23694444374999998
1 0.440078125 0.25819444375 0.440078125 0.21000000000000002 0.323125 0.21000000000000002 0.323125 0.25819444375 0.440078125 0.25819444375
1 0.490390625 0.1820833328125 0.490390625 0.11861111093750001 0.35828125 0.11861111093750001 0.35828125 0.1820833328125 0.490390625 0.1820833328125
1 0.593046875 0.11541666718750002 0.593046875 0.000277778125 0.388125 0.000277778125 0.388125 0.11541666718750002 0.593046875 0.11541666718750002
1 0.711875 0.1354166671875 0.711875 0.0273611109375 0.526640625 0.0273611109375 0.526640625 0.1354166671875 0.711875 0.1354166671875
1 0.15242187499999998 0.2679166671875 0.15242187499999998 0.208472221875 0.047343750000000004 0.208472221875 0.047343750000000004 0.2679166671875 0.15242187499999998 0.2679166671875
1 0.19078124999999999 0.3263888890625 0.19078124999999999 0.2838888890625 0.1109375 0.2838888890625 0.1109375 0.3263888890625 0.19078124999999999 0.3263888890625
1 0.11046875 0.33930555625 0.11046875 0.3 0.056796875000000004 0.3 0.056796875000000004 0.33930555625 0.11046875 0.33930555625
1 0.120390625 0.23263888906250002 0.120390625 0.13874999999999998 0.00578125 0.13874999999999998 0.00578125 0.23263888906250002 0.120390625 0.23263888906250002
1 0.092890625 0.19083333281249998 0.092890625 0.089027778125 0.007656250000000001 0.089027778125 0.007656250000000001 0.19083333281249998 0.092890625 0.19083333281249998
1 0.060390624999999996 0.1411111109375 0.060390624999999996 0.0216666671875 0.004921875 0.0216666671875 0.004921875 0.1411111109375 0.060390624999999996 0.1411111109375
1 0.18851562500000002 0.131527778125 0.18851562500000002 0.05375 0.11000000000000001 0.05375 0.11000000000000001 0.131527778125 0.18851562500000002 0.131527778125