1 0.50890625 0.993 0.50890625 0.73675 0.0015625 0.73675 0.0015625 0.993 0.50890625 0.993
1 0.30085937500000004 0.9953749999999999 0.30085937500000004 0.7631249999999999 0.003046875 0.7631249999999999 0.003046875 0.9953749999999999 0.30085937500000004 0.9953749999999999
1 0.614453125 0.873 0.614453125 0.685875 0.47328125 0.685875 0.47328125 0.873 0.614453125 0.873
1 0.70890625 0.7635 0.70890625 0.631875 0.6084375 0.631875 0.6084375 0.7635 0.70890625 0.7635
1 0.759140625 0.6845 0.759140625 0.593125 0.687265625 0.593125 0.687265625 0.6845 0.759140625 0.6845
1 0.819296875 0.60475 0.819296875 0.5365 0.7240624999999999 0.5365 0.7240624999999999 0.60475 0.819296875 0.60475
1 0.84984375 0.5549999999999999 0.84984375 0.5045 0.79875 0.5045 0.79875 0.5549999999999999 0.84984375 0.5549999999999999
1 0.878671875 0.197125 0.878671875 0.12875 0.64109375 0.12875 0.64109375 0.197125 0.878671875 0.197125
1 0.599609375 0.093125 0.599609375 0.1615 0.8510156249999999 0.1615 0.8510156249999999 0.093125 0.599609375 0.093125
1 0.5779687499999999 0.054625 0.5779687499999999 0.14025 0.83359375 0.14025 0.83359375 0.054625 0.5779687499999999 0.054625
1 0.546640625 0.004625 0.546640625 0.09225 0.82453125 0.09225 0.82453125 0.004625 0.546640625 0.004625
1 0.774609375 0.06525 0.774609375 0.00075 0.5346093749999999 0.00075 0.5346093749999999 0.06525 0.774609375 0.06525
1 0.531640625 0.07875 0.531640625 0.0036249999999999998 0.319296875 0.0036249999999999998 0.319296875 0.07875 0.531640625 0.07875
1 0.5719531250000001 0.1095 0.5719531250000001 0.06625 0.44984375 0.06625 0.44984375 0.1095 0.5719531250000001 0.1095
1 0.41015625 0.197125 0.41015625 0.15575 0.358359375 0.15575 0.358359375 0.197125 0.41015625 0.197125
1 0.30062500000000003 0.1365 0.30062500000000003 0.198 0.34875 0.198 0.34875 0.1365 0.30062500000000003 0.1365
1 0.9399218749999999 0.078875 0.9399218749999999 0.0365 0.8521093750000001 0.0365 0.8521093750000001 0.078875 0.9399218749999999 0.078875
1 0.565234375 0.232125 0.565234375 0.259125 0.608515625 0.259125 0.608515625 0.232125 0.565234375 0.232125
1 0.6625 0.26549999999999996 0.6625 0.283875 0.6802343750000001 0.283875 0.6802343750000001 0.26549999999999996 0.6625 0.26549999999999996
1 0.6935156250000001 0.29175 0.6935156250000001 0.26887500000000003 0.6775 0.26887500000000003 0.6775 0.29175 0.6935156250000001 0.29175
1 0.705 0.293375 0.705 0.273875 0.6900000000000001 0.273875 0.6900000000000001 0.293375 0.705 0.293375
1 0.652421875 0.261625 0.652421875 0.28275 0.6715625000000001 0.28275 0.6715625000000001 0.261625 0.652421875 0.261625