1 0.9930468749999999 0.8855000000000001 0.9930468749999999 0.737 0.762578125 0.737 0.762578125 0.8855000000000001 0.9930468749999999 0.8855000000000001
1 0.757109375 0.8102499999999999 0.757109375 0.688875 0.538828125 0.688875 0.538828125 0.8102499999999999 0.757109375 0.8102499999999999
1 0.7737499999999999 0.74875 0.7737499999999999 0.619 0.530546875 0.619 0.530546875 0.74875 0.7737499999999999 0.74875
1 0.77890625 0.673875 0.77890625 0.54575 0.532578125 0.54575 0.532578125 0.673875 0.77890625 0.673875
1 0.7716406250000001 0.62225 0.7716406250000001 0.48600000000000004 0.5284375 0.48600000000000004 0.5284375 0.62225 0.7716406250000001 0.62225
1 0.781015625 0.530875 0.781015625 0.41775 0.5315624999999999 0.41775 0.5315624999999999 0.530875 0.781015625 0.530875
1 0.790390625 0.44775 0.790390625 0.347875 0.5367968750000001 0.347875 0.5367968750000001 0.44775 0.790390625 0.44775
1 0.78 0.385125 0.78 0.28300000000000003 0.548203125 0.28300000000000003 0.548203125 0.385125 0.78 0.385125
1 0.7752343749999999 0.307375 0.7752343749999999 0.21749999999999997 0.545703125 0.21749999999999997 0.545703125 0.307375 0.7752343749999999 0.307375
1 0.79765625 0.23349999999999999 0.79765625 0.13974999999999999 0.534453125 0.13974999999999999 0.534453125 0.23349999999999999 0.79765625 0.23349999999999999
1 0.548203125 0.057874999999999996 0.548203125 0.165625 0.8612500000000001 0.165625 0.8612500000000001 0.057874999999999996 0.548203125 0.057874999999999996
1 0.821875 0.1165 0.821875 0.00475 0.5525 0.00475 0.5525 0.1165 0.821875 0.1165
1 0.356484375 0.004125 0.356484375 0.083875 0.550859375 0.083875 0.550859375 0.004125 0.356484375 0.004125
1 0.557109375 0.1505 0.557109375 0.044 0.354375 0.044 0.354375 0.1505 0.557109375 0.1505
1 0.5549999999999999 0.18375 0.5549999999999999 0.098875 0.35335937500000003 0.098875 0.35335937500000003 0.18375 0.5549999999999999 0.18375
1 0.541484375 0.256875 0.541484375 0.167125 0.35234375 0.167125 0.35234375 0.256875 0.541484375 0.256875
1 0.54359375 0.30674999999999997 0.54359375 0.22362500000000002 0.345078125 0.22362500000000002 0.345078125 0.30674999999999997 0.54359375 0.30674999999999997
1 0.530078125 0.376625 0.530078125 0.290125 0.347109375 0.290125 0.347109375 0.376625 0.530078125 0.376625
1 0.5310937499999999 0.414875 0.5310937499999999 0.348375 0.340859375 0.348375 0.340859375 0.414875 0.5310937499999999 0.414875
1 0.517578125 0.496375 0.517578125 0.389875 0.338828125 0.389875 0.338828125 0.496375 0.517578125 0.496375
1 0.5228125 0.542875 0.5228125 0.456375 0.345078125 0.456375 0.345078125 0.542875 0.5228125 0.542875
1 0.5467187499999999 0.634375 0.5467187499999999 0.506375 0.345078125 0.506375 0.345078125 0.634375 0.5467187499999999 0.634375
1 0.5393749999999999 0.657625 0.5393749999999999 0.5695 0.335703125 0.5695 0.335703125 0.657625 0.5393749999999999 0.657625
1 0.5154687499999999 0.7424999999999999 0.5154687499999999 0.61775 0.34609375 0.61775 0.34609375 0.7424999999999999 0.5154687499999999 0.7424999999999999
1 0.36062500000000003 0.6876249999999999 0.36062500000000003 0.5745 0.230703125 0.5745 0.230703125 0.6876249999999999 0.36062500000000003 0.6876249999999999
1 0.2328125 0.642625 0.2328125 0.5495 0.13921875 0.5495 0.13921875 0.642625 0.2328125 0.642625
1 0.13921875 0.5995 0.13921875 0.52625 0.063359375 0.52625 0.063359375 0.5995 0.13921875 0.5995
1 0.05609375 0.562875 0.05609375 0.509625 0.003125 0.509625 0.003125 0.562875 0.05609375 0.562875
1 0.00625 0.46975 0.00625 0.527875 0.06023437499999999 0.527875 0.06023437499999999 0.46975 0.00625 0.46975
1 0.061328125 0.483 0.061328125 0.4415 0.001015625 0.4415 0.001015625 0.483 0.061328125 0.483
1 0.00203125 0.38325 0.00203125 0.448125 0.05609375 0.448125 0.05609375 0.38325 0.00203125 0.38325
1 0.00828125 0.361625 0.00828125 0.40325 0.051953125 0.40325 0.051953125 0.361625 0.00828125 0.361625
1 0.00625 0.325 0.00625 0.35825 0.07273437499999999 0.35825 0.07273437499999999 0.325 0.00625 0.325
1 0.003125 0.290125 0.003125 0.323375 0.06023437499999999 0.323375 0.06023437499999999 0.290125 0.003125 0.290125
1 0.063359375 0.2835 0.063359375 0.23362500000000003 0.00203125 0.23362500000000003 0.00203125 0.2835 0.063359375 0.2835
1 0.00203125 0.198625 0.00203125 0.24362499999999998 0.057109375 0.24362499999999998 0.057109375 0.198625 0.00203125 0.198625
1 0.05609375 0.18875 0.05609375 0.152125 0.004140625 0.152125 0.004140625 0.18875 0.05609375 0.18875
1 0.001015625 0.004125 0.001015625 0.054000000000000006 0.052968749999999995 0.054000000000000006 0.052968749999999995 0.004125 0.001015625 0.004125
1 0.16312500000000002 0.03575 0.16312500000000002 0.004125 0.046718749999999996 0.004125 0.046718749999999996 0.03575 0.16312500000000002 0.03575
1 0.23796875 0.192 0.23796875 0.10887500000000001 0.12367187500000001 0.10887500000000001 0.12367187500000001 0.192 0.23796875 0.192
1 0.2328125 0.236875 0.2328125 0.16375 0.133046875 0.16375 0.133046875 0.236875 0.2328125 0.236875
1 0.2265625 0.2835 0.2265625 0.21200000000000002 0.12992187500000002 0.21200000000000002 0.12992187500000002 0.2835 0.2265625 0.2835
1 0.230703125 0.343375 0.230703125 0.270125 0.126796875 0.270125 0.126796875 0.343375 0.230703125 0.343375
1 0.23484375000000002 0.386625 0.23484375000000002 0.31675 0.1278125 0.31675 0.1278125 0.386625 0.23484375000000002 0.386625
1 0.2265625 0.4465 0.2265625 0.37 0.1184375 0.37 0.1184375 0.4465 0.2265625 0.4465
1 0.22554687499999998 0.483 0.22554687499999998 0.409875 0.12054687500000001 0.409875 0.12054687500000001 0.483 0.22554687499999998 0.483
1 0.2265625 0.52625 0.2265625 0.45475000000000004 0.133046875 0.45475000000000004 0.133046875 0.52625 0.2265625 0.52625
1 0.228671875 0.58775 0.228671875 0.506375 0.12578125 0.506375 0.12578125 0.58775 0.228671875 0.58775
1 0.34296875 0.61775 0.34296875 0.529625 0.22132812500000001 0.529625 0.22132812500000001 0.61775 0.34296875 0.61775
1 0.2234375 0.47975 0.2234375 0.571125 0.348203125 0.571125 0.348203125 0.47975 0.2234375 0.47975
1 0.348203125 0.51625 0.348203125 0.4365 0.222421875 0.4365 0.222421875 0.51625 0.348203125 0.51625
1 0.224453125 0.39325 0.224453125 0.47300000000000003 0.34921875 0.47300000000000003 0.34921875 0.39325 0.224453125 0.39325
1 0.364765625 0.404875 0.364765625 0.33175 0.222421875 0.33175 0.222421875 0.404875 0.364765625 0.404875
1 0.2265625 0.281875 0.2265625 0.35162499999999997 0.35335937500000003 0.35162499999999997 0.35335937500000003 0.281875 0.2265625 0.281875
1 0.35546875 0.305125 0.35546875 0.23025 0.2296875 0.23025 0.2296875 0.305125 0.35546875 0.305125
1 0.35546875 0.228625 0.35546875 0.167125 0.2171875 0.167125 0.2171875 0.228625 0.35546875 0.228625
1 0.222421875 0.1105 0.222421875 0.177 0.36898437500000003 0.177 0.36898437500000003 0.1105 0.222421875 0.1105
1 0.354375 0.13874999999999998 0.354375 0.060625 0.224453125 0.060625 0.224453125 0.13874999999999998 0.354375 0.13874999999999998
1 0.222421875 0.007375 0.222421875 0.09225 0.354375 0.09225 0.354375 0.007375 0.222421875 0.007375