0 0.7581249999999999 0.29075 0.7581249999999999 0.501375 0.86984375 0.501375 0.86984375 0.29075 0.7581249999999999 0.29075
1 0.83515625 0.5295 0.83515625 0.49074999999999996 0.8271875 0.49074999999999996 0.8271875 0.5295 0.83515625 0.5295
1 0.8250781249999999 0.546875 0.8250781249999999 0.4915 0.8100781250000001 0.4915 0.8100781250000001 0.546875 0.8250781249999999 0.546875
1 0.8109375 0.561625 0.8109375 0.5015 0.787109375 0.5015 0.787109375 0.561625 0.8109375 0.561625
1 0.795859375 0.577625 0.795859375 0.518875 0.77078125 0.518875 0.77078125 0.577625 0.795859375 0.577625
1 0.775 0.607 0.775 0.538875 0.739453125 0.538875 0.739453125 0.607 0.775 0.607
1 0.7444531249999999 0.6511250000000001 0.7444531249999999 0.5662499999999999 0.702734375 0.5662499999999999 0.702734375 0.6511250000000001 0.7444531249999999 0.6511250000000001
1 0.70625 0.714375 0.70625 0.604875 0.6525000000000001 0.604875 0.6525000000000001 0.714375 0.70625 0.714375
1 0.6637500000000001 0.778125 0.6637500000000001 0.63125 0.5771875 0.63125 0.5771875 0.778125 0.6637500000000001 0.778125
1 0.586640625 0.8713749999999999 0.586640625 0.69575 0.314765625 0.69575 0.314765625 0.8713749999999999 0.586640625 0.8713749999999999
1 0.48312499999999997 0.999 0.48312499999999997 0.8115 0.00296875 0.8115 0.00296875 0.999 0.48312499999999997 0.999
1 0.24046875 0.15925 0.24046875 0.09 0.17203125 0.09 0.17203125 0.15925 0.24046875 0.15925
1 0.295859375 0.18 0.295859375 0.11487499999999999 0.23523437500000002 0.11487499999999999 0.23523437500000002 0.18 0.295859375 0.18
1 0.36257812500000003 0.203625 0.36257812500000003 0.13425 0.29679687499999996 0.13425 0.29679687499999996 0.203625 0.36257812500000003 0.203625
1 0.8150000000000001 0.152125 0.8150000000000001 0.055125 0.6331249999999999 0.055125 0.6331249999999999 0.152125 0.8150000000000001 0.152125
1 0.8462500000000001 0.1965 0.8462500000000001 0.13825 0.69640625 0.13825 0.69640625 0.1965 0.8462500000000001 0.1965
1 0.5653125 0.23312499999999997 0.5653125 0.26675 0.59140625 0.26675 0.59140625 0.23312499999999997 0.5653125 0.23312499999999997
1 0.611953125 0.271625 0.611953125 0.24674999999999997 0.587421875 0.24674999999999997 0.587421875 0.271625 0.611953125 0.271625
1 0.9966406250000001 0.418875 0.9966406250000001 0.40750000000000003 0.9757031250000001 0.40750000000000003 0.9757031250000001 0.418875 0.9966406250000001 0.418875
1 0.95234375 0.40075000000000005 0.95234375 0.41550000000000004 0.9744531249999999 0.41550000000000004 0.9744531249999999 0.40075000000000005 0.95234375 0.40075000000000005
1 0.952734375 0.4135 0.952734375 0.399375 0.933984375 0.399375 0.933984375 0.4135 0.952734375 0.4135
1 0.99875 0.277625 0.99875 0.260875 0.98203125 0.260875 0.98203125 0.277625 0.99875 0.277625
1 0.961953125 0.26025 0.961953125 0.275625 0.984140625 0.275625 0.984140625 0.26025 0.961953125 0.26025
1 0.961953125 0.278875 0.961953125 0.26025 0.936484375 0.26025 0.936484375 0.278875 0.961953125 0.278875