1 0.998046875 0.48475 0.998046875 0.45425000000000004 0.9529687499999999 0.45425000000000004 0.9529687499999999 0.48475 0.998046875 0.48475
1 0.8914843749999999 0.450125 0.8914843749999999 0.48475 0.9529687499999999 0.48475 0.9529687499999999 0.450125 0.8914843749999999 0.450125
1 0.8819531250000001 0.468125 0.8819531250000001 0.44737499999999997 0.85421875 0.44737499999999997 0.85421875 0.468125 0.8819531250000001 0.468125
1 0.892265625 0.263 0.892265625 0.213125 0.8299218749999999 0.213125 0.8299218749999999 0.263 0.892265625 0.263
1 0.82734375 0.26575000000000004 0.82734375 0.213125 0.7684375 0.213125 0.7684375 0.26575000000000004 0.82734375 0.26575000000000004
1 0.7078125 0.152125 0.7078125 0.18675 0.864609375 0.18675 0.864609375 0.152125 0.7078125 0.152125
1 0.69828125 0.118875 0.69828125 0.1715 0.85421875 0.1715 0.85421875 0.118875 0.69828125 0.118875
1 0.6315625 0.055125 0.6315625 0.118875 0.826484375 0.118875 0.826484375 0.055125 0.6315625 0.055125
1 0.5675 0.001125 0.5675 0.08562499999999999 0.8021874999999999 0.08562499999999999 0.8021874999999999 0.001125 0.5675 0.001125
1 0.621171875 0.141 0.621171875 0.057874999999999996 0.466171875 0.057874999999999996 0.466171875 0.141 0.621171875 0.141
1 0.48 0.22425 0.48 0.184 0.42976562500000004 0.184 0.42976562500000004 0.22425 0.48 0.22425
1 0.55015625 0.254625 0.55015625 0.21862499999999999 0.504296875 0.21862499999999999 0.504296875 0.254625 0.55015625 0.254625
1 0.5528125 0.227 0.5528125 0.2505 0.595234375 0.2505 0.595234375 0.227 0.5528125 0.227
1 0.475703125 0.267125 0.475703125 0.23112499999999997 0.42203125 0.23112499999999997 0.42203125 0.267125 0.475703125 0.267125
1 0.749375 0.67875 0.749375 0.565125 0.5016406250000001 0.565125 0.5016406250000001 0.67875 0.749375 0.67875
1 0.62796875 0.881625 0.62796875 0.63025 0.48203125 0.63025 0.48203125 0.881625 0.62796875 0.881625
1 0.5443749999999999 0.9893750000000001 0.5443749999999999 0.775875 0.006875000000000001 0.775875 0.006875000000000001 0.9893750000000001 0.5443749999999999 0.9893750000000001
1 0.8059375 0.581 0.8059375 0.5325 0.730859375 0.5325 0.730859375 0.581 0.8059375 0.581
1 0.8260937500000001 0.55325 0.8260937500000001 0.514 0.7921875 0.514 0.7921875 0.55325 0.8260937500000001 0.55325
1 0.840546875 0.537125 0.840546875 0.49775 0.804453125 0.49775 0.804453125 0.537125 0.840546875 0.537125
1 0.8715624999999999 0.503625 0.8715624999999999 0.47474999999999995 0.8340624999999999 0.47474999999999995 0.8340624999999999 0.503625 0.8715624999999999 0.503625
1 0.338828125 0.14225000000000002 0.338828125 0.192125 0.394921875 0.192125 0.394921875 0.14225000000000002 0.338828125 0.14225000000000002
1 0.33046875 0.1855 0.33046875 0.11737500000000001 0.27335937499999996 0.11737500000000001 0.27335937499999996 0.1855 0.33046875 0.1855