1 0.9854687500000001 0.2736458328125 0.9854687500000001 0.0054166671875 0.57421875 0.0054166671875 0.57421875 0.2736458328125 0.9854687500000001 0.2736458328125
1 0.55625 0.32145833281249997 0.55625 0.1514583328125 0.36046875 0.1514583328125 0.36046875 0.32145833281249997 0.55625 0.32145833281249997
1 0.396484375 0.3319791671875 0.396484375 0.1872916671875 0.26179687500000004 0.1872916671875 0.26179687500000004 0.3319791671875 0.396484375 0.3319791671875
1 0.264296875 0.3535416671875 0.264296875 0.2504166671875 0.203203125 0.2504166671875 0.203203125 0.3535416671875 0.264296875 0.3535416671875
1 0.195 0.35270833281249997 0.195 0.2604166671875 0.14445312500000002 0.2604166671875 0.14445312500000002 0.35270833281249997 0.195 0.35270833281249997
1 0.148046875 0.36531250000000004 0.148046875 0.2920833328125 0.11203125 0.2920833328125 0.11203125 0.36531250000000004 0.148046875 0.36531250000000004
1 0.122109375 0.3701041671875 0.122109375 0.3142708328125 0.07734375 0.3142708328125 0.07734375 0.3701041671875 0.122109375 0.3701041671875
1 0.08453125 0.3633333328125 0.08453125 0.32875 0.062890625 0.32875 0.062890625 0.3633333328125 0.08453125 0.3633333328125
1 0.044140625 0.3325 0.044140625 0.3642708328125 0.06218749999999999 0.3642708328125 0.06218749999999999 0.3325 0.044140625 0.3325
1 0.042734375000000005 0.3835416671875 0.042734375000000005 0.3325 0.01890625 0.3325 0.01890625 0.3835416671875 0.042734375000000005 0.3835416671875
1 0.10765625000000001 0.5923958328125 0.10765625000000001 0.5490625 0.038359375 0.5490625 0.038359375 0.5923958328125 0.10765625000000001 0.5923958328125
1 0.08671875 0.6280208328125 0.08671875 0.5683333328125 0.0528125 0.5683333328125 0.0528125 0.6280208328125 0.08671875 0.6280208328125
1 0.108359375 0.6482291671875 0.108359375 0.5751041671875 0.0759375 0.5751041671875 0.0759375 0.6482291671875 0.108359375 0.6482291671875
1 0.15242187499999998 0.6722916671875 0.15242187499999998 0.6048958328125 0.103359375 0.6048958328125 0.103359375 0.6722916671875 0.15242187499999998 0.6722916671875
1 0.203671875 0.7309375 0.203671875 0.6616666671875 0.146640625 0.6616666671875 0.146640625 0.7309375 0.203671875 0.7309375
1 0.268125 0.8172916671875001 0.268125 0.6792708328125 0.17703125 0.6792708328125 0.17703125 0.8172916671875001 0.268125 0.8172916671875001
1 0.362890625 0.9304166671875 0.362890625 0.7441666671875 0.245703125 0.7441666671875 0.245703125 0.9304166671875 0.362890625 0.9304166671875
1 0.558515625 0.9904166671875 0.558515625 0.838125 0.34296875 0.838125 0.34296875 0.9904166671875 0.558515625 0.9904166671875
1 0.24671875000000001 0.1582291671875 0.24671875000000001 0.0861458328125 0.073125 0.0861458328125 0.073125 0.1582291671875 0.24671875000000001 0.1582291671875
1 0.23734375000000002 0.1817708328125 0.23734375000000002 0.1180208328125 0.05234375 0.1180208328125 0.05234375 0.1817708328125 0.23734375000000002 0.1817708328125
1 0.184375 0.2580208328125 0.184375 0.2026041671875 0.007656250000000001 0.2026041671875 0.007656250000000001 0.2580208328125 0.184375 0.2580208328125
1 0.4171875 0.0459375 0.4171875 0.00020833281250000002 0.171875 0.00020833281250000002 0.171875 0.0459375 0.4171875 0.0459375