0 0.99828125 0.9917708328125 0.99828125 0.00041666718749999997 0.716328125 0.00041666718749999997 0.716328125 0.9917708328125 0.99828125 0.9917708328125
1 0.502578125 0.9965624999999999 0.502578125 0.8073958328125 0.292421875 0.8073958328125 0.292421875 0.9965624999999999 0.502578125 0.9965624999999999
1 0.5079687500000001 0.8097916671875 0.5079687500000001 0.6326041671875 0.125390625 0.6326041671875 0.125390625 0.8097916671875 0.5079687500000001 0.8097916671875
1 0.08304687499999999 0.6375 0.08304687499999999 0.7539583328125 0.145390625 0.7539583328125 0.145390625 0.6375 0.08304687499999999 0.6375
1 0.09171875 0.6857291671875 0.09171875 0.6076041671875 0.05304687500000001 0.6076041671875 0.05304687500000001 0.6857291671875 0.09171875 0.6857291671875
1 0.028125 0.5859375 0.028125 0.6575 0.056796875000000004 0.6575 0.056796875000000004 0.5859375 0.028125 0.5859375
1 0.029375000000000002 0.6242708328125001 0.029375000000000002 0.5627083328125 0.0044531250000000005 0.5627083328125 0.0044531250000000005 0.6242708328125001 0.029375000000000002 0.6242708328125001
1 0.7315625 0.46791666718749997 0.7315625 0.3797916671875 0.4646875 0.3797916671875 0.4646875 0.46791666718749997 0.7315625 0.46791666718749997
1 0.415234375 0.0967708328125 0.415234375 0.0032291671874999997 0.073125 0.0032291671874999997 0.073125 0.0967708328125 0.415234375 0.0967708328125
1 0.315625 0.1510416671875 0.315625 0.042499999999999996 0.04453125 0.042499999999999996 0.04453125 0.1510416671875 0.315625 0.1510416671875
1 0.249765625 0.17875000000000002 0.249765625 0.0817708328125 0.015078125000000001 0.0817708328125 0.015078125000000001 0.17875000000000002 0.249765625 0.17875000000000002
1 0.22726562499999997 0.1926041671875 0.22726562499999997 0.1326041671875 0.00296875 0.1326041671875 0.00296875 0.1926041671875 0.22726562499999997 0.1926041671875
1 0.43703125 0.30843750000000003 0.43703125 0.2704166671875 0.33328125000000003 0.2704166671875 0.33328125000000003 0.30843750000000003 0.43703125 0.30843750000000003
1 0.33625 0.30041666718750004 0.33625 0.27770833281249996 0.3046875 0.27770833281249996 0.3046875 0.30041666718750004 0.33625 0.30041666718750004
1 0.29265625 0.3171875 0.29265625 0.29312499999999997 0.266640625 0.29312499999999997 0.266640625 0.3171875 0.29265625 0.3171875
1 0.27265625 0.3205208328125 0.27265625 0.29312499999999997 0.22999999999999998 0.29312499999999997 0.22999999999999998 0.3205208328125 0.27265625 0.3205208328125
1 0.23500000000000001 0.3379166671875 0.23500000000000001 0.3070833328125 0.20140625 0.3070833328125 0.20140625 0.3379166671875 0.23500000000000001 0.3379166671875
1 0.21000000000000002 0.32645833281250003 0.21000000000000002 0.30843750000000003 0.16734374999999999 0.30843750000000003 0.16734374999999999 0.32645833281250003 0.21000000000000002 0.32645833281250003