1 0.5528906250000001 0.8723750000000001 0.5528906250000001 0.64925 0.321640625 0.64925 0.321640625 0.8723750000000001 0.5528906250000001 0.8723750000000001
1 0.532109375 0.9734999999999999 0.532109375 0.7462500000000001 0.36843750000000003 0.7462500000000001 0.36843750000000003 0.9734999999999999 0.532109375 0.9734999999999999
1 0.36320312499999996 0.999875 0.36320312499999996 0.890375 0.18742187500000002 0.890375 0.18742187500000002 0.999875 0.36320312499999996 0.999875
1 0.62046875 0.8154999999999999 0.62046875 0.6367499999999999 0.455859375 0.6367499999999999 0.455859375 0.8154999999999999 0.62046875 0.8154999999999999
1 0.6802343750000001 0.731 0.6802343750000001 0.607625 0.51828125 0.607625 0.51828125 0.731 0.6802343750000001 0.731
1 0.715703125 0.66175 0.715703125 0.568875 0.659453125 0.568875 0.659453125 0.66175 0.715703125 0.66175
1 0.750390625 0.60075 0.750390625 0.550875 0.7053125 0.550875 0.7053125 0.60075 0.750390625 0.60075
1 0.7681250000000001 0.59325 0.7681250000000001 0.5345 0.7368750000000001 0.5345 0.7368750000000001 0.59325 0.7681250000000001 0.59325
1 0.805390625 0.555625 0.805390625 0.50175 0.74890625 0.50175 0.74890625 0.555625 0.805390625 0.555625
1 0.813203125 0.492125 0.8102261515625001 0.48842763125 0.8085546875 0.492125 0.80632195625 0.48935197343750003 0.80390625 0.492125 0.8024177625 0.49027631562499996 0.7992578124999999 0.492125 0.79851356875 0.4912006578125 0.7946093750000001 0.492125 0.7946093750000001 0.530625 0.813203125 0.530625 0.813203125 0.498541665625 0.8413281250000001 0.5002500000000001 0.94296875 0.5002500000000001 0.94296875 0.457 0.8453638968750001 0.480108553125 0.8413281250000001 0.457 0.8413281250000001 0.485833334375 0.837555509375 0.4819572359375 0.8141303453125 0.48750329062500003 0.813203125 0.492125
1 0.9989062499999999 0.5002500000000001 0.9989062499999999 0.46950000000000003 0.9375781249999999 0.46950000000000003 0.9375781249999999 0.5002500000000001 0.9989062499999999 0.5002500000000001
1 0.9370312500000001 0.25975000000000004 0.9370312500000001 0.210875 0.8617968749999999 0.210875 0.8617968749999999 0.25975000000000004 0.9370312500000001 0.25975000000000004
1 0.84796875 0.258 0.84796875 0.18525 0.718828125 0.18525 0.718828125 0.258 0.84796875 0.258
1 0.672578125 0.163375 0.672578125 0.202625 0.834296875 0.202625 0.834296875 0.163375 0.672578125 0.163375
1 0.8234375 0.21187499999999998 0.8234375 0.13674999999999998 0.6459374999999999 0.13674999999999998 0.6459374999999999 0.21187499999999998 0.8234375 0.21187499999999998
1 0.8061718750000001 0.184125 0.8061718750000001 0.10787500000000001 0.6971875 0.10787500000000001 0.6971875 0.184125 0.8061718750000001 0.184125
1 0.799609375 0.15175 0.799609375 0.071 0.608359375 0.071 0.608359375 0.15175 0.799609375 0.15175
1 0.7599218750000001 0.14025 0.7599218750000001 0.020125 0.5217968749999999 0.020125 0.5217968749999999 0.14025 0.7599218750000001 0.14025
1 0.514609375 0.0005 0.514609375 0.055374999999999994 0.74015625 0.055374999999999994 0.74015625 0.0005 0.514609375 0.0005