0 0.9999218750000001 0.5789583328125001 0.9999218750000001 0.2782291671875 0.8440625 0.2782291671875 0.8440625 0.5789583328125001 0.9999218750000001 0.5789583328125001
1 0.902578125 0.2284375 0.902578125 0.15531250000000002 0.7770312500000001 0.15531250000000002 0.7770312500000001 0.2284375 0.902578125 0.2284375
1 0.7525000000000001 0.23614583281249998 0.7525000000000001 0.1755208328125 0.683203125 0.1755208328125 0.683203125 0.23614583281249998 0.7525000000000001 0.23614583281249998
1 0.691875 0.2554166671875 0.691875 0.18125 0.63046875 0.18125 0.63046875 0.2554166671875 0.691875 0.2554166671875
1 0.63125 0.24958333281249998 0.63125 0.2082291671875 0.572734375 0.2082291671875 0.572734375 0.24958333281249998 0.63125 0.24958333281249998
1 0.577109375 0.25729166718749996 0.577109375 0.2236458328125 0.530859375 0.2236458328125 0.530859375 0.25729166718749996 0.577109375 0.25729166718749996
1 0.5337500000000001 0.2630208328125 0.5337500000000001 0.2341666671875 0.47890625 0.2341666671875 0.47890625 0.2630208328125 0.5337500000000001 0.2630208328125
1 0.5662499999999999 0.5113541671874999 0.5662499999999999 0.48635416718749996 0.538125 0.48635416718749996 0.538125 0.5113541671874999 0.5662499999999999 0.5113541671874999
1 0.6246875000000001 0.5238541671875 0.6246875000000001 0.4795833328125 0.56484375 0.4795833328125 0.56484375 0.5238541671875 0.6246875000000001 0.5238541671875
1 0.6825 0.5372916671875 0.6825 0.5007291671874999 0.618203125 0.5007291671874999 0.618203125 0.5372916671875 0.6825 0.5372916671875
1 0.77265625 0.5488541671875 0.77265625 0.5036458328125 0.678828125 0.5036458328125 0.678828125 0.5488541671875 0.77265625 0.5488541671875
1 0.969140625 0.2740625 0.969140625 0.2370833328125 0.903359375 0.2370833328125 0.903359375 0.2740625 0.969140625 0.2740625
1 0.30007812500000003 0.1477083328125 0.30007812500000003 0.0633333328125 0.08695312499999999 0.0633333328125 0.08695312499999999 0.1477083328125 0.30007812500000003 0.1477083328125
1 0.14585937499999999 0.23541666718749998 0.14585937499999999 0.1845833328125 0.00640625 0.1845833328125 0.00640625 0.23541666718749998 0.14585937499999999 0.23541666718749998
1 0.1153125 0.6111458328125 0.1153125 0.5610416671875 0.07320312500000001 0.5610416671875 0.07320312500000001 0.6111458328125 0.1153125 0.6111458328125
1 0.058671875 0.5483333328125 0.058671875 0.5877083328125 0.07976562499999999 0.5877083328125 0.07976562499999999 0.5483333328125 0.058671875 0.5483333328125
1 0.07273437499999999 0.564375 0.07273437499999999 0.5309375000000001 0.03515625 0.5309375000000001 0.03515625 0.564375 0.07273437499999999 0.564375
1 0.023125 0.51625 0.023125 0.545 0.041171875000000004 0.545 0.041171875000000004 0.51625 0.023125 0.51625
1 0.029140624999999996 0.5342708328125 0.029140624999999996 0.506875 0.013046875 0.506875 0.013046875 0.5342708328125 0.029140624999999996 0.5342708328125
1 0.30515625 0.3032291671875 0.30515625 0.28791666718750003 0.28109375000000003 0.28791666718750003 0.28109375000000003 0.3032291671875 0.30515625 0.3032291671875
1 0.285625 0.3079166671875 0.285625 0.29125 0.26554687499999996 0.29125 0.26554687499999996 0.3079166671875 0.285625 0.3079166671875
1 0.26554687499999996 0.3133333328125 0.26554687499999996 0.2959375 0.24546874999999999 0.2959375 0.24546874999999999 0.3133333328125 0.26554687499999996 0.3133333328125
0 0.073828125 0.2536458328125 0.073828125 0.7341666671875 0.58640625 0.7341666671875 0.58640625 0.2536458328125 0.073828125 0.2536458328125