1 0.8992968749999999 0.18262499999999998 0.8992968749999999 0.134125 0.798828125 0.134125 0.798828125 0.18262499999999998 0.8992968749999999 0.18262499999999998
1 0.99296875 0.18325 0.99296875 0.125 0.894296875 0.125 0.894296875 0.18325 0.99296875 0.18325
1 0.657265625 0.1965 0.657265625 0.13999999999999999 0.553359375 0.13999999999999999 0.553359375 0.1965 0.657265625 0.1965
1 0.5959375 0.131625 0.5959375 0.06675 0.467109375 0.06675 0.467109375 0.131625 0.5959375 0.131625
1 0.589765625 0.14825 0.589765625 0.098375 0.468125 0.098375 0.468125 0.14825 0.589765625 0.14825
1 0.560625 0.166625 0.560625 0.125 0.47125000000000006 0.125 0.47125000000000006 0.166625 0.560625 0.166625
1 0.562734375 0.199875 0.562734375 0.159875 0.46187500000000004 0.159875 0.46187500000000004 0.199875 0.562734375 0.199875
1 0.306015625 0.21974999999999997 0.306015625 0.166625 0.2290625 0.166625 0.2290625 0.21974999999999997 0.306015625 0.21974999999999997
1 0.175 0.179875 0.175 0.21974999999999997 0.236328125 0.21974999999999997 0.236328125 0.179875 0.175 0.179875
1 0.180234375 0.213125 0.180234375 0.1765 0.138671875 0.1765 0.138671875 0.213125 0.180234375 0.213125
1 0.5253125 0.9881249999999999 0.5253125 0.748625 0.311171875 0.748625 0.311171875 0.9881249999999999 0.5253125 0.9881249999999999
1 0.333046875 0.9963749999999999 0.333046875 0.89825 0.27273437500000003 0.89825 0.27273437500000003 0.9963749999999999 0.333046875 0.9963749999999999
1 0.6333593750000001 0.84175 0.6333593750000001 0.677125 0.493046875 0.677125 0.493046875 0.84175 0.6333593750000001 0.84175
1 0.7134375000000001 0.685375 0.7134375000000001 0.55575 0.58765625 0.55575 0.58765625 0.685375 0.7134375000000001 0.685375
1 0.70921875 0.7386250000000001 0.70921875 0.6288750000000001 0.6209374999999999 0.6288750000000001 0.6209374999999999 0.7386250000000001 0.70921875 0.7386250000000001
1 0.745625 0.6521250000000001 0.745625 0.567375 0.659375 0.567375 0.659375 0.6521250000000001 0.745625 0.6521250000000001
1 0.696796875 0.5157499999999999 0.696796875 0.47925000000000006 0.604296875 0.47925000000000006 0.604296875 0.5157499999999999 0.696796875 0.5157499999999999
1 0.5211718750000001 0.45925000000000005 0.5211718750000001 0.5025000000000001 0.621953125 0.5025000000000001 0.621953125 0.45925000000000005 0.5211718750000001 0.45925000000000005
1 0.821484375 0.5225 0.821484375 0.475875 0.6946875 0.475875 0.6946875 0.5225 0.821484375 0.5225
1 0.9046875 0.52575 0.9046875 0.46925 0.801796875 0.46925 0.801796875 0.52575 0.9046875 0.52575
1 0.995078125 0.552375 0.995078125 0.475875 0.8890625 0.475875 0.8890625 0.552375 0.995078125 0.552375
1 0.28125 0.00575 0.28125 0.07475000000000001 0.7661718750000001 0.07475000000000001 0.7661718750000001 0.00575 0.28125 0.00575