1 0.800078125 0.5 0.800078125 0.451527778125 0.733046875 0.451527778125 0.733046875 0.5 0.800078125 0.5
1 0.786875 0.17430555625 0.786875 0.08569444375 0.65125 0.08569444375 0.65125 0.17430555625 0.786875 0.17430555625
1 0.666796875 0.17986111093749999 0.666796875 0.11333333281249999 0.5818749999999999 0.11333333281249999 0.5818749999999999 0.17986111093749999 0.666796875 0.17986111093749999
1 0.6392187500000001 0.14625 0.6392187500000001 0.04805555625 0.526171875 0.04805555625 0.526171875 0.14625 0.6392187500000001 0.14625
1 0.8373437499999999 0.1808333328125 0.8373437499999999 0.1023611109375 0.741171875 0.1023611109375 0.741171875 0.1808333328125 0.8373437499999999 0.1808333328125
1 0.9042187500000001 0.1901388890625 0.9042187500000001 0.14625 0.852890625 0.14625 0.852890625 0.1901388890625 0.9042187500000001 0.1901388890625
1 0.8917187500000001 0.2776388890625 0.8917187500000001 0.25027777812499996 0.8659375 0.25027777812499996 0.8659375 0.2776388890625 0.8917187500000001 0.2776388890625
1 0.793828125 0.26069444375 0.793828125 0.23180555625000002 0.748671875 0.23180555625000002 0.748671875 0.26069444375 0.793828125 0.26069444375
1 0.668828125 0.25666666718750003 0.668828125 0.2198611109375 0.626875 0.2198611109375 0.626875 0.25666666718750003 0.668828125 0.25666666718750003
1 0.629609375 0.24944444375 0.629609375 0.22458333281249998 0.5795312499999999 0.22458333281249998 0.5795312499999999 0.24944444375 0.629609375 0.24944444375
1 0.5790625 0.24874999999999997 0.5790625 0.22138888906249998 0.5271874999999999 0.22138888906249998 0.5271874999999999 0.24874999999999997 0.5790625 0.24874999999999997
1 0.528515625 0.25194444374999997 0.528515625 0.2141666671875 0.47984375 0.2141666671875 0.47984375 0.25194444374999997 0.528515625 0.25194444374999997
1 0.47484374999999995 0.26 0.47484374999999995 0.22861111093750003 0.42210937499999995 0.22861111093750003 0.42210937499999995 0.26 0.47484374999999995 0.26
1 0.6303124999999999 0.321527778125 0.6303124999999999 0.30819444375 0.598046875 0.30819444375 0.598046875 0.321527778125 0.6303124999999999 0.321527778125
1 0.628828125 0.3048611109375 0.628828125 0.2854166671875 0.604765625 0.2854166671875 0.604765625 0.3048611109375 0.628828125 0.3048611109375
1 0.660078125 0.5255555562499999 0.660078125 0.47069444374999997 0.5122656250000001 0.47069444374999997 0.5122656250000001 0.5255555562499999 0.660078125 0.5255555562499999
1 0.034453125 0.6465277781250001 0.034453125 0.5980555562500001 0.00125 0.5980555562500001 0.00125 0.6465277781250001 0.034453125 0.6465277781250001
1 0.05 0.3463888890625 0.05 0.314027778125 0.018203125 0.314027778125 0.018203125 0.3463888890625 0.05 0.3463888890625
1 0.051328125 0.290972221875 0.051328125 0.34055555625 0.097421875 0.34055555625 0.097421875 0.290972221875 0.051328125 0.290972221875
0 0.051875000000000004 0.25125000000000003 0.051875000000000004 0.65930555625 0.207265625 0.65930555625 0.207265625 0.25125000000000003 0.051875000000000004 0.25125000000000003
0 0.1590625 0.3254166671875 0.1590625 0.5304166671874999 0.238671875 0.5304166671874999 0.238671875 0.3254166671875 0.1590625 0.3254166671875
0 0.37671875 0.27819444375 0.37671875 0.5745833328125001 0.5055468750000001 0.5745833328125001 0.5055468750000001 0.27819444375 0.37671875 0.27819444375
0 0.40875000000000006 0.50555555625 0.40875000000000006 0.32458333281249996 0.33765625 0.32458333281249996 0.33765625 0.50555555625 0.40875000000000006 0.50555555625
0 0.354609375 0.48722222187500003 0.354609375 0.35902777812500003 0.32484375 0.35902777812500003 0.32484375 0.48722222187500003 0.354609375 0.48722222187500003
0 0.2546875 0.3625 0.2546875 0.460972221875 0.276875 0.460972221875 0.276875 0.3625 0.2546875 0.3625
0 0.22742187500000002 0.3323611109375 0.22742187500000002 0.47416666718749995 0.2634375 0.47416666718749995 0.2634375 0.3323611109375 0.22742187500000002 0.3323611109375