1 0.5257031249999999 0.17541666718749999 0.5257031249999999 0.1445833328125 0.46070312500000005 0.1445833328125 0.46070312500000005 0.17541666718749999 0.5257031249999999 0.17541666718749999
1 0.40499999999999997 0.1320833328125 0.40499999999999997 0.0713888890625 0.35515625 0.0713888890625 0.35515625 0.1320833328125 0.40499999999999997 0.1320833328125
1 0.14953125 0.323472221875 0.14953125 0.292777778125 0.1015625 0.292777778125 0.1015625 0.323472221875 0.14953125 0.323472221875
1 0.15125 0.5147222218749999 0.15125 0.48194444374999995 0.11984375 0.48194444374999995 0.11984375 0.5147222218749999 0.15125 0.5147222218749999
1 0.09132812500000001 0.28472222187499996 0.09132812500000001 0.223472221875 0.004921875 0.223472221875 0.004921875 0.28472222187499996 0.09132812500000001 0.28472222187499996
1 0.029843750000000002 0.3573611109375 0.029843750000000002 0.327222221875 0.004296875 0.327222221875 0.004296875 0.3573611109375 0.029843750000000002 0.3573611109375
1 0.064375 0.3426388890625 0.064375 0.31597222187499996 0.025703125 0.31597222187499996 0.025703125 0.3426388890625 0.064375 0.3426388890625
1 0.063671875 0.298472221875 0.063671875 0.3379166671875 0.10765625000000001 0.3379166671875 0.10765625000000001 0.298472221875 0.063671875 0.298472221875
0 0.413203125 0.1829166671875 0.413203125 0.850972221875 0.9493750000000001 0.850972221875 0.9493750000000001 0.1829166671875 0.413203125 0.1829166671875
0 0.317578125 0.28930555625 0.317578125 0.5 0.46492187500000004 0.5 0.46492187500000004 0.28930555625 0.317578125 0.28930555625
0 0.29140625 0.34305555625 0.29140625 0.47694444375 0.34421875 0.47694444375 0.34421875 0.34305555625 0.29140625 0.34305555625
0 0.21812499999999999 0.337777778125 0.21812499999999999 0.46444444375 0.2496875 0.46444444375 0.2496875 0.337777778125 0.21812499999999999 0.337777778125
0 0.152734375 0.26 0.152734375 0.46444444375 0.22398437499999999 0.46444444375 0.22398437499999999 0.26 0.152734375 0.26