1 0.62890625 0.2478125 0.62890625 0.1964583328125 0.5114062500000001 0.1964583328125 0.5114062500000001 0.2478125 0.62890625 0.2478125
1 0.47726562499999997 0.1335416671875 0.47726562499999997 0.0078125 0.065703125 0.0078125 0.065703125 0.1335416671875 0.47726562499999997 0.1335416671875
1 0.09867187499999999 0.001875 0.09867187499999999 0.0517708328125 0.4803125 0.0517708328125 0.4803125 0.001875 0.09867187499999999 0.001875
1 0.271015625 0.1798958328125 0.271015625 0.0689583328125 0.031093749999999996 0.0689583328125 0.031093749999999996 0.1798958328125 0.271015625 0.1798958328125
1 0.2528125 0.1913541671875 0.2528125 0.1209375 0.011171875000000001 0.1209375 0.011171875000000001 0.1913541671875 0.2528125 0.1913541671875
1 0.0396875 0.5955208328125 0.0396875 0.5455208328125 0.013046875 0.5455208328125 0.013046875 0.5955208328125 0.0396875 0.5955208328125
1 0.17976562499999998 0.6311458328125 0.17976562499999998 0.5647916671875 0.025312499999999998 0.5647916671875 0.025312499999999998 0.6311458328125 0.17976562499999998 0.6311458328125
1 0.181171875 0.6599999999999999 0.181171875 0.5820833328125 0.046953125 0.5820833328125 0.046953125 0.6599999999999999 0.181171875 0.6599999999999999
1 0.2678125 0.7158333328125 0.2678125 0.6147916671875 0.08375 0.6147916671875 0.08375 0.7158333328125 0.2678125 0.7158333328125
1 0.337109375 0.7726041671874999 0.337109375 0.6484375 0.12273437499999999 0.6484375 0.12273437499999999 0.7726041671874999 0.337109375 0.7726041671874999
1 0.46195312499999996 0.8495833328125 0.46195312499999996 0.6869791671875001 0.173984375 0.6869791671875001 0.173984375 0.8495833328125 0.46195312499999996 0.8495833328125
1 0.5177343750000001 0.9997916671875 0.5177343750000001 0.9111458328125 0.391953125 0.9111458328125 0.391953125 0.9997916671875 0.5177343750000001 0.9997916671875
1 0.001171875 0.5341666671875 0.001171875 0.586875 0.016718749999999998 0.586875 0.016718749999999998 0.5341666671875 0.001171875 0.5341666671875