1 0.9966406250000001 0.9763888890624999 0.9966406250000001 0.69305555625 0.7171875 0.69305555625 0.7171875 0.9763888890624999 0.9966406250000001 0.9763888890624999
1 0.858984375 0.595972221875 0.858984375 0.4311111109375 0.674296875 0.4311111109375 0.674296875 0.595972221875 0.858984375 0.595972221875
1 0.69140625 0.61819444375 0.69140625 0.4948611109375 0.450546875 0.4948611109375 0.450546875 0.61819444375 0.69140625 0.61819444375
1 0.4515625 0.5759722218750001 0.4515625 0.5134722218750001 0.42000000000000004 0.5134722218750001 0.42000000000000004 0.5759722218750001 0.4515625 0.5759722218750001
1 0.401484375 0.5054166671875 0.401484375 0.55430555625 0.42132812499999994 0.55430555625 0.42132812499999994 0.5054166671875 0.401484375 0.5054166671875
1 0.406875 0.54319444375 0.406875 0.49736111093749996 0.38703125 0.49736111093749996 0.38703125 0.54319444375 0.406875 0.54319444375
1 0.373046875 0.48541666718750004 0.373046875 0.5198611109375 0.38796875000000003 0.5198611109375 0.38796875000000003 0.48541666718750004 0.373046875 0.48541666718750004
1 0.373046875 0.515 0.373046875 0.4845833328125 0.362734375 0.4845833328125 0.362734375 0.515 0.373046875 0.515
1 0.5745312499999999 0.29472222187499997 0.5745312499999999 0.26625 0.544453125 0.26625 0.544453125 0.29472222187499997 0.5745312499999999 0.29472222187499997
1 0.544453125 0.2991666671875 0.544453125 0.2779166671875 0.5294531250000001 0.2779166671875 0.5294531250000001 0.2991666671875 0.544453125 0.2991666671875
1 0.528828125 0.30305555625 0.528828125 0.2823611109375 0.51125 0.2823611109375 0.51125 0.30305555625 0.528828125 0.30305555625
1 0.63828125 0.25736111093749997 0.63828125 0.22555555625 0.6046875 0.22555555625 0.6046875 0.25736111093749997 0.63828125 0.25736111093749997
1 0.6328125 0.2054166671875 0.6328125 0.239027778125 0.663671875 0.239027778125 0.663671875 0.2054166671875 0.6328125 0.2054166671875
1 0.664765625 0.19388888906249999 0.664765625 0.23722222187500003 0.711875 0.23722222187500003 0.711875 0.19388888906249999 0.664765625 0.19388888906249999
1 0.77578125 0.19958333281250001 0.77578125 0.1611111109375 0.728125 0.1611111109375 0.728125 0.19958333281250001 0.77578125 0.19958333281250001
1 0.8455468749999999 0.1745833328125 0.8455468749999999 0.14375 0.7752343749999999 0.14375 0.7752343749999999 0.1745833328125 0.8455468749999999 0.1745833328125
1 0.5697656249999999 0.11069444375 0.5697656249999999 0.0173611109375 0.40359375000000003 0.0173611109375 0.40359375000000003 0.11069444375 0.5697656249999999 0.11069444375
1 0.566484375 0.14819444375 0.566484375 0.074027778125 0.38351562499999997 0.074027778125 0.38351562499999997 0.14819444375 0.566484375 0.14819444375
1 0.036640624999999996 0.7352777781250001 0.036640624999999996 0.65069444375 0.00140625 0.65069444375 0.00140625 0.7352777781250001 0.036640624999999996 0.7352777781250001
1 0.113984375 0.65069444375 0.113984375 0.57944444375 0.017656250000000002 0.57944444375 0.017656250000000002 0.65069444375 0.113984375 0.65069444375
1 0.1375 0.6179166671874999 0.1375 0.56055555625 0.104296875 0.56055555625 0.104296875 0.6179166671874999 0.1375 0.6179166671874999
1 0.151875 0.5816666671874999 0.151875 0.54055555625 0.12242187499999999 0.54055555625 0.12242187499999999 0.5816666671874999 0.151875 0.5816666671874999
1 0.16664062500000001 0.5661111109375 0.16664062500000001 0.526527778125 0.14781249999999999 0.526527778125 0.14781249999999999 0.5661111109375 0.16664062500000001 0.5661111109375
1 0.180390625 0.55444444375 0.180390625 0.51875 0.161015625 0.51875 0.161015625 0.55444444375 0.180390625 0.55444444375
1 0.153203125 0.285277778125 0.153203125 0.17944444375 0.0053906250000000005 0.17944444375 0.0053906250000000005 0.285277778125 0.153203125 0.285277778125
1 0.13265625 0.24583333281250003 0.13265625 0.13125 0.002734375 0.13125 0.002734375 0.24583333281250003 0.13265625 0.24583333281250003
1 0.103359375 0.1929166671875 0.103359375 0.0716666671875 0.002734375 0.0716666671875 0.002734375 0.1929166671875 0.103359375 0.1929166671875
1 0.07765625000000001 0.0988888890625 0.07765625000000001 0.00069444375 0.00671875 0.00069444375 0.00671875 0.0988888890625 0.07765625000000001 0.0988888890625
1 0.204296875 0.11333333281249999 0.204296875 0.06999999999999999 0.14906250000000001 0.06999999999999999 0.14906250000000001 0.11333333281249999 0.204296875 0.11333333281249999
1 0.18046875 0.2779166671875 0.18046875 0.225 0.10414062500000001 0.225 0.10414062500000001 0.2779166671875 0.18046875 0.2779166671875
1 0.20945312500000002 0.33166666718750004 0.20945312500000002 0.2848611109375 0.129765625 0.2848611109375 0.129765625 0.33166666718750004 0.20945312500000002 0.33166666718750004
1 0.12335937500000001 0.3476388890625 0.12335937500000001 0.3095833328125 0.08234375000000001 0.3095833328125 0.08234375000000001 0.3476388890625 0.12335937500000001 0.3476388890625
1 0.46125 0.20805555625 0.46125 0.15805555625 0.36328125 0.15805555625 0.36328125 0.20805555625 0.46125 0.20805555625
1 0.4325 0.2491666671875 0.4325 0.20694444375 0.35359375000000004 0.20694444375 0.35359375000000004 0.2491666671875 0.4325 0.2491666671875
1 0.41156249999999994 0.2926388890625 0.41156249999999994 0.25694444375000003 0.339453125 0.25694444375000003 0.339453125 0.2926388890625 0.41156249999999994 0.2926388890625
1 0.6622656250000001 0.15375 0.6622656250000001 0.0775 0.520625 0.0775 0.520625 0.15375 0.6622656250000001 0.15375
1 0.546015625 0.2311111109375 0.546015625 0.1826388890625 0.43421875 0.1826388890625 0.43421875 0.2311111109375 0.546015625 0.2311111109375
0 0.24265625000000002 0.3876388890625 0.24265625000000002 0.4651388890625 0.269296875 0.4651388890625 0.269296875 0.3876388890625 0.24265625000000002 0.3876388890625