1 0.56125 0.968625 0.56125 0.6755 0.37453125 0.6755 0.37453125 0.968625 0.56125 0.968625
1 0.41039062499999995 0.994375 0.41039062499999995 0.813375 0.18953124999999998 0.813375 0.18953124999999998 0.994375 0.41039062499999995 0.994375
1 0.160859375 0.22512500000000002 0.160859375 0.1835 0.10960937500000001 0.1835 0.10960937500000001 0.22512500000000002 0.160859375 0.22512500000000002
1 0.05546875 0.172 0.05546875 0.22625 0.108125 0.22625 0.108125 0.172 0.05546875 0.172
1 0.20921875 0.245875 0.20921875 0.1985 0.159375 0.1985 0.159375 0.245875 0.20921875 0.245875
1 0.173125 0.130375 0.173125 0.051875000000000004 0.07710937500000001 0.051875000000000004 0.07710937500000001 0.130375 0.173125 0.130375
1 0.041015625 0.050749999999999997 0.041015625 0.130375 0.079296875 0.130375 0.079296875 0.050749999999999997 0.041015625 0.050749999999999997
1 0.7123437499999999 0.700875 0.7123437499999999 0.591125 0.51484375 0.591125 0.51484375 0.700875 0.7123437499999999 0.700875
1 0.750859375 0.656875 0.750859375 0.561 0.694609375 0.561 0.694609375 0.656875 0.750859375 0.656875
1 0.781875 0.6174999999999999 0.781875 0.534375 0.719140625 0.534375 0.719140625 0.6174999999999999 0.781875 0.6174999999999999
1 0.811484375 0.58525 0.811484375 0.525125 0.769609375 0.525125 0.769609375 0.58525 0.811484375 0.58525
1 0.82890625 0.54925 0.82890625 0.50175 0.8021874999999999 0.50175 0.8021874999999999 0.54925 0.82890625 0.54925
1 0.84640625 0.54125 0.84640625 0.496375 0.8189062500000001 0.496375 0.8189062500000001 0.54125 0.84640625 0.54125
0 0.9690625 0.42225 0.9690625 0.32637499999999997 0.9409375000000001 0.32637499999999997 0.9409375000000001 0.42225 0.9690625 0.42225
1 0.85484375 0.16412500000000002 0.85484375 0.0865 0.677265625 0.0865 0.677265625 0.16412500000000002 0.85484375 0.16412500000000002
1 0.563828125 0.015875 0.563828125 0.09762499999999999 0.809765625 0.09762499999999999 0.809765625 0.015875 0.563828125 0.015875
1 0.77515625 0.0755 0.77515625 0.002 0.5257031249999999 0.002 0.5257031249999999 0.0755 0.77515625 0.0755
1 0.8928125 0.214625 0.8928125 0.179875 0.7731250000000001 0.179875 0.7731250000000001 0.214625 0.8928125 0.214625