0 0.760234375 0.13555555625 0.760234375 0.7486111109375 0.9932812500000001 0.7486111109375 0.9932812500000001 0.13555555625 0.760234375 0.13555555625
0 0.37765624999999997 0.22180555625 0.37765624999999997 0.73430555625 0.7306250000000001 0.73430555625 0.7306250000000001 0.22180555625 0.37765624999999997 0.22180555625
0 0.40828125000000004 0.5441666671875 0.40828125000000004 0.2725 0.31703125 0.2725 0.31703125 0.5441666671875 0.40828125000000004 0.5441666671875
0 0.32640625 0.4970833328125 0.32640625 0.3376388890625 0.299140625 0.3376388890625 0.299140625 0.4970833328125 0.32640625 0.4970833328125
0 0.28015625 0.374027778125 0.28015625 0.4798611109375 0.30546875 0.4798611109375 0.30546875 0.374027778125 0.28015625 0.374027778125
0 0.09210937500000001 0.3211111109375 0.09210937500000001 0.5913888890625 0.18546875000000002 0.5913888890625 0.18546875000000002 0.3211111109375 0.09210937500000001 0.3211111109375
0 0.090703125 0.76569444375 0.090703125 0.2601388890625 0.0028125 0.2601388890625 0.0028125 0.76569444375 0.090703125 0.76569444375
0 0.21390625000000002 0.34861111093749997 0.21390625000000002 0.47291666718750003 0.242265625 0.47291666718750003 0.242265625 0.34861111093749997 0.21390625000000002 0.34861111093749997
0 0.18453124999999998 0.3125 0.18453124999999998 0.478472221875 0.21749999999999997 0.478472221875 0.21749999999999997 0.3125 0.18453124999999998 0.3125
1 0.691640625 0.2054166671875 0.691640625 0.17569444375 0.6559375000000001 0.17569444375 0.6559375000000001 0.2054166671875 0.691640625 0.2054166671875
1 0.734375 0.20833333281250002 0.734375 0.174722221875 0.6857031250000001 0.174722221875 0.6857031250000001 0.20833333281250002 0.734375 0.20833333281250002
1 0.621796875 0.199722221875 0.621796875 0.1554166671875 0.56875 0.1554166671875 0.56875 0.199722221875 0.621796875 0.199722221875
1 0.497265625 0.160277778125 0.497265625 0.1891666671875 0.56875 0.1891666671875 0.56875 0.160277778125 0.497265625 0.160277778125
1 0.578046875 0.005138889062500001 0.578046875 0.09805555625 0.7659374999999999 0.09805555625 0.7659374999999999 0.005138889062500001 0.578046875 0.005138889062500001
1 0.8260937500000001 0.1113888890625 0.8260937500000001 0.0073611109375 0.698828125 0.0073611109375 0.698828125 0.1113888890625 0.8260937500000001 0.1113888890625
1 0.9546093750000001 0.0848611109375 0.9546093750000001 0.0033333328125 0.8133593749999999 0.0033333328125 0.8133593749999999 0.0848611109375 0.9546093750000001 0.0848611109375
1 0.1696875 0.20888888906249997 0.1696875 0.14055555625 0.106328125 0.14055555625 0.106328125 0.20888888906249997 0.1696875 0.20888888906249997
1 0.127421875 0.216527778125 0.127421875 0.15111111093750001 0.078203125 0.15111111093750001 0.078203125 0.216527778125 0.127421875 0.216527778125
1 0.08742187500000001 0.305 0.08742187500000001 0.2241666671875 0.0040625 0.2241666671875 0.0040625 0.305 0.08742187500000001 0.305
1 0.41859375 0.14416666718749999 0.41859375 0.10819444375000001 0.37953125 0.10819444375000001 0.37953125 0.14416666718749999 0.41859375 0.14416666718749999