1 0.99578125 0.2635416671875 0.99578125 0.0408333328125 0.7424999999999999 0.0408333328125 0.7424999999999999 0.2635416671875 0.99578125 0.2635416671875
1 0.72453125 0.007291667187500001 0.72453125 0.12468749999999999 0.999375 0.12468749999999999 0.999375 0.007291667187500001 0.72453125 0.007291667187500001
1 0.9903906250000001 0.4407291671875 0.9903906250000001 0.2060416671875 0.7299218749999999 0.2060416671875 0.7299218749999999 0.4407291671875 0.9903906250000001 0.4407291671875
1 0.9939843749999999 0.5771875 0.9939843749999999 0.385625 0.72453125 0.385625 0.72453125 0.5771875 0.9939843749999999 0.5771875
1 0.99578125 0.7424999999999999 0.99578125 0.5078125 0.722734375 0.5078125 0.722734375 0.7424999999999999 0.99578125 0.7424999999999999
1 0.9939843749999999 0.9316666671875 0.9939843749999999 0.6275000000000001 0.7299218749999999 0.6275000000000001 0.7299218749999999 0.9316666671875 0.9939843749999999 0.9316666671875
1 0.98859375 0.9819791671875 0.98859375 0.7832291671875 0.7173437500000001 0.7832291671875 0.7173437500000001 0.9819791671875 0.98859375 0.9819791671875
1 0.733515625 0.9915625 0.733515625 0.77125 0.40484375000000006 0.77125 0.40484375000000006 0.9915625 0.733515625 0.9915625
1 0.620390625 0.99875 0.620390625 0.8597916671875 0.39765625 0.8597916671875 0.39765625 0.99875 0.620390625 0.99875
1 0.39046875000000003 0.6849999999999999 0.39046875000000003 0.9148958328125 0.737109375 0.9148958328125 0.737109375 0.6849999999999999 0.39046875000000003 0.6849999999999999
1 0.75328125 0.8046875 0.75328125 0.5725 0.38328125 0.5725 0.38328125 0.8046875 0.75328125 0.8046875
1 0.38328125 0.4766666671875 0.38328125 0.6538541671875 0.7353125 0.6538541671875 0.7353125 0.4766666671875 0.38328125 0.4766666671875
1 0.385078125 0.36885416718749997 0.385078125 0.5126041671875 0.7874218749999999 0.5126041671875 0.7874218749999999 0.36885416718749997 0.385078125 0.36885416718749997
1 0.377890625 0.25875 0.377890625 0.3880208328125 0.7784375 0.3880208328125 0.7784375 0.25875 0.377890625 0.25875
1 0.3796875 0.11510416718750001 0.3796875 0.2946875 0.7478906249999999 0.2946875 0.7478906249999999 0.11510416718750001 0.3796875 0.11510416718750001
1 0.740703125 0.1964583328125 0.740703125 0.007291667187500001 0.3796875 0.007291667187500001 0.3796875 0.1964583328125 0.740703125 0.1964583328125
1 0.392265625 0.0048958328125 0.392265625 0.0935416671875 0.65453125 0.0935416671875 0.65453125 0.0048958328125 0.392265625 0.0048958328125
1 0.38687499999999997 0.215625 0.38687499999999997 0.0360416671875 0.209140625 0.0360416671875 0.209140625 0.215625 0.38687499999999997 0.215625
1 0.40125 0.2611458328125 0.40125 0.11750000000000001 0.232421875 0.11750000000000001 0.232421875 0.2611458328125 0.40125 0.2611458328125
1 0.43 0.33541666718749996 0.43 0.2060416671875 0.23960937499999999 0.2060416671875 0.23960937499999999 0.33541666718749996 0.43 0.33541666718749996
1 0.38328125 0.4311458328125 0.38328125 0.2922916671875 0.23781249999999998 0.2922916671875 0.23781249999999998 0.4311458328125 0.38328125 0.4311458328125
1 0.388671875 0.49343750000000003 0.388671875 0.36885416718749997 0.23960937499999999 0.36885416718749997 0.23960937499999999 0.49343750000000003 0.388671875 0.49343750000000003
1 0.399453125 0.5867708328125001 0.399453125 0.44312500000000005 0.23421875 0.44312500000000005 0.23421875 0.5867708328125001 0.399453125 0.5867708328125001
1 0.39765625 0.6514583328125 0.39765625 0.5221875 0.228828125 0.5221875 0.228828125 0.6514583328125 0.39765625 0.6514583328125
1 0.399453125 0.7592708328125 0.399453125 0.5915625 0.230625 0.5915625 0.230625 0.7592708328125 0.399453125 0.7592708328125
1 0.392265625 0.8286458328125 0.392265625 0.6538541671875 0.22703125000000002 0.6538541671875 0.22703125000000002 0.8286458328125 0.392265625 0.8286458328125
1 0.385078125 0.9220833328125 0.385078125 0.7353125 0.232421875 0.7353125 0.232421875 0.9220833328125 0.385078125 0.9220833328125
1 0.24320312500000002 0.8214583328125 0.24320312500000002 0.9915625 0.395859375 0.9915625 0.395859375 0.8214583328125 0.24320312500000002 0.8214583328125
1 0.148046875 0.7401041671875 0.148046875 0.8478125000000001 0.259375 0.8478125000000001 0.259375 0.7401041671875 0.148046875 0.7401041671875
1 0.236015625 0.7688541671875 0.236015625 0.6802083328124999 0.14625 0.6802083328124999 0.14625 0.7688541671875 0.236015625 0.7688541671875
1 0.148046875 0.6131249999999999 0.148046875 0.7424999999999999 0.24140625 0.7424999999999999 0.24140625 0.6131249999999999 0.148046875 0.6131249999999999
1 0.2521875 0.641875 0.2521875 0.5701041671875 0.14445312500000002 0.5701041671875 0.14445312500000002 0.641875 0.2521875 0.641875
1 0.14984375 0.5102083328125 0.14984375 0.6083333328125 0.24500000000000002 0.6083333328125 0.24500000000000002 0.5102083328125 0.14984375 0.5102083328125
1 0.14625 0.46947916718749994 0.14625 0.5269791671874999 0.27554687499999997 0.5269791671874999 0.27554687499999997 0.46947916718749994 0.14625 0.46947916718749994
1 0.140859375 0.3976041671875 0.140859375 0.46947916718749994 0.27554687499999997 0.46947916718749994 0.27554687499999997 0.3976041671875 0.140859375 0.3976041671875
1 0.140859375 0.34020833281249996 0.140859375 0.3976041671875 0.27015625 0.3976041671875 0.27015625 0.34020833281249996 0.140859375 0.34020833281249996
1 0.1390625 0.273125 0.1390625 0.3473958328125 0.2665625 0.3473958328125 0.2665625 0.273125 0.1390625 0.273125
1 0.11750000000000001 0.1844791671875 0.11750000000000001 0.2851041671875 0.261171875 0.2851041671875 0.261171875 0.1844791671875 0.11750000000000001 0.1844791671875
1 0.23421875 0.22999999999999998 0.23421875 0.12947916718750002 0.12468749999999999 0.12947916718750002 0.12468749999999999 0.22999999999999998 0.23421875 0.22999999999999998
1 0.354609375 0.15812500000000002 0.354609375 0.0719791671875 0.130078125 0.0719791671875 0.130078125 0.15812500000000002 0.354609375 0.15812500000000002
1 0.264765625 0.10552083281249999 0.264765625 0.0144791671875 0.14984375 0.0144791671875 0.14984375 0.10552083281249999 0.264765625 0.10552083281249999
1 0.14625 0.1461458328125 0.14625 0.0647916671875 0.068984375 0.0647916671875 0.068984375 0.1461458328125 0.14625 0.1461458328125
1 0.13187500000000002 0.2132291671875 0.13187500000000002 0.1222916671875 0.074375 0.1222916671875 0.074375 0.2132291671875 0.13187500000000002 0.2132291671875
1 0.14984375 0.2563541671875 0.14984375 0.17010416718750002 0.0671875 0.17010416718750002 0.0671875 0.2563541671875 0.14984375 0.2563541671875
1 0.14984375 0.2946875 0.14984375 0.23718750000000002 0.07078124999999999 0.23718750000000002 0.07078124999999999 0.2946875 0.14984375 0.2946875
1 0.14445312500000002 0.34020833281249996 0.14445312500000002 0.2922916671875 0.061796874999999994 0.2922916671875 0.061796874999999994 0.34020833281249996 0.14445312500000002 0.34020833281249996
1 0.14625 0.3976041671875 0.14625 0.33541666718749996 0.06 0.33541666718749996 0.06 0.3976041671875 0.14625 0.3976041671875
1 0.160625 0.4503125 0.160625 0.385625 0.06 0.385625 0.06 0.4503125 0.160625 0.4503125
1 0.15703125 0.4982291671875 0.15703125 0.4407291671875 0.06 0.4407291671875 0.06 0.4982291671875 0.15703125 0.4982291671875
1 0.1534375 0.5725 0.1534375 0.49583333281249997 0.06359375 0.49583333281249997 0.06359375 0.5725 0.1534375 0.5725
1 0.1534375 0.6107291671875 0.1534375 0.5221875 0.07078124999999999 0.5221875 0.07078124999999999 0.6107291671875 0.1534375 0.6107291671875
1 0.1534375 0.6754166671874999 0.1534375 0.5701041671875 0.074375 0.5701041671875 0.074375 0.6754166671874999 0.1534375 0.6754166671874999
1 0.1534375 0.728125 0.1534375 0.6107291671875 0.08156250000000001 0.6107291671875 0.08156250000000001 0.728125 0.1534375 0.728125
1 0.151640625 0.785625 0.151640625 0.6849999999999999 0.0671875 0.6849999999999999 0.0671875 0.785625 0.151640625 0.785625