1 0.873984375 0.1840625 0.873984375 0.1480208328125 0.7482031250000001 0.1480208328125 0.7482031250000001 0.1840625 0.873984375 0.1840625
1 0.85421875 0.10916666718750001 0.85421875 0.1770833328125 0.976875 0.1770833328125 0.976875 0.10916666718750001 0.85421875 0.10916666718750001
1 0.869765625 0.22697916718750002 0.869765625 0.16875 0.766875 0.16875 0.766875 0.22697916718750002 0.869765625 0.22697916718750002
1 0.3428125 0.1647916671875 0.3428125 0.0678125 0.016484375000000002 0.0678125 0.016484375000000002 0.1647916671875 0.3428125 0.1647916671875
1 0.042421875 0.012291667187499999 0.042421875 0.0982291671875 0.35531250000000003 0.0982291671875 0.35531250000000003 0.012291667187499999 0.042421875 0.012291667187499999
1 0.5044531250000001 0.29031250000000003 0.5044531250000001 0.2683333328125 0.45210937500000004 0.2683333328125 0.45210937500000004 0.29031250000000003 0.5044531250000001 0.29031250000000003
1 0.463359375 0.2621875 0.463359375 0.24104166718750003 0.435390625 0.24104166718750003 0.435390625 0.2621875 0.463359375 0.2621875
1 0.53953125 0.9405208328124999 0.53953125 0.7577083328125 0.10140625 0.7577083328125 0.10140625 0.9405208328124999 0.53953125 0.9405208328124999
1 0.123046875 0.8202083328124999 0.123046875 0.6989583328125 0.06023437499999999 0.6989583328125 0.06023437499999999 0.8202083328124999 0.123046875 0.8202083328124999
1 0.0796875 0.6922916671875 0.0796875 0.6248958328125 0.01546875 0.6248958328125 0.01546875 0.6922916671875 0.0796875 0.6922916671875
1 0.089140625 0.7375 0.089140625 0.6480208328125 0.038593749999999996 0.6480208328125 0.038593749999999996 0.7375 0.089140625 0.7375