1 0.72828125 0.9989583328125 0.72828125 0.7428125 0.41937499999999994 0.7428125 0.41937499999999994 0.9989583328125 0.72828125 0.9989583328125
1 0.660078125 0.9104166671874999 0.660078125 0.7260416671875001 0.279296875 0.7260416671875001 0.279296875 0.9104166671874999 0.660078125 0.9104166671874999
1 0.37140625 0.7963541671875001 0.37140625 0.6635416671875001 0.20859375 0.6635416671875001 0.20859375 0.7963541671875001 0.37140625 0.7963541671875001
1 0.220703125 0.7224999999999999 0.220703125 0.6255208328124999 0.158359375 0.6255208328124999 0.158359375 0.7224999999999999 0.220703125 0.7224999999999999
1 0.49781250000000005 0.5862499999999999 0.49781250000000005 0.47416666718749995 0.15921875000000002 0.47416666718749995 0.15921875000000002 0.5862499999999999 0.49781250000000005 0.5862499999999999
1 0.188671875 0.6358333328125 0.188671875 0.5746875 0.0959375 0.5746875 0.0959375 0.6358333328125 0.188671875 0.6358333328125
1 0.11164062500000001 0.5978125000000001 0.11164062500000001 0.5384375 0.047343750000000004 0.5384375 0.047343750000000004 0.5978125000000001 0.11164062500000001 0.5978125000000001
1 0.057499999999999996 0.5696875 0.057499999999999996 0.5271874999999999 0.035859375 0.5271874999999999 0.035859375 0.5696875 0.057499999999999996 0.5696875
1 0.020234375 0.5232291671875 0.020234375 0.5585416671875 0.040078125 0.5585416671875 0.040078125 0.5232291671875 0.020234375 0.5232291671875
1 0.368046875 0.13999999999999999 0.368046875 0.0388541671875 0.09468750000000001 0.0388541671875 0.09468750000000001 0.13999999999999999 0.368046875 0.13999999999999999
1 0.24539062500000003 0.18156250000000002 0.24539062500000003 0.11229166718750001 0.059375 0.11229166718750001 0.059375 0.18156250000000002 0.24539062500000003 0.18156250000000002
1 0.20382812499999997 0.22458333281249998 0.20382812499999997 0.14416666718749999 0.034453125 0.14416666718749999 0.034453125 0.22458333281249998 0.20382812499999997 0.22458333281249998
1 0.16640625 0.2301041671875 0.16640625 0.18302083281249998 0.017812500000000002 0.18302083281249998 0.017812500000000002 0.2301041671875 0.16640625 0.2301041671875
1 0.364921875 0.22875 0.364921875 0.1677083328125 0.28078125 0.1677083328125 0.28078125 0.22875 0.364921875 0.22875
1 0.47515625000000006 0.2023958328125 0.47515625000000006 0.13999999999999999 0.342109375 0.13999999999999999 0.342109375 0.2023958328125 0.47515625000000006 0.2023958328125