0 0.7047656250000001 0.4542708328125 0.7047656250000001 0.3254166671875 0.617421875 0.3254166671875 0.617421875 0.4542708328125 0.7047656250000001 0.4542708328125
1 0.9084375 0.20625 0.9084375 0.14250000000000002 0.7494531249999999 0.14250000000000002 0.7494531249999999 0.20625 0.9084375 0.20625
1 0.33414062499999997 0.1573958328125 0.33414062499999997 0.0409375 0.051484375000000006 0.0409375 0.051484375000000006 0.1573958328125 0.33414062499999997 0.1573958328125
1 0.148125 0.0035416671875 0.148125 0.0797916671875 0.4765625 0.0797916671875 0.4765625 0.0035416671875 0.148125 0.0035416671875
1 0.5569531249999999 0.2766666671875 0.5569531249999999 0.2236458328125 0.47828125000000005 0.2236458328125 0.47828125000000005 0.2766666671875 0.5569531249999999 0.2766666671875
1 0.47320312500000006 0.27177083281250003 0.47320312500000006 0.2352083328125 0.378671875 0.2352083328125 0.378671875 0.27177083281250003 0.47320312500000006 0.27177083281250003
1 0.33390624999999996 0.263125 0.33390624999999996 0.2246875 0.23289062500000002 0.2246875 0.23289062500000002 0.263125 0.33390624999999996 0.263125
1 0.136171875 0.2102083328125 0.136171875 0.2544791671875 0.237890625 0.2544791671875 0.237890625 0.2102083328125 0.136171875 0.2102083328125
1 0.580703125 0.4407291671875 0.580703125 0.3908333328125 0.3978125 0.3908333328125 0.3978125 0.4407291671875 0.580703125 0.4407291671875
1 0.2140625 0.6793750000000001 0.2140625 0.58125 0.078125 0.58125 0.078125 0.6793750000000001 0.2140625 0.6793750000000001
1 0.30070312499999996 0.7163541671875 0.30070312499999996 0.6228125 0.10406249999999999 0.6228125 0.10406249999999999 0.7163541671875 0.30070312499999996 0.7163541671875
1 0.354375 0.8571875 0.354375 0.7036458328124999 0.18460937500000002 0.7036458328124999 0.18460937500000002 0.8571875 0.354375 0.8571875
1 0.77453125 0.9864583328125001 0.77453125 0.7757291671875 0.28421875 0.7757291671875 0.28421875 0.9864583328125001 0.77453125 0.9864583328125001
1 0.938203125 0.3023958328125 0.938203125 0.2551041671875 0.8680468749999999 0.2551041671875 0.8680468749999999 0.3023958328125 0.938203125 0.3023958328125
1 0.5125 0.0052083328125 0.5125 0.06510416718749999 0.833984375 0.06510416718749999 0.833984375 0.0052083328125 0.5125 0.0052083328125
1 0.901953125 0.9923958328125 0.901953125 0.8367708328125 0.44578125 0.8367708328125 0.44578125 0.9923958328125 0.901953125 0.9923958328125