1 0.993828125 0.860277778125 0.993828125 0.6255555562499999 0.836171875 0.6255555562499999 0.836171875 0.860277778125 0.993828125 0.860277778125
1 0.918359375 0.76930555625 0.918359375 0.5729166671875 0.66109375 0.5729166671875 0.66109375 0.76930555625 0.918359375 0.76930555625
1 0.704609375 0.68625 0.704609375 0.5426388890625 0.55984375 0.5426388890625 0.55984375 0.68625 0.704609375 0.68625
1 0.49874999999999997 0.537222221875 0.49874999999999997 0.6287499999999999 0.5571875000000001 0.6287499999999999 0.5571875000000001 0.537222221875 0.49874999999999997 0.537222221875
1 0.528359375 0.5816666671874999 0.528359375 0.504027778125 0.458203125 0.504027778125 0.458203125 0.5816666671874999 0.528359375 0.5816666671874999
1 0.469140625 0.549722221875 0.469140625 0.4998611109375 0.43093750000000003 0.4998611109375 0.43093750000000003 0.549722221875 0.469140625 0.549722221875
1 0.407578125 0.49430555624999994 0.407578125 0.54694444375 0.43093750000000003 0.54694444375 0.43093750000000003 0.49430555624999994 0.407578125 0.49430555624999994
1 0.409765625 0.525972221875 0.409765625 0.4826388890625 0.391953125 0.4826388890625 0.391953125 0.525972221875 0.409765625 0.525972221875
1 0.3984375 0.5134722218750001 0.3984375 0.48166666718749995 0.377265625 0.48166666718749995 0.377265625 0.5134722218750001 0.3984375 0.5134722218750001
1 0.6404687499999999 0.09361111093749999 0.6404687499999999 0.0018055562500000001 0.43726562500000005 0.0018055562500000001 0.43726562500000005 0.09361111093749999 0.6404687499999999 0.09361111093749999
1 0.9828906249999999 0.1686111109375 0.9828906249999999 0.1366666671875 0.94703125 0.1366666671875 0.94703125 0.1686111109375 0.9828906249999999 0.1686111109375
1 0.49992187499999996 0.19944444374999998 0.49992187499999996 0.1488888890625 0.378125 0.1488888890625 0.378125 0.19944444374999998 0.49992187499999996 0.19944444374999998
1 0.600078125 0.21069444375000002 0.600078125 0.1513888890625 0.49093749999999997 0.1513888890625 0.49093749999999997 0.21069444375000002 0.600078125 0.21069444375000002
1 0.46749999999999997 0.22999999999999998 0.46749999999999997 0.19305555624999998 0.37046875 0.19305555624999998 0.37046875 0.22999999999999998 0.46749999999999997 0.22999999999999998
1 0.16375 0.27138888906249997 0.16375 0.2023611109375 0.063125 0.2023611109375 0.063125 0.27138888906249997 0.16375 0.27138888906249997
1 0.17953125 0.28180555625000003 0.17953125 0.22000000000000003 0.093828125 0.22000000000000003 0.093828125 0.28180555625000003 0.17953125 0.28180555625000003
1 0.21382812499999998 0.3323611109375 0.21382812499999998 0.2970833328125 0.152890625 0.2970833328125 0.152890625 0.3323611109375 0.21382812499999998 0.3323611109375
1 0.196484375 0.0348611109375 0.196484375 0.06694444375 0.232109375 0.06694444375 0.232109375 0.0348611109375 0.196484375 0.0348611109375
1 0.37515624999999997 0.05319444375 0.37515624999999997 0.022777778125000002 0.31921875 0.022777778125000002 0.31921875 0.05319444375 0.37515624999999997 0.05319444375
1 0.11968749999999999 0.1854166671875 0.11968749999999999 0.065972221875 0.004140625 0.065972221875 0.004140625 0.1854166671875 0.11968749999999999 0.1854166671875
1 0.09085937499999999 0.1263888890625 0.09085937499999999 0.005138889062500001 0.001171875 0.005138889062500001 0.001171875 0.1263888890625 0.09085937499999999 0.1263888890625
1 0.041015625 0.7776388890625 0.041015625 0.6669444437500001 0.00203125 0.6669444437500001 0.00203125 0.7776388890625 0.041015625 0.7776388890625
1 0.0859375 0.7266666671875 0.0859375 0.6120833328125 0.02046875 0.6120833328125 0.02046875 0.7266666671875 0.0859375 0.7266666671875
1 0.116796875 0.6641666671875 0.116796875 0.5804166671875 0.06593750000000001 0.5804166671875 0.06593750000000001 0.6641666671875 0.116796875 0.6641666671875
1 0.14390624999999999 0.61125 0.14390624999999999 0.5581944437499999 0.1103125 0.5581944437499999 0.1103125 0.61125 0.14390624999999999 0.61125
1 0.159609375 0.59680555625 0.159609375 0.5409722218749999 0.1384375 0.5409722218749999 0.1384375 0.59680555625 0.159609375 0.59680555625
1 0.17585937499999998 0.5708333328124999 0.17585937499999998 0.5245833328125 0.15359375 0.5245833328125 0.15359375 0.5708333328124999 0.17585937499999998 0.5708333328124999
1 0.18734375 0.5526388890625 0.18734375 0.5225 0.171640625 0.5225 0.171640625 0.5526388890625 0.18734375 0.5526388890625
1 0.19515625 0.540277778125 0.19515625 0.5102777781250001 0.178515625 0.5102777781250001 0.178515625 0.540277778125 0.19515625 0.540277778125
1 0.20203125000000002 0.530277778125 0.20203125000000002 0.5025000000000001 0.18859375 0.5025000000000001 0.18859375 0.530277778125 0.20203125000000002 0.530277778125
1 0.20984375000000002 0.52194444375 0.20984375000000002 0.49291666718749994 0.19984375000000001 0.49291666718749994 0.19984375000000001 0.52194444375 0.20984375000000002 0.52194444375
1 0.368671875 0.4761111109375 0.368671875 0.5069444437499999 0.381640625 0.5069444437499999 0.381640625 0.4761111109375 0.368671875 0.4761111109375