1 0.996796875 0.20625 0.996796875 0.14666666718750002 0.90015625 0.14666666718750002 0.90015625 0.20625 0.996796875 0.20625
1 0.904296875 0.22697916718750002 0.904296875 0.1632291671875 0.8149218749999999 0.1632291671875 0.8149218749999999 0.22697916718750002 0.904296875 0.22697916718750002
1 0.671484375 0.1992708328125 0.671484375 0.24500000000000002 0.8221875000000001 0.24364583281250002 0.8221875000000001 0.1798958328125 0.730703125 0.1798958328125 0.730703125 0.1992708328125 0.671484375 0.1992708328125
1 0.43171875000000004 0.0985416671875 0.43171875000000004 0.0094791671875 0.048125 0.0094791671875 0.048125 0.0985416671875 0.43171875000000004 0.0985416671875
1 0.42140625 0.1417708328125 0.42140625 0.022083332812500002 0.024765625 0.022083332812500002 0.024765625 0.1417708328125 0.42140625 0.1417708328125
1 0.33609374999999997 0.17375000000000002 0.33609374999999997 0.0938541671875 0.009765625 0.0938541671875 0.009765625 0.17375000000000002 0.33609374999999997 0.17375000000000002
1 0.24328124999999998 0.23562500000000003 0.24328124999999998 0.17375000000000002 0.18640625 0.17375000000000002 0.18640625 0.23562500000000003 0.24328124999999998 0.23562500000000003
1 0.21632812499999998 0.15770833281250002 0.21632812499999998 0.21760416718750003 0.3315625 0.21760416718750003 0.3315625 0.15770833281250002 0.21632812499999998 0.15770833281250002
1 0.30609375 0.6527083328125001 0.30609375 0.5608333328125 0.01875 0.5608333328125 0.01875 0.6527083328125001 0.30609375 0.6527083328125001
1 0.2821875 0.8920833328125 0.2821875 0.7085416671875 0.190859375 0.7085416671875 0.190859375 0.8920833328125 0.2821875 0.8920833328125
1 0.934765625 0.9938541671875001 0.934765625 0.9020833328125001 0.46328125 0.9020833328125001 0.46328125 0.9938541671875001 0.934765625 0.9938541671875001
1 0.6878124999999999 0.9818749999999999 0.6878124999999999 0.6826041671875 0.288203125 0.6826041671875 0.288203125 0.9818749999999999 0.6878124999999999 0.9818749999999999
1 0.735703125 0.9938541671875001 0.735703125 0.7165625 0.286640625 0.7165625 0.286640625 0.9938541671875001 0.735703125 0.9938541671875001