0 0.28875 0.2658333328125 0.28875 0.51805555625 0.397109375 0.51805555625 0.397109375 0.2658333328125 0.28875 0.2658333328125
1 0.807890625 0.8395833328125001 0.807890625 0.6233333328125 0.62390625 0.6233333328125 0.62390625 0.8395833328125001 0.807890625 0.8395833328125001
1 0.995078125 0.9241666671875001 0.995078125 0.701527778125 0.80375 0.701527778125 0.80375 0.9241666671875001 0.995078125 0.9241666671875001
1 0.5220312500000001 0.5579166671875 0.5220312500000001 0.7009722218750001 0.635234375 0.7009722218750001 0.635234375 0.5579166671875 0.5220312500000001 0.5579166671875
1 0.5452343749999999 0.5991666671875 0.5452343749999999 0.5148611109375001 0.42570312499999996 0.5148611109375001 0.42570312499999996 0.5991666671875 0.5452343749999999 0.5991666671875
1 0.404921875 0.50444444375 0.404921875 0.5679166671875 0.43023437500000006 0.5679166671875 0.43023437500000006 0.50444444375 0.404921875 0.50444444375
1 0.38609375 0.4998611109375 0.38609375 0.5529166671875 0.404296875 0.5529166671875 0.404296875 0.4998611109375 0.38609375 0.4998611109375
1 0.362734375 0.49180555625 0.362734375 0.532222221875 0.38937499999999997 0.532222221875 0.38937499999999997 0.49180555625 0.362734375 0.49180555625
1 0.43289062500000003 0.3866666671875 0.43289062500000003 0.3138888890625 0.38742187499999997 0.3138888890625 0.38742187499999997 0.3866666671875 0.43289062500000003 0.3866666671875
1 0.524375 0.18444444375 0.524375 0.0998611109375 0.37078125 0.0998611109375 0.37078125 0.18444444375 0.524375 0.18444444375
1 0.59609375 0.10124999999999999 0.59609375 0.001527778125 0.411328125 0.001527778125 0.411328125 0.10124999999999999 0.59609375 0.10124999999999999
1 0.7854687499999999 0.07083333281250001 0.7854687499999999 0.0070833328125 0.635859375 0.0070833328125 0.635859375 0.07083333281250001 0.7854687499999999 0.07083333281250001
1 0.6997656250000001 0.1179166671875 0.6997656250000001 0.04444444375 0.58203125 0.04444444375 0.58203125 0.1179166671875 0.6997656250000001 0.1179166671875
1 0.6599999999999999 0.1538888890625 0.6599999999999999 0.0845833328125 0.52046875 0.0845833328125 0.52046875 0.1538888890625 0.6599999999999999 0.1538888890625
1 0.20789062500000002 0.2786111109375 0.20789062500000002 0.2398611109375 0.14710937500000001 0.2398611109375 0.14710937500000001 0.2786111109375 0.20789062500000002 0.2786111109375