1 0.6190625 0.7815000000000001 0.6190625 0.607875 0.27734375 0.607875 0.27734375 0.7815000000000001 0.6190625 0.7815000000000001
1 0.68015625 0.6996249999999999 0.68015625 0.5938749999999999 0.5953906250000001 0.5938749999999999 0.5953906250000001 0.6996249999999999 0.68015625 0.6996249999999999
1 0.7288281249999999 0.6677500000000001 0.7288281249999999 0.558 0.647734375 0.558 0.647734375 0.6677500000000001 0.7288281249999999 0.6677500000000001
1 0.787109375 0.600125 0.787109375 0.524 0.7047656250000001 0.524 0.7047656250000001 0.600125 0.787109375 0.600125
1 0.806953125 0.5586249999999999 0.806953125 0.5045 0.777578125 0.5045 0.777578125 0.5586249999999999 0.806953125 0.5586249999999999
1 0.8234375 0.5363749999999999 0.8234375 0.490625 0.79140625 0.490625 0.79140625 0.5363749999999999 0.8234375 0.5363749999999999
1 0.835546875 0.5115000000000001 0.835546875 0.47962499999999997 0.8121875 0.47962499999999997 0.8121875 0.5115000000000001 0.835546875 0.5115000000000001
1 0.85546875 0.512875 0.85546875 0.46987500000000004 0.815625 0.46987500000000004 0.815625 0.512875 0.85546875 0.512875
1 0.9256249999999999 0.45737500000000003 0.9256249999999999 0.42699999999999994 0.8745312500000001 0.42699999999999994 0.8745312500000001 0.45737500000000003 0.9256249999999999 0.45737500000000003
1 0.9828125 0.47400000000000003 0.9828125 0.433875 0.927421875 0.433875 0.927421875 0.47400000000000003 0.9828125 0.47400000000000003
1 0.999296875 0.465 0.999296875 0.43724999999999997 0.9871874999999999 0.43724999999999997 0.9871874999999999 0.465 0.999296875 0.465
1 0.99671875 0.268125 0.99671875 0.23775 0.9335156250000001 0.23775 0.9335156250000001 0.268125 0.99671875 0.268125
1 0.93265625 0.269625 0.93265625 0.24737499999999998 0.876328125 0.24737499999999998 0.876328125 0.269625 0.93265625 0.269625
1 0.8771875 0.17675000000000002 0.8771875 0.198875 0.9378125 0.198875 0.9378125 0.17675000000000002 0.8771875 0.17675000000000002
1 0.853828125 0.19337500000000002 0.853828125 0.14350000000000002 0.703984375 0.14350000000000002 0.703984375 0.19337500000000002 0.853828125 0.19337500000000002
1 0.8234375 0.140875 0.8234375 0.043875 0.593984375 0.043875 0.593984375 0.140875 0.8234375 0.140875
1 0.95921875 0.090875 0.95921875 0.039625 0.8682812500000001 0.039625 0.8682812500000001 0.090875 0.95921875 0.090875
1 0.271953125 0.0005 0.271953125 0.08025 0.45695312499999996 0.08025 0.45695312499999996 0.0005 0.271953125 0.0005
1 0.332890625 0.9942500000000001 0.332890625 0.8625 0.12789062499999998 0.8625 0.12789062499999998 0.9942500000000001 0.332890625 0.9942500000000001