0 0.42078125 0.1438888890625 0.42078125 0.89555555625 0.9946093749999999 0.89555555625 0.9946093749999999 0.1438888890625 0.42078125 0.1438888890625
0 0.31859375 0.32277777812499997 0.31859375 0.54569444375 0.443984375 0.54569444375 0.443984375 0.32277777812499997 0.31859375 0.32277777812499997
0 0.30109375 0.36444444374999996 0.30109375 0.5041666671875 0.33999999999999997 0.5041666671875 0.33999999999999997 0.36444444374999996 0.30109375 0.36444444374999996
0 0.073046875 0.329722221875 0.073046875 0.5954166671875 0.176953125 0.5954166671875 0.176953125 0.329722221875 0.073046875 0.329722221875
0 0.216015625 0.3470833328125 0.216015625 0.4673611109375 0.2503125 0.4673611109375 0.2503125 0.3470833328125 0.216015625 0.3470833328125
0 0.1771875 0.31430555625 0.1771875 0.4938888890625 0.22953125000000002 0.4938888890625 0.22953125000000002 0.31430555625 0.1771875 0.31430555625
1 0.44148437500000004 0.1286111109375 0.44148437500000004 0.08527777812500001 0.40679687500000006 0.08527777812500001 0.40679687500000006 0.1286111109375 0.44148437500000004 0.1286111109375
1 0.397109375 0.1641666671875 0.397109375 0.09875 0.354296875 0.09875 0.354296875 0.1641666671875 0.397109375 0.1641666671875
1 0.150234375 0.1920833328125 0.150234375 0.124722221875 0.103125 0.124722221875 0.103125 0.1920833328125 0.150234375 0.1920833328125
1 0.12046874999999999 0.21138888906250003 0.12046874999999999 0.13333333281249998 0.065234375 0.13333333281249998 0.065234375 0.21138888906250003 0.12046874999999999 0.21138888906250003
1 0.0625 0.27875 0.0625 0.2026388890625 0.00625 0.2026388890625 0.00625 0.27875 0.0625 0.27875
1 0.09281249999999999 0.375 0.09281249999999999 0.3336111109375 0.032734374999999996 0.3336111109375 0.032734374999999996 0.375 0.09281249999999999 0.375
1 0.032734374999999996 0.38069444375 0.032734374999999996 0.349027778125 0.01 0.349027778125 0.01 0.38069444375 0.032734374999999996 0.38069444375
1 0.053828125000000004 0.6236111109375 0.053828125000000004 0.575277778125 0.005156249999999999 0.575277778125 0.005156249999999999 0.6236111109375 0.053828125000000004 0.6236111109375
1 0.759140625 0.0016666671875 0.759140625 0.079027778125 0.9598437499999999 0.079027778125 0.9598437499999999 0.0016666671875 0.759140625 0.0016666671875
1 0.8936718750000001 0.21347222187499998 0.8936718750000001 0.243472221875 0.93203125 0.243472221875 0.93203125 0.21347222187499998 0.8936718750000001 0.21347222187499998
1 0.96171875 0.2448611109375 0.96171875 0.22138888906249998 0.9297656249999999 0.22138888906249998 0.9297656249999999 0.2448611109375 0.96171875 0.2448611109375
1 0.8647656250000001 0.2001388890625 0.8647656250000001 0.23013888906250002 0.9004687499999999 0.23013888906250002 0.9004687499999999 0.2001388890625 0.8647656250000001 0.2001388890625
1 0.68171875 0.141527778125 0.68171875 0.18652777812500002 0.73953125 0.18652777812500002 0.73953125 0.141527778125 0.68171875 0.141527778125
1 0.5647656249999999 0.1726388890625 0.5647656249999999 0.1126388890625 0.45890624999999996 0.1126388890625 0.45890624999999996 0.1726388890625 0.5647656249999999 0.1726388890625