1 0.85546875 0.6066666671875 0.85546875 0.5498958328125 0.746328125 0.5498958328125 0.746328125 0.6066666671875 0.85546875 0.6066666671875
1 0.7494531249999999 0.634375 0.7494531249999999 0.5651041671875 0.641328125 0.5651041671875 0.641328125 0.634375 0.7494531249999999 0.634375
1 0.645546875 0.646875 0.645546875 0.5734375 0.43140625000000005 0.5734375 0.43140625000000005 0.646875 0.645546875 0.646875
1 0.5072656249999999 0.6704166671875 0.5072656249999999 0.5734375 0.334765625 0.5734375 0.334765625 0.6704166671875 0.5072656249999999 0.6704166671875
1 0.37109375 0.698125 0.37109375 0.5914583328125 0.1684375 0.5914583328125 0.1684375 0.698125 0.37109375 0.698125
1 0.185078125 0.7244791671875 0.185078125 0.634375 0.005234375 0.634375 0.005234375 0.7244791671875 0.185078125 0.7244791671875
1 0.351171875 0.1180208328125 0.351171875 0.0082291671875 0.160390625 0.0082291671875 0.160390625 0.1180208328125 0.351171875 0.1180208328125
1 0.003203125 0.0048958328125 0.003203125 0.0814583328125 0.1715625 0.0814583328125 0.1715625 0.0048958328125 0.003203125 0.0048958328125
1 0.493359375 0.11968749999999999 0.493359375 0.0497916671875 0.349921875 0.0497916671875 0.349921875 0.11968749999999999 0.493359375 0.11968749999999999
1 0.6267968749999999 0.1495833328125 0.6267968749999999 0.0747916671875 0.500859375 0.0747916671875 0.500859375 0.1495833328125 0.6267968749999999 0.1495833328125
1 0.9960156250000001 0.2061458328125 0.9960156250000001 0.1495833328125 0.911171875 0.1495833328125 0.911171875 0.2061458328125 0.9960156250000001 0.2061458328125
1 0.846328125 0.5104166671875 0.846328125 0.5836458328125 0.997265625 0.5836458328125 0.997265625 0.5104166671875 0.846328125 0.5104166671875