1 0.750703125 0.151 0.750703125 0.1 0.614765625 0.1 0.614765625 0.151 0.750703125 0.151
1 0.6111718749999999 0.06725 0.6111718749999999 0.100875 0.762109375 0.100875 0.762109375 0.06725 0.6111718749999999 0.06725
1 0.605703125 0.037375000000000005 0.605703125 0.08549999999999999 0.7596875 0.08549999999999999 0.7596875 0.037375000000000005 0.605703125 0.037375000000000005
1 0.75734375 0.049875 0.75734375 0.006625000000000001 0.6159375 0.006625000000000001 0.6159375 0.049875 0.75734375 0.049875
1 0.61953125 0.00375 0.61953125 0.024 0.758515625 0.024 0.758515625 0.00375 0.61953125 0.00375
1 0.880625 0.052875000000000005 0.880625 0.023 0.76453125 0.023 0.76453125 0.052875000000000005 0.880625 0.052875000000000005
1 0.8788281250000001 0.08937500000000001 0.8788281250000001 0.052875000000000005 0.7633593750000001 0.052875000000000005 0.7633593750000001 0.08937500000000001 0.8788281250000001 0.08937500000000001
1 0.761484375 0.073 0.761484375 0.1115 0.8715624999999999 0.1115 0.8715624999999999 0.073 0.761484375 0.073
1 0.866171875 0.15 0.866171875 0.09712499999999999 0.7609375 0.09712499999999999 0.7609375 0.15 0.866171875 0.15
1 0.9978125 0.0615 0.9978125 0.015375 0.894921875 0.015375 0.894921875 0.0615 0.9978125 0.0615
1 0.9966406250000001 0.092375 0.9966406250000001 0.057625 0.9057812500000001 0.057625 0.9057812500000001 0.092375 0.9966406250000001 0.092375
1 0.9960156250000001 0.13174999999999998 0.9960156250000001 0.0875 0.891328125 0.0875 0.891328125 0.13174999999999998 0.9960156250000001 0.13174999999999998
1 0.9971875000000001 0.154875 0.9971875000000001 0.11737500000000001 0.8817187499999999 0.11737500000000001 0.8817187499999999 0.154875 0.9971875000000001 0.154875
1 0.097890625 0.5337500000000001 0.097890625 0.472625 0.043046875 0.472625 0.043046875 0.5337500000000001 0.097890625 0.5337500000000001
1 0.056796875000000004 0.55 0.056796875000000004 0.480625 0.0026562499999999998 0.480625 0.0026562499999999998 0.55 0.056796875000000004 0.55
1 0.10007812499999999 0.215125 0.10007812499999999 0.177 0.027187499999999996 0.177 0.027187499999999996 0.215125 0.10007812499999999 0.215125
1 0.033671875000000004 0.0315 0.033671875000000004 0.07075000000000001 0.099375 0.07075000000000001 0.099375 0.0315 0.033671875000000004 0.0315
1 0.025546875000000004 0.0315 0.0245902421875 0.033474490625 0.021484375 0.0315 0.02068718125 0.033145409375000004 0.017421875 0.0315 0.01678411875 0.0328163265625 0.013359375000000001 0.0315 0.0128810578125 0.0324872453125 0.009296875 0.0315 0.008977998437499999 0.0321581640625 0.001171875 0.0315 0.001171875 0.059125000000000004 0.033671875000000004 0.059125000000000004 0.033671875000000004 0.038406249999999996 0.036299425 0.034461734375000004 0.1221667734375 0.0417015296875 0.123203125 0.047625 0.123203125 0.071875 0.19242187500000002 0.071875 0.19242187500000002 0.047625 0.126069834375 0.042030612499999995 0.033671875000000004 0.0315 0.0323963640625 0.034132653125 0.029609375 0.0315 0.0284933046875 0.033803571875 0.025546875000000004 0.0315
1 0.193203125 0.13187500000000002 0.193203125 0.113375 0.1484375 0.113375 0.1484375 0.13187500000000002 0.193203125 0.13187500000000002
1 0.185234375 0.256625 0.185234375 0.232375 0.14046875 0.232375 0.14046875 0.256625 0.185234375 0.256625
1 0.126796875 0.2555 0.126796875 0.2185 0.08921875 0.2185 0.08921875 0.2555 0.126796875 0.2555
1 0.034375 0.21625 0.034375 0.252 0.08921875 0.252 0.08921875 0.21625 0.034375 0.21625
1 0.043046875 0.243875 0.043046875 0.21962500000000001 0.0026562499999999998 0.21962500000000001 0.0026562499999999998 0.243875 0.043046875 0.243875
0 0.38 0.016 0.38 0.548125 0.57578125 0.548125 0.57578125 0.016 0.38 0.016
0 0.12890625 0.265 0.12890625 0.45275 0.22578125 0.45275 0.22578125 0.265 0.12890625 0.265
0 0.179453125 0.242 0.179453125 0.40650000000000003 0.25828125 0.40650000000000003 0.25828125 0.242 0.179453125 0.242
0 0.244375 0.28337500000000004 0.244375 0.40462499999999996 0.29015625 0.40462499999999996 0.29015625 0.28337500000000004 0.244375 0.28337500000000004
0 0.27328125000000003 0.288125 0.27328125000000003 0.39587500000000003 0.31179687500000003 0.39587500000000003 0.31179687500000003 0.288125 0.27328125000000003 0.288125