1 0.098359375 0.0097916671875 0.098359375 0.0998958328125 0.40671875 0.0998958328125 0.40671875 0.0097916671875 0.098359375 0.0097916671875
1 0.283671875 0.14489583281250001 0.283671875 0.0594791671875 0.06546874999999999 0.0594791671875 0.06546874999999999 0.14489583281250001 0.283671875 0.14489583281250001
1 0.288046875 0.1691666671875 0.288046875 0.0894791671875 0.044687500000000005 0.0894791671875 0.044687500000000005 0.1691666671875 0.288046875 0.1691666671875
1 0.21960937500000002 0.20729166718749997 0.21960937500000002 0.1253125 0.023828125 0.1253125 0.023828125 0.20729166718749997 0.21960937500000002 0.20729166718749997
1 0.05625 0.6063541671875 0.05625 0.5597916671875 0.0321875 0.5597916671875 0.0321875 0.6063541671875 0.05625 0.6063541671875
1 0.097734375 0.6408333328125 0.097734375 0.5775 0.049062499999999995 0.5775 0.049062499999999995 0.6408333328125 0.097734375 0.6408333328125
1 0.14585937499999999 0.6608333328125 0.14585937499999999 0.5846875 0.066484375 0.5846875 0.066484375 0.6608333328125 0.14585937499999999 0.6608333328125
1 0.1896875 0.7268749999999999 0.1896875 0.6321875 0.106484375 0.6321875 0.106484375 0.7268749999999999 0.1896875 0.7268749999999999
1 0.30140625 0.7995833328125 0.30140625 0.6748958328125 0.139453125 0.6748958328125 0.139453125 0.7995833328125 0.30140625 0.7995833328125
1 0.490390625 0.88375 0.490390625 0.6758333328125 0.209765625 0.6758333328125 0.209765625 0.88375 0.490390625 0.88375
1 0.529375 0.9964583328125001 0.529375 0.7789583328125 0.303359375 0.7789583328125 0.303359375 0.9964583328125001 0.529375 0.9964583328125001