0 0.2546875 0.39694444375 0.2546875 0.48319444375 0.32140625 0.48319444375 0.32140625 0.39694444375 0.2546875 0.39694444375
0 0.20546875 0.31222222187500004 0.20546875 0.485972221875 0.2621875 0.485972221875 0.2621875 0.31222222187500004 0.20546875 0.31222222187500004
1 0.2421875 0.49000000000000005 0.2421875 0.4720833328125 0.20828125000000003 0.4720833328125 0.20828125000000003 0.49000000000000005 0.2421875 0.49000000000000005
1 0.403515625 0.48152777812499997 0.403515625 0.460972221875 0.38468749999999996 0.460972221875 0.38468749999999996 0.48152777812499997 0.403515625 0.48152777812499997
1 0.416328125 0.4798611109375 0.416328125 0.46152777812499995 0.39625 0.46152777812499995 0.39625 0.4798611109375 0.416328125 0.4798611109375
1 0.48968749999999994 0.4841666671875 0.48968749999999994 0.455277778125 0.41039062499999995 0.455277778125 0.41039062499999995 0.4841666671875 0.48968749999999994 0.4841666671875
1 0.110390625 0.3325 0.110390625 0.26916666718750004 0.02515625 0.26916666718750004 0.02515625 0.3325 0.110390625 0.3325
1 0.029218749999999998 0.3163888890625 0.029218749999999998 0.2779166671875 0.0016406250000000002 0.2779166671875 0.0016406250000000002 0.3163888890625 0.029218749999999998 0.3163888890625
1 0.029218749999999998 0.3813888890625 0.029218749999999998 0.35569444375 0.0043749999999999995 0.35569444375 0.0043749999999999995 0.3813888890625 0.029218749999999998 0.3813888890625
1 0.034609375 0.345277778125 0.034609375 0.3741666671875 0.065234375 0.3741666671875 0.065234375 0.345277778125 0.034609375 0.345277778125
1 0.09867187499999999 0.3620833328125 0.09867187499999999 0.339722221875 0.065234375 0.339722221875 0.065234375 0.3620833328125 0.09867187499999999 0.3620833328125
1 0.13382812500000002 0.35819444375 0.13382812500000002 0.32930555625 0.093671875 0.32930555625 0.093671875 0.35819444375 0.13382812500000002 0.35819444375
1 0.13203125 0.21694444375000002 0.13203125 0.1616666671875 0.093671875 0.1616666671875 0.093671875 0.21694444375000002 0.13203125 0.21694444375000002
1 0.10132812499999999 0.22180555625 0.10132812499999999 0.15930555625 0.058984375 0.15930555625 0.058984375 0.22180555625 0.10132812499999999 0.22180555625
1 0.09718750000000001 0.1379166671875 0.09718750000000001 0.0191666671875 0.03671875 0.0191666671875 0.03671875 0.1379166671875 0.09718750000000001 0.1379166671875
1 0.015078125000000001 0.04 0.015078125000000001 0.1523611109375 0.07328124999999999 0.1523611109375 0.07328124999999999 0.04 0.015078125000000001 0.04
1 0.149921875 0.0673611109375 0.149921875 0.0176388890625 0.101640625 0.0176388890625 0.101640625 0.0673611109375 0.149921875 0.0673611109375
1 0.006015625 0.10097222187499999 0.006015625 0.15958333281249998 0.03265625 0.15958333281249998 0.03265625 0.10097222187499999 0.006015625 0.10097222187499999
1 0.16796875 0.264722221875 0.16796875 0.2438888890625 0.14390624999999999 0.2438888890625 0.14390624999999999 0.264722221875 0.16796875 0.264722221875
1 0.7931250000000001 0.622777778125 0.7931250000000001 0.5295833328125 0.683671875 0.5295833328125 0.683671875 0.622777778125 0.7931250000000001 0.622777778125
1 0.9418749999999999 0.6659722218749999 0.9418749999999999 0.55125 0.7921875 0.55125 0.7921875 0.6659722218749999 0.9418749999999999 0.6659722218749999
1 0.996328125 0.68430555625 0.996328125 0.57180555625 0.934375 0.57180555625 0.934375 0.68430555625 0.996328125 0.68430555625