1 0.946640625 0.17569444375 0.946640625 0.0870833328125 0.869453125 0.0870833328125 0.869453125 0.17569444375 0.946640625 0.17569444375
1 0.998046875 0.16472222187500002 0.998046875 0.0888888890625 0.930703125 0.0888888890625 0.930703125 0.16472222187500002 0.998046875 0.16472222187500002
1 0.8319531250000001 0.1986111109375 0.8319531250000001 0.144722221875 0.765703125 0.144722221875 0.765703125 0.1986111109375 0.8319531250000001 0.1986111109375
1 0.7810937499999999 0.229722221875 0.7810937499999999 0.1904166671875 0.7388281250000001 0.1904166671875 0.7388281250000001 0.229722221875 0.7810937499999999 0.229722221875
1 0.9028906250000001 0.25 0.9028906250000001 0.22125 0.86328125 0.22125 0.86328125 0.25 0.9028906250000001 0.25
1 0.8983593750000001 0.21194444375 0.8983593750000001 0.23625 0.9295312499999999 0.23625 0.9295312499999999 0.21194444375 0.8983593750000001 0.21194444375
1 0.980859375 0.24319444375 0.980859375 0.201527778125 0.9295312499999999 0.201527778125 0.9295312499999999 0.24319444375 0.980859375 0.24319444375
1 0.9966406250000001 0.9179166671875001 0.9966406250000001 0.561527778125 0.7396874999999999 0.561527778125 0.7396874999999999 0.9179166671875001 0.9966406250000001 0.9179166671875001
1 0.892578125 0.7925 0.892578125 0.6088888890625 0.5962500000000001 0.6088888890625 0.5962500000000001 0.7925 0.892578125 0.7925
1 0.698359375 0.69069444375 0.698359375 0.5509722218750001 0.507578125 0.5509722218750001 0.507578125 0.69069444375 0.698359375 0.69069444375
1 0.5140625 0.62694444375 0.5140625 0.5345833328125 0.45757812500000006 0.5345833328125 0.45757812500000006 0.62694444375 0.5140625 0.62694444375
1 0.4225 0.5148611109375001 0.4225 0.5876388890625 0.462734375 0.5876388890625 0.462734375 0.5148611109375001 0.4225 0.5148611109375001
1 0.42578125 0.56569444375 0.42578125 0.500972221875 0.39390625 0.500972221875 0.39390625 0.56569444375 0.42578125 0.56569444375
1 0.37960937499999997 0.49874999999999997 0.37960937499999997 0.540277778125 0.405625 0.540277778125 0.405625 0.49874999999999997 0.37960937499999997 0.49874999999999997
1 0.39523437499999997 0.5229166671875001 0.39523437499999997 0.48250000000000004 0.3646875 0.48250000000000004 0.3646875 0.5229166671875001 0.39523437499999997 0.5229166671875001
1 0.35750000000000004 0.4813888890625 0.35750000000000004 0.51944444375 0.370546875 0.51944444375 0.370546875 0.4813888890625 0.35750000000000004 0.4813888890625
1 0.06882812499999999 0.6881944437499999 0.06882812499999999 0.6034722218749999 0.02203125 0.6034722218749999 0.02203125 0.6881944437499999 0.06882812499999999 0.6881944437499999
1 0.09875 0.665 0.09875 0.5834722218749999 0.053828125000000004 0.5834722218749999 0.053828125000000004 0.665 0.09875 0.665
1 0.121171875 0.6184722218750001 0.121171875 0.55694444375 0.06789062500000001 0.55694444375 0.06789062500000001 0.6184722218750001 0.121171875 0.6184722218750001
1 0.14250000000000002 0.590972221875 0.14250000000000002 0.5425 0.1171875 0.5425 0.1171875 0.590972221875 0.14250000000000002 0.590972221875
1 0.15625 0.5722222218749999 0.15625 0.5320833328125001 0.133203125 0.5320833328125001 0.133203125 0.5722222218749999 0.15625 0.5722222218749999
1 0.168359375 0.55055555625 0.168359375 0.51930555625 0.15078125 0.51930555625 0.15078125 0.55055555625 0.168359375 0.55055555625
1 0.18015625 0.53930555625 0.18015625 0.5136111109375 0.166171875 0.5136111109375 0.166171875 0.53930555625 0.18015625 0.53930555625
1 0.19273437499999999 0.1308333328125 0.19273437499999999 0.0673611109375 0.11796875 0.0673611109375 0.11796875 0.1308333328125 0.19273437499999999 0.1308333328125
1 0.123203125 0.21277777812499998 0.123203125 0.137777778125 0.037421875 0.137777778125 0.037421875 0.21277777812499998 0.123203125 0.21277777812499998
1 0.090703125 0.174722221875 0.090703125 0.091527778125 0.00625 0.091527778125 0.00625 0.174722221875 0.090703125 0.174722221875
1 0.06929687500000001 0.1145833328125 0.06929687500000001 0.0176388890625 0.0010937499999999999 0.0176388890625 0.0010937499999999999 0.1145833328125 0.06929687500000001 0.1145833328125
1 0.173515625 0.3025 0.173515625 0.24958333281249998 0.0878125 0.24958333281249998 0.0878125 0.3025 0.173515625 0.3025
1 0.0765625 0.31930555625 0.0765625 0.284027778125 0.049453125 0.284027778125 0.049453125 0.31930555625 0.0765625 0.31930555625
1 0.13023437499999999 0.357777778125 0.13023437499999999 0.3288888890625 0.10679687499999999 0.3288888890625 0.10679687499999999 0.357777778125 0.13023437499999999 0.357777778125
1 0.23125 0.272777778125 0.23125 0.24305555625 0.197421875 0.24305555625 0.197421875 0.272777778125 0.23125 0.272777778125
1 0.178984375 0.2511111109375 0.178984375 0.28638888906250004 0.19789062500000001 0.28638888906250004 0.19789062500000001 0.2511111109375 0.178984375 0.2511111109375
1 0.24929687500000003 0.3120833328125 0.24929687500000003 0.2961111109375 0.22718750000000001 0.2961111109375 0.22718750000000001 0.3120833328125 0.24929687500000003 0.3120833328125
1 0.245703125 0.391527778125 0.245703125 0.3745833328125 0.23125 0.3745833328125 0.23125 0.391527778125 0.245703125 0.391527778125
1 0.246640625 0.3738888890625 0.246640625 0.3875 0.27234375 0.3875 0.27234375 0.3738888890625 0.246640625 0.3738888890625
1 0.569453125 0.092222221875 0.569453125 0.0022222218750000003 0.404453125 0.0022222218750000003 0.404453125 0.092222221875 0.569453125 0.092222221875
1 0.555859375 0.16152777812500002 0.555859375 0.0726388890625 0.38171875 0.0726388890625 0.38171875 0.16152777812500002 0.555859375 0.16152777812500002
1 0.6 0.18236111093750001 0.6 0.115277778125 0.506484375 0.115277778125 0.506484375 0.18236111093750001 0.6 0.18236111093750001
1 0.34921875 0.47680555625 0.34921875 0.5056944437500001 0.362734375 0.5056944437500001 0.362734375 0.47680555625 0.34921875 0.47680555625
1 0.356484375 0.49930555625000006 0.356484375 0.4720833328125 0.34382812500000004 0.4720833328125 0.34382812500000004 0.49930555625000006 0.356484375 0.49930555625000006
1 0.29 0.4663888890625 0.29 0.4548611109375 0.2678125 0.4548611109375 0.2678125 0.4663888890625 0.29 0.4663888890625
1 0.25210937499999997 0.45388888906249997 0.25210937499999997 0.46694444375 0.26882812500000003 0.46694444375 0.26882812500000003 0.45388888906249997 0.25210937499999997 0.45388888906249997
1 0.3075 0.45999999999999996 0.3075 0.44277777812499997 0.28898437499999996 0.44277777812499997 0.28898437499999996 0.45999999999999996 0.3075 0.45999999999999996
1 0.252421875 0.47625 0.252421875 0.45722222187500006 0.23359375 0.45722222187500006 0.23359375 0.47625 0.252421875 0.47625
1 0.21031249999999999 0.351527778125 0.21031249999999999 0.315 0.150234375 0.315 0.150234375 0.351527778125 0.21031249999999999 0.351527778125
1 0.030703124999999998 0.7379166671874999 0.030703124999999998 0.65819444375 0.0026562499999999998 0.65819444375 0.0026562499999999998 0.7379166671874999 0.030703124999999998 0.7379166671874999
1 0.4525 0.21111111093749999 0.4525 0.15305555625 0.35546875 0.15305555625 0.35546875 0.21111111093749999 0.4525 0.21111111093749999
1 0.458515625 0.2238888890625 0.458515625 0.18111111093750001 0.350625 0.18111111093750001 0.350625 0.2238888890625 0.458515625 0.2238888890625
1 0.39382812500000003 0.29472222187499997 0.39382812500000003 0.257222221875 0.323125 0.257222221875 0.323125 0.29472222187499997 0.39382812500000003 0.29472222187499997