1 0.979140625 0.2186458328125 0.979140625 0.14666666718750002 0.8699999999999999 0.14666666718750002 0.8699999999999999 0.2186458328125 0.979140625 0.2186458328125
1 0.6637500000000001 0.1588541671875 0.6637500000000001 0.0144791671875 0.478359375 0.0144791671875 0.478359375 0.1588541671875 0.6637500000000001 0.1588541671875
1 0.590078125 0.1808333328125 0.590078125 0.11385416718750001 0.36148437499999997 0.11385416718750001 0.36148437499999997 0.1808333328125 0.590078125 0.1808333328125
1 0.52171875 0.21197916718749998 0.52171875 0.1392708328125 0.31640625 0.1392708328125 0.31640625 0.21197916718749998 0.52171875 0.21197916718749998
1 0.12062500000000001 0.0017708328125 0.12062500000000001 0.0953125 0.45499999999999996 0.0953125 0.45499999999999996 0.0017708328125 0.12062500000000001 0.0017708328125
1 0.298203125 0.16229166718750002 0.298203125 0.0676041671875 0.06609374999999999 0.0676041671875 0.06609374999999999 0.16229166718750002 0.298203125 0.16229166718750002
1 0.30343749999999997 0.1727083328125 0.30343749999999997 0.11499999999999999 0.03234375 0.11499999999999999 0.03234375 0.1727083328125 0.30343749999999997 0.1727083328125
1 0.20125 0.2189583328125 0.20125 0.16458333281249998 0.012421875 0.16458333281249998 0.012421875 0.2189583328125 0.20125 0.2189583328125
1 0.590234375 0.6238541671875 0.590234375 0.47010416718750003 0.217578125 0.47010416718750003 0.217578125 0.6238541671875 0.590234375 0.6238541671875
1 0.21156250000000001 0.6677083328125 0.21156250000000001 0.5838541671875 0.10382812500000001 0.5838541671875 0.10382812500000001 0.6677083328125 0.21156250000000001 0.6677083328125
1 0.9364062499999999 0.9985416671875 0.9364062499999999 0.7670833328125 0.4065625 0.7670833328125 0.4065625 0.9985416671875 0.9364062499999999 0.9985416671875
1 0.43351562499999996 0.8828125 0.43351562499999996 0.7232291671875 0.283828125 0.7232291671875 0.283828125 0.8828125 0.43351562499999996 0.8828125
1 0.294375 0.7990625 0.294375 0.6733333328125 0.195546875 0.6733333328125 0.195546875 0.7990625 0.294375 0.7990625
1 0.170703125 0.6053124999999999 0.170703125 0.5545833328125 0.052890625000000004 0.5545833328125 0.052890625000000004 0.6053124999999999 0.170703125 0.6053124999999999
1 0.13609374999999999 0.5811458328125 0.13609374999999999 0.5360416671875 0.035625000000000004 0.5360416671875 0.035625000000000004 0.5811458328125 0.13609374999999999 0.5811458328125
1 0.9915625 0.9982291671875 0.9915625 0.9119791671874999 0.7307812499999999 0.9119791671874999 0.7307812499999999 0.9982291671875 0.9915625 0.9982291671875