1 0.95734375 0.2214583328125 0.95734375 0.1203125 0.81078125 0.1203125 0.81078125 0.2214583328125 0.95734375 0.2214583328125
1 0.845078125 0.29072916718749997 0.845078125 0.2478125 0.775390625 0.2478125 0.775390625 0.29072916718749997 0.845078125 0.29072916718749997
1 0.9458593750000001 0.2713541671875 0.9458593750000001 0.24635416718749997 0.8814062500000001 0.24635416718749997 0.8814062500000001 0.2713541671875 0.9458593750000001 0.2713541671875
1 0.663203125 0.3073958328125 0.663203125 0.276875 0.617421875 0.276875 0.617421875 0.3073958328125 0.663203125 0.3073958328125
1 0.75671875 0.3115625 0.75671875 0.2713541671875 0.692265625 0.2713541671875 0.692265625 0.3115625 0.75671875 0.3115625
1 0.835703125 0.2186458328125 0.835703125 0.1729166671875 0.730703125 0.1729166671875 0.730703125 0.2186458328125 0.835703125 0.2186458328125
1 0.7390625 0.23531249999999998 0.7390625 0.1826041671875 0.6559375000000001 0.1826041671875 0.6559375000000001 0.23531249999999998 0.7390625 0.23531249999999998
1 0.658984375 0.2491666671875 0.658984375 0.1964583328125 0.597734375 0.1964583328125 0.597734375 0.2491666671875 0.658984375 0.2491666671875
1 0.573828125 0.2755208328125 0.573828125 0.2186458328125 0.494765625 0.2186458328125 0.494765625 0.2755208328125 0.573828125 0.2755208328125
1 0.265625 0.3210416671875 0.285703125 0.3210416671875 0.285703125 0.315121528125 0.28671875 0.3103125 0.526015625 0.3156770828125 0.526015625 0.33781249999999996 0.561328125 0.33781249999999996 0.561328125 0.2935416671875 0.5067578125 0.25890625 0.505234375 0.25565972187499997 0.505234375 0.2242708328125 0.46034855781250006 0.2242708328125 0.4594635421875 0.2288888890625 0.4558255203125 0.2265798609375 0.45626802812499995 0.2242708328125 0.45218749999999996 0.2242708328125 0.45218749999999996 0.2713541671875 0.505234375 0.2713541671875 0.5062745953125 0.2921238421875 0.3128125 0.2782291671875 0.3128125 0.3103125 0.299765625 0.3103125 0.28671875 0.30496527812499996 0.285703125 0.30328125 0.28671875 0.29961805625000004 0.285703125 0.2973611109375 0.28671875 0.2942708328125 0.285703125 0.291440971875 0.28671875 0.2889236109375 0.28671875 0.2835763890625 0.285703125 0.28552083281249996 0.265625 0.28552083281249996 0.265625 0.3210416671875
1 0.358828125 0.1603125 0.358828125 0.0494791671875 0.031484374999999995 0.0494791671875 0.031484374999999995 0.1603125 0.358828125 0.1603125
1 0.19171875 0.16375 0.19171875 0.0840625 0.001171875 0.0840625 0.001171875 0.16375 0.19171875 0.16375
1 0.2759375 0.9277083328125 0.2759375 0.73375 0.15726562500000002 0.73375 0.15726562500000002 0.9277083328125 0.2759375 0.9277083328125
1 0.46984375 0.9978125 0.46984375 0.8041666671875 0.23265625 0.8041666671875 0.23265625 0.9978125 0.46984375 0.9978125
1 0.276796875 0.8035416671875 0.276796875 0.6832291671874999 0.104296875 0.6832291671874999 0.104296875 0.8035416671875 0.276796875 0.8035416671875
1 0.18296874999999999 0.7120833328125 0.18296874999999999 0.6235416671875 0.0653125 0.6235416671875 0.0653125 0.7120833328125 0.18296874999999999 0.7120833328125
1 0.1353125 0.6813541671875 0.1353125 0.5928125 0.032109375 0.5928125 0.032109375 0.6813541671875 0.1353125 0.6813541671875
1 0.10359375 0.6380208328125 0.10359375 0.5744791671875 0.01625 0.5744791671875 0.01625 0.6380208328125 0.10359375 0.6380208328125
1 0.0025 0.5658333328125 0.0025 0.6110416671875 0.02203125 0.6110416671875 0.02203125 0.5658333328125 0.0025 0.5658333328125
1 0.263046875 0.3284375 0.263046875 0.2965625 0.24742187499999999 0.2965625 0.24742187499999999 0.3284375 0.263046875 0.3284375