1 0.9625 0.1895833328125 0.9625 0.13 0.8793749999999999 0.13 0.8793749999999999 0.1895833328125 0.9625 0.1895833328125
1 0.8741406250000001 0.2214583328125 0.8741406250000001 0.161875 0.775390625 0.161875 0.775390625 0.2214583328125 0.8741406250000001 0.2214583328125
1 0.76296875 0.2297916671875 0.76296875 0.1798958328125 0.692265625 0.1798958328125 0.692265625 0.2297916671875 0.76296875 0.2297916671875
1 0.7006249999999999 0.2519791671875 0.7006249999999999 0.1826041671875 0.6216406250000001 0.1826041671875 0.6216406250000001 0.2519791671875 0.7006249999999999 0.2519791671875
1 0.62578125 0.2810416671875 0.62578125 0.20760416718750002 0.5634375 0.20760416718750002 0.5634375 0.2810416671875 0.62578125 0.2810416671875
1 0.543671875 0.2865625 0.543671875 0.2394791671875 0.46671874999999996 0.2394791671875 0.46671874999999996 0.2865625 0.543671875 0.2865625
1 0.45218749999999996 0.2935416671875 0.45218749999999996 0.2658333328125 0.41265625000000006 0.2658333328125 0.41265625000000006 0.2935416671875 0.45218749999999996 0.2935416671875
1 0.3596875 0.2630208328125 0.3596875 0.29625 0.3753125 0.29625 0.3753125 0.268559028125 0.38359375 0.2727430546875 0.38359375 0.2948958328125 0.416875 0.2948958328125 0.416875 0.2616666671875 0.38359375 0.2616666671875 0.38359375 0.2672048609375 0.379453125 0.26234375 0.3753125 0.2630208328125 0.3596875 0.2630208328125
1 0.18546875000000002 0.21760416718750003 0.18546875000000002 0.15270833281250001 0.014609374999999999 0.15270833281250001 0.014609374999999999 0.21760416718750003 0.18546875000000002 0.21760416718750003
1 0.36312500000000003 0.15270833281250001 0.36312500000000003 0.026979167187500003 0.0503125 0.026979167187500003 0.0503125 0.15270833281250001 0.36312500000000003 0.15270833281250001
1 0.173515625 0.69375 0.173515625 0.61 0.051328125 0.61 0.051328125 0.69375 0.173515625 0.69375
1 0.073359375 0.6477083328125001 0.073359375 0.5825 0.047343750000000004 0.5825 0.047343750000000004 0.6477083328125001 0.073359375 0.6477083328125001
1 0.01515625 0.5603125 0.01515625 0.6240625 0.043203124999999995 0.6240625 0.043203124999999995 0.5603125 0.01515625 0.5603125
1 0.194921875 0.8069791671875001 0.194921875 0.6809375 0.10453125 0.6809375 0.10453125 0.8069791671875001 0.194921875 0.8069791671875001
1 0.338359375 0.9095833328125 0.338359375 0.7460416671875 0.191796875 0.7460416671875 0.191796875 0.9095833328125 0.338359375 0.9095833328125
1 0.6331249999999999 0.9853125 0.6331249999999999 0.7279166671875 0.28890625000000003 0.7279166671875 0.28890625000000003 0.9853125 0.6331249999999999 0.9853125
1 0.63609375 0.9813541671875001 0.63609375 0.8515625 0.293359375 0.8515625 0.293359375 0.9813541671875001 0.63609375 0.9813541671875001