1 0.99546875 0.8431944437500001 0.99546875 0.6923611109375 0.9065625 0.6923611109375 0.9065625 0.8431944437500001 0.99546875 0.8431944437500001
1 0.9978125 0.14777777812499998 0.9978125 0.114027778125 0.97234375 0.114027778125 0.97234375 0.14777777812499998 0.9978125 0.14777777812499998
1 0.975625 0.160277778125 0.975625 0.115972221875 0.92796875 0.115972221875 0.92796875 0.160277778125 0.975625 0.160277778125
1 0.9296093750000001 0.197777778125 0.9296093750000001 0.12847222187500001 0.863515625 0.12847222187500001 0.863515625 0.197777778125 0.9296093750000001 0.197777778125
1 0.795546875 0.0079166671875 0.795546875 0.0461111109375 0.924609375 0.0461111109375 0.924609375 0.0079166671875 0.795546875 0.0079166671875
1 0.7940625 0.2779166671875 0.7940625 0.2563888890625 0.7665625 0.2563888890625 0.7665625 0.2779166671875 0.7940625 0.2779166671875
1 0.870859375 0.68944444375 0.870859375 0.4966666671875 0.5675 0.4966666671875 0.5675 0.68944444375 0.870859375 0.68944444375
1 0.5825 0.62944444375 0.5825 0.5336111109375 0.605883709375 0.5256602921875 0.8202343750000001 0.51884920625 0.8202343750000001 0.5555555562500001 0.9617968749999999 0.5555555562500001 0.9617968749999999 0.45277777812500003 0.8202343750000001 0.45277777812500003 0.60978099375 0.5243351546875 0.50515625 0.5336111109375 0.50515625 0.62944444375 0.5825 0.62944444375
1 0.518828125 0.587777778125 0.518828125 0.51625 0.4603125 0.51625 0.4603125 0.587777778125 0.518828125 0.587777778125
1 0.46046875 0.5523611109375001 0.46046875 0.500972221875 0.426171875 0.500972221875 0.426171875 0.5523611109375001 0.46046875 0.5523611109375001
1 0.40945312500000003 0.4954166671875 0.40945312500000003 0.5370833328125 0.43429687499999997 0.5370833328125 0.43429687499999997 0.4954166671875 0.40945312500000003 0.4954166671875
1 0.417109375 0.5243055562500001 0.417109375 0.485 0.393671875 0.485 0.393671875 0.5243055562500001 0.417109375 0.5243055562500001
1 0.376953125 0.48250000000000004 0.376953125 0.51305555625 0.39460937500000004 0.51305555625 0.39460937500000004 0.48250000000000004 0.376953125 0.48250000000000004
1 0.38421875 0.5041666671875 0.38421875 0.4673611109375 0.369765625 0.4673611109375 0.369765625 0.5041666671875 0.38421875 0.5041666671875
1 0.35890625 0.47291666718750003 0.35890625 0.497777778125 0.368828125 0.497777778125 0.368828125 0.47291666718750003 0.35890625 0.47291666718750003
1 0.366171875 0.48819444375 0.366171875 0.46805555625000006 0.353046875 0.46805555625000006 0.353046875 0.48819444375 0.366171875 0.48819444375
1 0.343125 0.475277778125 0.343125 0.45125000000000004 0.317421875 0.45125000000000004 0.317421875 0.475277778125 0.343125 0.475277778125
1 0.32101562499999997 0.48013888906249996 0.32101562499999997 0.46013888906249995 0.284921875 0.46013888906249995 0.284921875 0.48013888906249996 0.32101562499999997 0.48013888906249996
1 0.2865625 0.48375 0.2865625 0.46444444375 0.25078125 0.46444444375 0.25078125 0.48375 0.2865625 0.48375
1 0.08109374999999999 0.73625 0.08109374999999999 0.6275000000000001 0.00203125 0.6275000000000001 0.00203125 0.73625 0.08109374999999999 0.73625
1 0.11085937500000001 0.6688888890625 0.11085937500000001 0.5861111109375 0.051328125 0.5861111109375 0.051328125 0.6688888890625 0.11085937500000001 0.6688888890625
1 0.13796875 0.62055555625 0.13796875 0.5651388890625 0.0759375 0.5651388890625 0.0759375 0.62055555625 0.13796875 0.62055555625
1 0.15453125 0.5891666671875 0.15453125 0.5476388890624999 0.119140625 0.5476388890624999 0.119140625 0.5891666671875 0.15453125 0.5891666671875
1 0.169140625 0.57180555625 0.169140625 0.5323611109375 0.14921875 0.5323611109375 0.14921875 0.57180555625 0.169140625 0.57180555625
1 0.18234375 0.55444444375 0.18234375 0.520277778125 0.159375 0.520277778125 0.159375 0.55444444375 0.18234375 0.55444444375
1 0.189453125 0.539722221875 0.189453125 0.5116666671875 0.173671875 0.5116666671875 0.173671875 0.539722221875 0.189453125 0.539722221875
1 0.222890625 0.49083333281249997 0.222890625 0.47750000000000004 0.20750000000000002 0.47750000000000004 0.20750000000000002 0.49083333281249997 0.222890625 0.49083333281249997
1 0.315390625 0.3361111109375 0.315390625 0.3161111109375 0.278359375 0.3161111109375 0.278359375 0.3361111109375 0.315390625 0.3361111109375
1 0.34781249999999997 0.3233333328125 0.34781249999999997 0.3048611109375 0.310859375 0.3048611109375 0.310859375 0.3233333328125 0.34781249999999997 0.3233333328125
1 0.40828125000000004 0.28875 0.40828125000000004 0.2695833328125 0.33296875 0.2695833328125 0.33296875 0.28875 0.40828125000000004 0.28875
1 0.342890625 0.22777777812500002 0.342890625 0.25666666718750003 0.42632812500000006 0.25666666718750003 0.42632812500000006 0.22777777812500002 0.342890625 0.22777777812500002
1 0.28109375000000003 0.34249999999999997 0.28109375000000003 0.3233333328125 0.247265625 0.3233333328125 0.247265625 0.34249999999999997 0.28109375000000003 0.34249999999999997
1 0.24500000000000002 0.35055555625 0.24500000000000002 0.329722221875 0.21296875 0.329722221875 0.21296875 0.35055555625 0.24500000000000002 0.35055555625
1 0.2125 0.35291666718750003 0.2125 0.337777778125 0.182734375 0.337777778125 0.182734375 0.35291666718750003 0.2125 0.35291666718750003
1 0.23937499999999998 0.21458333281250003 0.23937499999999998 0.1866666671875 0.205234375 0.1866666671875 0.205234375 0.21458333281250003 0.23937499999999998 0.21458333281250003
1 0.197109375 0.31555555625 0.197109375 0.2704166671875 0.11703125 0.2704166671875 0.11703125 0.31555555625 0.197109375 0.31555555625
1 0.170625 0.29444444375 0.170625 0.2173611109375 0.07640625 0.2173611109375 0.07640625 0.29444444375 0.170625 0.29444444375
1 0.16304687499999998 0.26749999999999996 0.16304687499999998 0.1904166671875 0.05421875 0.1904166671875 0.05421875 0.26749999999999996 0.16304687499999998 0.26749999999999996
1 0.14460937499999998 0.255 0.14460937499999998 0.15680555625 0.030390624999999998 0.15680555625 0.030390624999999998 0.255 0.14460937499999998 0.255
1 0.140859375 0.24361111093750001 0.140859375 0.11055555624999999 0.004296875 0.11055555624999999 0.004296875 0.24361111093750001 0.140859375 0.24361111093750001
1 0.11281250000000001 0.16388888906250001 0.11281250000000001 0.0325 0.002421875 0.0325 0.002421875 0.16388888906250001 0.11281250000000001 0.16388888906250001
1 0.615625 0.0720833328125 0.615625 0.00555555625 0.436328125 0.00555555625 0.436328125 0.0720833328125 0.615625 0.0720833328125
1 0.615625 0.1233333328125 0.615625 0.048472221875 0.41140625000000003 0.048472221875 0.41140625000000003 0.1233333328125 0.615625 0.1233333328125
1 0.533828125 0.17180555625 0.533828125 0.104027778125 0.39664062499999997 0.104027778125 0.39664062499999997 0.17180555625 0.533828125 0.17180555625