1 0.9500781249999999 0.2186458328125 0.9500781249999999 0.16052083281250001 0.794140625 0.16052083281250001 0.794140625 0.2186458328125 0.9500781249999999 0.2186458328125
1 0.761953125 0.24364583281250002 0.761953125 0.2034375 0.6496875 0.2034375 0.6496875 0.24364583281250002 0.761953125 0.24364583281250002
1 0.6485937500000001 0.2519791671875 0.6485937500000001 0.20895833281249998 0.5914843750000001 0.20895833281249998 0.5914843750000001 0.2519791671875 0.6485937500000001 0.2519791671875
1 0.641015625 0.3032291671875 0.641015625 0.2791666671875 0.61140625 0.2791666671875 0.61140625 0.3032291671875 0.641015625 0.3032291671875
1 0.63890625 0.274375 0.63890625 0.3022916671875 0.6814843749999999 0.3022916671875 0.6814843749999999 0.274375 0.63890625 0.274375
1 0.7399218750000001 0.3003125 0.7399218750000001 0.274375 0.6814843749999999 0.274375 0.6814843749999999 0.3003125 0.7399218750000001 0.3003125
1 0.233984375 0.1746875 0.233984375 0.09031249999999999 0.0140625 0.09031249999999999 0.0140625 0.1746875 0.233984375 0.1746875
1 0.22625 0.23239583281249998 0.22625 0.148125 0.002734375 0.148125 0.002734375 0.23239583281249998 0.22625 0.23239583281249998
1 0.37953125 0.7647916671874999 0.37953125 0.6551041671875 0.1275 0.6551041671875 0.1275 0.7647916671874999 0.37953125 0.7647916671874999
1 0.086796875 0.625 0.086796875 0.7046875 0.13703125 0.7046875 0.13703125 0.625 0.086796875 0.625
1 0.09890625 0.6585416671875 0.09890625 0.5892708328125 0.048671874999999996 0.5892708328125 0.048671874999999996 0.6585416671875 0.09890625 0.6585416671875
1 0.026171875 0.573125 0.026171875 0.6273958328125 0.064296875 0.6273958328125 0.064296875 0.573125 0.026171875 0.573125
1 0.037421875 0.603125 0.037421875 0.5477083328125001 0.007109374999999999 0.5477083328125001 0.007109374999999999 0.603125 0.037421875 0.603125
1 0.673046875 0.9938541671875001 0.673046875 0.7711458328125 0.26890625 0.7711458328125 0.26890625 0.9938541671875001 0.673046875 0.9938541671875001
1 0.395078125 0.1444791671875 0.395078125 0.004791667187499999 0.062109375 0.004791667187499999 0.062109375 0.1444791671875 0.395078125 0.1444791671875
1 0.922578125 0.0970833328125 0.922578125 0.0097916671875 0.610859375 0.0097916671875 0.610859375 0.0970833328125 0.922578125 0.0970833328125
1 0.816640625 0.1473958328125 0.816640625 0.013229167187499998 0.46640625 0.013229167187499998 0.46640625 0.1473958328125 0.816640625 0.1473958328125