1 0.9178124999999999 0.624722221875 0.9178124999999999 0.522222221875 0.687890625 0.522222221875 0.687890625 0.624722221875 0.9178124999999999 0.624722221875
1 0.9744531249999999 0.5916666671875 0.9744531249999999 0.4963888890625 0.9121874999999999 0.4963888890625 0.9121874999999999 0.5916666671875 0.9744531249999999 0.5916666671875
1 0.9646874999999999 0.46555555625 0.9646874999999999 0.54069444375 0.997734375 0.54069444375 0.997734375 0.46555555625 0.9646874999999999 0.46555555625
0 0.39273437499999997 0.2038888890625 0.39273437499999997 0.722777778125 0.8146093750000001 0.722777778125 0.8146093750000001 0.2038888890625 0.39273437499999997 0.2038888890625
1 0.523046875 0.1966666671875 0.523046875 0.14861111093749999 0.449375 0.14861111093749999 0.449375 0.1966666671875 0.523046875 0.1966666671875
1 0.589609375 0.19277777812500002 0.589609375 0.1513888890625 0.517578125 0.1513888890625 0.517578125 0.19277777812500002 0.589609375 0.19277777812500002
1 0.64265625 0.1986111109375 0.64265625 0.15527777812500002 0.5825781250000001 0.15527777812500002 0.5825781250000001 0.1986111109375 0.64265625 0.1986111109375
1 0.74875 0.207222221875 0.74875 0.1773611109375 0.67078125 0.1773611109375 0.67078125 0.207222221875 0.74875 0.207222221875
1 0.8061718750000001 0.215 0.8061718750000001 0.18222222187499998 0.746015625 0.18222222187499998 0.746015625 0.215 0.8061718750000001 0.215
1 0.57625 0.0029166671875000003 0.57625 0.07416666718750001 0.790625 0.07416666718750001 0.790625 0.0029166671875000003 0.57625 0.0029166671875000003
1 0.9984375 0.11236111093750001 0.9984375 0.020555556250000002 0.8569531250000001 0.020555556250000002 0.8569531250000001 0.11236111093750001 0.9984375 0.11236111093750001
1 0.108515625 0.5920833328125 0.108515625 0.537222221875 0.021406249999999998 0.537222221875 0.021406249999999998 0.5920833328125 0.108515625 0.5920833328125
1 0.034375 0.47180555625 0.034375 0.4448611109375 0.001875 0.4448611109375 0.001875 0.47180555625 0.034375 0.47180555625
1 0.045234375 0.3111111109375 0.045234375 0.255277778125 0.00296875 0.255277778125 0.00296875 0.3111111109375 0.045234375 0.3111111109375
1 0.10640625 0.31875 0.10640625 0.2273611109375 0.014921875000000001 0.2273611109375 0.014921875000000001 0.31875 0.10640625 0.31875
1 0.1715625 0.38430555625 0.1715625 0.35583333281249996 0.13273437500000002 0.35583333281249996 0.13273437500000002 0.38430555625 0.1715625 0.38430555625
0 0.133671875 0.23541666718749998 0.133671875 0.5276388890625 0.22078125 0.5276388890625 0.22078125 0.23541666718749998 0.133671875 0.23541666718749998
1 0.06015625 0.08194444375 0.06015625 0.0001388890625 0.0017187500000000002 0.0001388890625 0.0017187500000000002 0.08194444375 0.06015625 0.08194444375