1 0.80828125 0.6904166671875 0.80828125 0.532222221875 0.522421875 0.532222221875 0.522421875 0.6904166671875 0.80828125 0.6904166671875
1 0.531640625 0.64055555625 0.531640625 0.543472221875 0.465703125 0.543472221875 0.465703125 0.64055555625 0.531640625 0.64055555625
1 0.47273437500000004 0.59569444375 0.47273437500000004 0.5148611109375001 0.41859375 0.5148611109375001 0.41859375 0.59569444375 0.47273437500000004 0.59569444375
1 0.39968750000000003 0.51680555625 0.39968750000000003 0.567777778125 0.431640625 0.567777778125 0.431640625 0.51680555625 0.39968750000000003 0.51680555625
1 0.4034375 0.5475 0.4034375 0.5013888890625 0.375859375 0.5013888890625 0.375859375 0.5475 0.4034375 0.5475
1 0.38234375 0.48027777812499994 0.38234375 0.44749999999999995 0.340390625 0.44749999999999995 0.340390625 0.48027777812499994 0.38234375 0.48027777812499994
1 0.268359375 0.46430555625 0.268359375 0.45416666718750004 0.25140625 0.45416666718750004 0.25140625 0.46430555625 0.268359375 0.46430555625
1 0.089296875 0.3498611109375 0.089296875 0.3204166671875 0.04984375 0.3204166671875 0.04984375 0.3498611109375 0.089296875 0.3498611109375
1 0.0546875 0.3579166671875 0.0546875 0.3311111109375 0.028437499999999998 0.3311111109375 0.028437499999999998 0.3579166671875 0.0546875 0.3579166671875
1 0.046484375 0.3945833328125 0.046484375 0.3691666671875 0.026484374999999998 0.3691666671875 0.026484374999999998 0.3945833328125 0.046484375 0.3945833328125
1 0.046796875 0.366527778125 0.046796875 0.387222221875 0.07390624999999999 0.387222221875 0.07390624999999999 0.366527778125 0.046796875 0.366527778125
1 0.131015625 0.37986111093749997 0.131015625 0.3551388890625 0.10320312499999999 0.3551388890625 0.10320312499999999 0.37986111093749997 0.131015625 0.37986111093749997
1 0.1325 0.275 0.1325 0.212222221875 0.09609375 0.212222221875 0.09609375 0.275 0.1325 0.275
1 0.159609375 0.20277777812500003 0.159609375 0.1813888890625 0.1378125 0.1813888890625 0.1378125 0.20277777812500003 0.159609375 0.20277777812500003
1 0.162265625 0.29500000000000004 0.162265625 0.2716666671875 0.13890625 0.2716666671875 0.13890625 0.29500000000000004 0.162265625 0.29500000000000004
1 0.13796875 0.1536111109375 0.13796875 0.0948611109375 0.09468750000000001 0.0948611109375 0.09468750000000001 0.1536111109375 0.13796875 0.1536111109375
1 0.10328124999999999 0.20555555625 0.10328124999999999 0.1286111109375 0.050234375 0.1286111109375 0.050234375 0.20555555625 0.10328124999999999 0.20555555625
1 0.070859375 0.21805555625 0.070859375 0.1516666671875 0.033984375 0.1516666671875 0.033984375 0.21805555625 0.070859375 0.21805555625
0 0.0021874999999999998 0.0225 0.0021874999999999998 0.7341666671875 0.045234375 0.7341666671875 0.045234375 0.0225 0.0021874999999999998 0.0225