1 0.66453125 0.8811249999999999 0.66453125 0.712 0.29296875 0.712 0.29296875 0.8811249999999999 0.66453125 0.8811249999999999
1 0.71046875 0.76475 0.71046875 0.63025 0.625625 0.63025 0.625625 0.76475 0.71046875 0.76475
1 0.752890625 0.626125 0.752890625 0.5305 0.6740625 0.5305 0.6740625 0.626125 0.752890625 0.626125
1 0.745078125 0.713375 0.745078125 0.5858749999999999 0.6740625 0.5858749999999999 0.6740625 0.713375 0.745078125 0.713375
1 0.77109375 0.6455 0.77109375 0.554 0.71390625 0.554 0.71390625 0.6455 0.77109375 0.6455
1 0.798828125 0.595625 0.798828125 0.534625 0.7477343750000001 0.534625 0.7477343750000001 0.595625 0.798828125 0.595625
1 0.798828125 0.516625 0.798828125 0.561 0.823046875 0.561 0.823046875 0.516625 0.798828125 0.516625
1 0.8300000000000001 0.534625 0.8300000000000001 0.495875 0.803125 0.495875 0.803125 0.534625 0.8300000000000001 0.534625
1 0.821328125 0.48612500000000003 0.821328125 0.5235000000000001 0.85078125 0.5235000000000001 0.85078125 0.48612500000000003 0.821328125 0.48612500000000003
1 0.94171875 0.434875 0.94171875 0.4085 0.902734375 0.4085 0.902734375 0.434875 0.94171875 0.434875
1 0.9764062499999999 0.43899999999999995 0.9764062499999999 0.409875 0.94171875 0.409875 0.94171875 0.43899999999999995 0.9764062499999999 0.43899999999999995
1 0.9982031250000001 0.45 0.9982031250000001 0.406875 0.97578125 0.406875 0.97578125 0.45 0.9982031250000001 0.45
1 0.9483593750000001 0.309 0.9483593750000001 0.290875 0.9145312499999999 0.290875 0.9145312499999999 0.309 0.9483593750000001 0.309
1 0.985078125 0.309 0.985078125 0.282875 0.9467187499999999 0.282875 0.9467187499999999 0.309 0.985078125 0.309
1 0.9985156249999999 0.30625 0.9985156249999999 0.290875 0.988046875 0.290875 0.988046875 0.30625 0.9985156249999999 0.30625
1 0.6294531250000001 0.063375 0.6294531250000001 0.161625 0.8503125 0.161625 0.8503125 0.063375 0.6294531250000001 0.063375
1 0.82359375 0.12237499999999998 0.82359375 0.042625 0.61640625 0.042625 0.61640625 0.12237499999999998 0.82359375 0.12237499999999998
1 0.5385156249999999 0.00225 0.5385156249999999 0.063375 0.783203125 0.063375 0.783203125 0.00225 0.5385156249999999 0.00225
1 0.5825 0.10149999999999999 0.5825 0.0045 0.384765625 0.0045 0.384765625 0.10149999999999999 0.5825 0.10149999999999999
1 0.625078125 0.1385 0.625078125 0.075 0.451171875 0.075 0.451171875 0.1385 0.625078125 0.1385
1 0.7052343750000001 0.182375 0.7052343750000001 0.12925 0.55796875 0.12925 0.55796875 0.182375 0.7052343750000001 0.182375
1 0.3471875 0.170875 0.3471875 0.12462500000000001 0.275 0.12462500000000001 0.275 0.170875 0.3471875 0.170875
1 0.19132812500000002 0.073875 0.19132812500000002 0.169625 0.275 0.169625 0.275 0.073875 0.19132812500000002 0.073875
1 0.12984374999999998 0.10225 0.12984374999999998 0.0365 0.00390625 0.0365 0.00390625 0.10225 0.12984374999999998 0.10225
1 0.81125 0.2385 0.81125 0.2545 0.9075 0.2545 0.9075 0.2385 0.81125 0.2385
1 0.9125 0.23925000000000002 0.9125 0.21200000000000002 0.79375 0.21200000000000002 0.79375 0.23925000000000002 0.9125 0.23925000000000002
1 0.8907031249999999 0.09962499999999999 0.8907031249999999 0.15275 0.934765625 0.15275 0.934765625 0.09962499999999999 0.8907031249999999 0.09962499999999999