1 0.5728125000000001 0.752 0.5728125000000001 0.606375 0.45062499999999994 0.606375 0.45062499999999994 0.752 0.5728125000000001 0.752
1 0.5728125000000001 0.8318749999999999 0.5728125000000001 0.66225 0.483046875 0.66225 0.483046875 0.8318749999999999 0.5728125000000001 0.8318749999999999
1 0.50671875 0.9755 0.50671875 0.726125 0.2796875 0.726125 0.2796875 0.9755 0.50671875 0.9755
1 0.318359375 0.9935 0.318359375 0.90175 0.174921875 0.90175 0.174921875 0.9935 0.318359375 0.9935
1 0.64640625 0.712125 0.64640625 0.608375 0.542890625 0.608375 0.542890625 0.712125 0.64640625 0.712125
1 0.68359375 0.641625 0.68359375 0.557 0.6134375000000001 0.557 0.6134375000000001 0.641625 0.68359375 0.641625
1 0.719140625 0.60275 0.719140625 0.534875 0.670625 0.534875 0.670625 0.60275 0.719140625 0.60275
1 0.7555468750000001 0.550125 0.7555468750000001 0.51125 0.707890625 0.51125 0.707890625 0.550125 0.7555468750000001 0.550125
0 0.813515625 0.32287499999999997 0.813515625 0.5237499999999999 0.91921875 0.5237499999999999 0.91921875 0.32287499999999997 0.813515625 0.32287499999999997
1 0.543203125 0.00075 0.543203125 0.08525 0.7303124999999999 0.08525 0.7303124999999999 0.00075 0.543203125 0.00075
1 0.759765625 0.12137500000000001 0.759765625 0.047875 0.56578125 0.047875 0.56578125 0.12137500000000001 0.759765625 0.12137500000000001
1 0.769296875 0.157375 0.769296875 0.095 0.58046875 0.095 0.58046875 0.157375 0.769296875 0.157375
1 0.783984375 0.175375 0.783984375 0.129625 0.667109375 0.129625 0.667109375 0.175375 0.783984375 0.175375
1 0.7970312500000001 0.182375 0.7970312500000001 0.15462499999999998 0.756328125 0.15462499999999998 0.756328125 0.182375 0.7970312500000001 0.182375
1 0.749375 0.068625 0.749375 0.111625 0.777109375 0.111625 0.777109375 0.068625 0.749375 0.068625
1 0.73203125 0.027125 0.73203125 0.093625 0.759765625 0.093625 0.759765625 0.027125 0.73203125 0.027125
1 0.6584375 0.0035000000000000005 0.6584375 0.050624999999999996 0.735546875 0.050624999999999996 0.735546875 0.0035000000000000005 0.6584375 0.0035000000000000005