1 0.93390625 0.146625 0.93390625 0.082875 0.8126562500000001 0.082875 0.8126562500000001 0.146625 0.93390625 0.146625
1 0.821328125 0.141125 0.821328125 0.095375 0.701796875 0.095375 0.701796875 0.141125 0.821328125 0.141125
1 0.703515625 0.154875 0.703515625 0.10500000000000001 0.60828125 0.10500000000000001 0.60828125 0.154875 0.703515625 0.154875
1 0.60390625 0.16325 0.60390625 0.100875 0.5146875 0.100875 0.5146875 0.16325 0.60390625 0.16325
1 0.998984375 0.129375 0.998984375 0.0715 0.9515625 0.0715 0.9515625 0.129375 0.998984375 0.129375
1 0.998984375 0.5823750000000001 0.998984375 0.5205 0.9291406249999999 0.5205 0.9291406249999999 0.5823750000000001 0.998984375 0.5823750000000001
1 0.828125 0.5505 0.828125 0.48862500000000003 0.6734375 0.48862500000000003 0.6734375 0.5505 0.828125 0.5505
1 0.6846875 0.5385 0.6846875 0.480625 0.593671875 0.480625 0.593671875 0.5385 0.6846875 0.5385
1 0.707265625 0.8106249999999999 0.707265625 0.652625 0.621015625 0.652625 0.621015625 0.8106249999999999 0.707265625 0.8106249999999999
1 0.6396875 0.9536250000000001 0.6396875 0.72425 0.49312500000000004 0.72425 0.49312500000000004 0.9536250000000001 0.6396875 0.9536250000000001
1 0.50875 0.998625 0.50875 0.8522500000000001 0.36320312499999996 0.8522500000000001 0.36320312499999996 0.998625 0.50875 0.998625