1 0.8609375 0.196527778125 0.8609375 0.1411111109375 0.77046875 0.1411111109375 0.77046875 0.196527778125 0.8609375 0.196527778125
1 0.8125781249999999 0.30319444375 0.8125781249999999 0.26027777812499997 0.7814062500000001 0.26027777812499997 0.7814062500000001 0.30319444375 0.8125781249999999 0.30319444375
1 0.7821875 0.30319444375 0.7821875 0.27138888906249997 0.7455468749999999 0.27138888906249997 0.7455468749999999 0.30319444375 0.7821875 0.30319444375
1 0.79078125 0.7979166671875 0.79078125 0.6108333328125 0.5857812499999999 0.6108333328125 0.5857812499999999 0.7979166671875 0.79078125 0.7979166671875
1 0.9985156249999999 0.9301388890625001 0.9985156249999999 0.69305555625 0.734453125 0.69305555625 0.734453125 0.9301388890625001 0.9985156249999999 0.9301388890625001
1 0.6525000000000001 0.67180555625 0.6525000000000001 0.54569444375 0.49421875000000004 0.54569444375 0.49421875000000004 0.67180555625 0.6525000000000001 0.67180555625
1 0.5706249999999999 0.624722221875 0.5706249999999999 0.5318055562499999 0.4490625 0.5318055562499999 0.4490625 0.624722221875 0.5706249999999999 0.624722221875
1 0.50984375 0.5873611109375 0.50984375 0.515277778125 0.4178125 0.515277778125 0.4178125 0.5873611109375 0.50984375 0.5873611109375
1 0.441875 0.5545833328125 0.441875 0.4948611109375 0.39421875 0.4948611109375 0.39421875 0.5545833328125 0.441875 0.5545833328125
1 0.38070312500000003 0.497777778125 0.38070312500000003 0.5401388890625001 0.39640624999999996 0.5401388890625001 0.39640624999999996 0.497777778125 0.38070312500000003 0.497777778125
1 0.385 0.5295833328125 0.385 0.490972221875 0.362265625 0.490972221875 0.362265625 0.5295833328125 0.385 0.5295833328125
1 0.352578125 0.48527777812500006 0.352578125 0.5198611109375 0.37312500000000004 0.5198611109375 0.37312500000000004 0.48527777812500006 0.352578125 0.48527777812500006
1 0.5213281249999999 0.315 0.5213281249999999 0.287222221875 0.49124999999999996 0.287222221875 0.49124999999999996 0.315 0.5213281249999999 0.315
1 0.49343750000000003 0.324027778125 0.49343750000000003 0.2988888890625 0.478984375 0.2988888890625 0.478984375 0.324027778125 0.49343750000000003 0.324027778125
1 0.482421875 0.32847222187499997 0.482421875 0.30944444375 0.46773437500000004 0.30944444375 0.46773437500000004 0.32847222187499997 0.482421875 0.32847222187499997
1 0.4996875 0.2625 0.4996875 0.226527778125 0.415390625 0.226527778125 0.415390625 0.2625 0.4996875 0.2625
1 0.585 0.2008333328125 0.585 0.14305555625 0.47984375 0.14305555625 0.47984375 0.2008333328125 0.585 0.2008333328125
1 0.46046875 0.20805555625 0.46046875 0.1695833328125 0.3490625 0.1695833328125 0.3490625 0.20805555625 0.46046875 0.20805555625
1 0.4609375 0.23291666718749998 0.4609375 0.1904166671875 0.34546875 0.1904166671875 0.34546875 0.23291666718749998 0.4609375 0.23291666718749998
1 0.5221875 0.1623611109375 0.5221875 0.0861111109375 0.36859375 0.0861111109375 0.36859375 0.1623611109375 0.5221875 0.1623611109375
1 0.5658593749999999 0.123472221875 0.5658593749999999 0.03625 0.39671875 0.03625 0.39671875 0.123472221875 0.5658593749999999 0.123472221875
1 0.5797656250000001 0.059861110937499996 0.5797656250000001 0.00305555625 0.416875 0.00305555625 0.416875 0.059861110937499996 0.5797656250000001 0.059861110937499996
1 0.7036718750000001 0.0723611109375 0.7036718750000001 0.0266666671875 0.6015625 0.0266666671875 0.6015625 0.0723611109375 0.7036718750000001 0.0723611109375
1 0.026171875 0.739027778125 0.026171875 0.6658333328125 0.00453125 0.6658333328125 0.00453125 0.739027778125 0.026171875 0.739027778125
1 0.06625 0.70055555625 0.06625 0.61875 0.0115625 0.61875 0.0115625 0.70055555625 0.06625 0.70055555625
1 0.100859375 0.65430555625 0.100859375 0.5802777781249999 0.058671875 0.5802777781249999 0.058671875 0.65430555625 0.100859375 0.65430555625
1 0.12578125 0.61194444375 0.12578125 0.5638888890625 0.087890625 0.5638888890625 0.087890625 0.61194444375 0.12578125 0.61194444375
1 0.143125 0.58694444375 0.143125 0.5475 0.106328125 0.5475 0.106328125 0.58694444375 0.143125 0.58694444375
1 0.157734375 0.571527778125 0.157734375 0.5349999999999999 0.131171875 0.5349999999999999 0.131171875 0.571527778125 0.157734375 0.571527778125
1 0.169765625 0.55319444375 0.169765625 0.5254166671875 0.14906250000000001 0.5254166671875 0.14906250000000001 0.55319444375 0.169765625 0.55319444375
1 0.176328125 0.5415277781250001 0.176328125 0.515277778125 0.162265625 0.515277778125 0.162265625 0.5415277781250001 0.176328125 0.5415277781250001
1 0.184453125 0.5348611109375 0.184453125 0.5102777781250001 0.169140625 0.5102777781250001 0.169140625 0.5348611109375 0.184453125 0.5348611109375
1 0.284375 0.474722221875 0.284375 0.46013888906249995 0.25906250000000003 0.46013888906249995 0.25906250000000003 0.474722221875 0.284375 0.474722221875
1 0.31320312499999997 0.47083333281249995 0.31320312499999997 0.45569444375 0.28312499999999996 0.45569444375 0.28312499999999996 0.47083333281249995 0.31320312499999997 0.47083333281249995
1 0.313125 0.3545833328125 0.313125 0.3311111109375 0.284921875 0.3311111109375 0.284921875 0.3545833328125 0.313125 0.3545833328125
1 0.25640625 0.348472221875 0.25640625 0.35625 0.284609375 0.35625 0.284609375 0.348472221875 0.25640625 0.348472221875
1 0.25609375 0.34069444375 0.25609375 0.3495833328125 0.284296875 0.3495833328125 0.284296875 0.34069444375 0.25609375 0.34069444375
1 0.25578124999999996 0.3283333328125 0.25578124999999996 0.34125 0.283671875 0.34125 0.283671875 0.3283333328125 0.25578124999999996 0.3283333328125
1 0.25453125 0.32166666718750003 0.25453125 0.33388888906249997 0.284296875 0.33388888906249997 0.284296875 0.32166666718750003 0.25453125 0.32166666718750003
1 0.25421875 0.3088888890625 0.25421875 0.3233333328125 0.284609375 0.3233333328125 0.284609375 0.3088888890625 0.25421875 0.3088888890625
1 0.14859375 0.27291666718749996 0.14859375 0.219027778125 0.033828125 0.219027778125 0.033828125 0.27291666718749996 0.14859375 0.27291666718749996
1 0.070078125 0.2575 0.070078125 0.292222221875 0.17289062500000002 0.292222221875 0.17289062500000002 0.2575 0.070078125 0.2575
1 0.2865625 0.2420833328125 0.2865625 0.22000000000000003 0.256796875 0.22000000000000003 0.256796875 0.2420833328125 0.2865625 0.2420833328125
1 0.248125 0.24694444375 0.248125 0.2258333328125 0.22218749999999998 0.2258333328125 0.22218749999999998 0.24694444375 0.248125 0.24694444375
1 0.10921875 0.21694444375000002 0.10921875 0.1558333328125 0.011796875 0.1558333328125 0.011796875 0.21694444375000002 0.10921875 0.21694444375000002
1 0.010546875 0.075 0.010546875 0.169722221875 0.094296875 0.169722221875 0.094296875 0.075 0.010546875 0.075
1 0.00203125 0.011388889062500001 0.00203125 0.11305555625000001 0.0709375 0.11305555625000001 0.0709375 0.011388889062500001 0.00203125 0.011388889062500001
1 0.18812500000000001 0.320277778125 0.18812500000000001 0.2929166671875 0.10015624999999999 0.2929166671875 0.10015624999999999 0.320277778125 0.18812500000000001 0.320277778125