1 0.400859375 0.18225 0.400859375 0.14425 0.346015625 0.14425 0.346015625 0.18225 0.400859375 0.18225
1 0.46804687500000003 0.18225 0.46804687500000003 0.139625 0.40374999999999994 0.139625 0.40374999999999994 0.18225 0.46804687500000003 0.18225
1 0.64921875 0.18575 0.64921875 0.139625 0.551015625 0.139625 0.551015625 0.18575 0.64921875 0.18575
1 0.7365625 0.1765 0.7365625 0.12225 0.63765625 0.12225 0.63765625 0.1765 0.7365625 0.1765
1 0.35859375 0.198125 0.35859375 0.16025 0.28375 0.16025 0.28375 0.198125 0.35859375 0.198125
1 0.28375 0.196125 0.28375 0.15425 0.23015625 0.15425 0.23015625 0.196125 0.28375 0.196125
1 0.8834375 0.278625 0.8834375 0.25787499999999997 0.857109375 0.25787499999999997 0.857109375 0.278625 0.8834375 0.278625
1 0.8608593750000001 0.25187499999999996 0.8608593750000001 0.26725 0.8809374999999999 0.26725 0.8809374999999999 0.25187499999999996 0.8608593750000001 0.25187499999999996
1 0.8608593750000001 0.2445 0.8608593750000001 0.25187499999999996 0.8846875000000001 0.25187499999999996 0.8846875000000001 0.2445 0.8608593750000001 0.2445
1 0.788359375 0.0008750000000000001 0.788359375 0.04025 0.8550000000000001 0.04025 0.8550000000000001 0.0008750000000000001 0.788359375 0.0008750000000000001
1 0.885078125 0.135625 0.885078125 0.12450000000000001 0.8625 0.12450000000000001 0.8625 0.135625 0.885078125 0.135625
1 0.883046875 0.14525 0.883046875 0.12925 0.8595312500000001 0.12925 0.8595312500000001 0.14525 0.883046875 0.14525
1 0.88359375 0.16212500000000002 0.88359375 0.14450000000000002 0.8579687500000001 0.14450000000000002 0.8579687500000001 0.16212500000000002 0.88359375 0.16212500000000002
1 0.88203125 0.174125 0.88203125 0.157375 0.86453125 0.157375 0.86453125 0.174125 0.88203125 0.174125
1 0.88109375 0.182125 0.88109375 0.16775 0.863984375 0.16775 0.863984375 0.182125 0.88109375 0.182125
1 0.88109375 0.19337500000000002 0.88109375 0.18062499999999998 0.8614843750000001 0.18062499999999998 0.8614843750000001 0.19337500000000002 0.88109375 0.19337500000000002
1 0.8815625 0.20625 0.8815625 0.191 0.8614843750000001 0.191 0.8614843750000001 0.20625 0.8815625 0.20625
1 0.880546875 0.21825 0.880546875 0.20299999999999999 0.86203125 0.20299999999999999 0.86203125 0.21825 0.880546875 0.21825
1 0.877578125 0.22875 0.877578125 0.21587499999999998 0.86 0.21587499999999998 0.86 0.22875 0.877578125 0.22875
1 0.88109375 0.24474999999999997 0.88109375 0.22625 0.8625 0.22625 0.8625 0.24474999999999997 0.88109375 0.24474999999999997
1 0.7867968750000001 0.22225 0.7867968750000001 0.266375 0.858984375 0.266375 0.858984375 0.22225 0.7867968750000001 0.22225
1 0.805859375 0.296 0.805859375 0.21662499999999998 0.7246875 0.21662499999999998 0.7246875 0.296 0.805859375 0.296
1 0.658984375 0.215125 0.658984375 0.296 0.740703125 0.296 0.740703125 0.215125 0.658984375 0.215125
1 0.944296875 0.43775000000000003 0.944296875 0.425 0.9125781249999999 0.425 0.9125781249999999 0.43775000000000003 0.944296875 0.43775000000000003
1 0.9125781249999999 0.414375 0.9125781249999999 0.42975 0.9434374999999999 0.42975 0.9434374999999999 0.414375 0.9125781249999999 0.414375
1 0.946015625 0.421 0.946015625 0.406375 0.9096093749999999 0.406375 0.9096093749999999 0.421 0.946015625 0.421
1 0.911328125 0.397 0.911328125 0.406375 0.9447656249999999 0.406375 0.9447656249999999 0.397 0.911328125 0.397
1 0.950546875 0.40099999999999997 0.950546875 0.389625 0.910859375 0.389625 0.910859375 0.40099999999999997 0.950546875 0.40099999999999997
1 0.9125781249999999 0.37887499999999996 0.9125781249999999 0.393 0.94765625 0.393 0.94765625 0.37887499999999996 0.9125781249999999 0.37887499999999996
1 0.9568749999999999 0.381625 0.9568749999999999 0.37225 0.913828125 0.37225 0.913828125 0.381625 0.9568749999999999 0.381625
1 0.9142187500000001 0.36025 0.9142187500000001 0.37625000000000003 0.9526562500000001 0.37625000000000003 0.9526562500000001 0.36025 0.9142187500000001 0.36025
1 0.9526562500000001 0.360875 0.9526562500000001 0.34950000000000003 0.917578125 0.34950000000000003 0.917578125 0.360875 0.9526562500000001 0.360875
1 0.913828125 0.3295 0.913828125 0.35225 0.9556250000000001 0.35225 0.9556250000000001 0.3295 0.913828125 0.3295
1 0.9171875 0.35150000000000003 0.9171875 0.3335 0.89125 0.3335 0.89125 0.35150000000000003 0.9171875 0.35150000000000003
1 0.913828125 0.35625 0.913828125 0.346875 0.890859375 0.346875 0.890859375 0.35625 0.913828125 0.35625
1 0.9142187500000001 0.36625 0.9142187500000001 0.35625 0.890859375 0.35625 0.890859375 0.36625 0.9142187500000001 0.36625
1 0.9096093749999999 0.37887499999999996 0.9096093749999999 0.366875 0.888359375 0.366875 0.888359375 0.37887499999999996 0.9096093749999999 0.37887499999999996
1 0.911328125 0.38425 0.911328125 0.37487499999999996 0.885 0.37487499999999996 0.885 0.38425 0.911328125 0.38425
1 0.910859375 0.39425 0.910859375 0.381625 0.890859375 0.381625 0.890859375 0.39425 0.910859375 0.39425
1 0.9100781250000001 0.403 0.9100781250000001 0.39225 0.8925000000000001 0.39225 0.8925000000000001 0.403 0.9100781250000001 0.403
1 0.9512499999999999 0.3015 0.9512499999999999 0.28912499999999997 0.91734375 0.28912499999999997 0.91734375 0.3015 0.9512499999999999 0.3015
1 0.91859375 0.28025 0.91859375 0.28875 0.95390625 0.28875 0.95390625 0.28025 0.91859375 0.28025
1 0.9161718750000001 0.27087500000000003 0.9161718750000001 0.28025 0.95390625 0.28025 0.95390625 0.27087500000000003 0.9161718750000001 0.27087500000000003
1 0.9161718750000001 0.262 0.9161718750000001 0.27087500000000003 0.951484375 0.27087500000000003 0.951484375 0.262 0.9161718750000001 0.262
1 0.9171093750000001 0.250375 0.9171093750000001 0.262 0.9517187500000001 0.262 0.9517187500000001 0.250375 0.9171093750000001 0.250375
1 0.9171093750000001 0.24225 0.9171093750000001 0.250375 0.95609375 0.250375 0.95609375 0.24225 0.9171093750000001 0.24225
1 0.9161718750000001 0.23112499999999997 0.9161718750000001 0.24225 0.95609375 0.24225 0.95609375 0.23112499999999997 0.9161718750000001 0.23112499999999997
1 0.9161718750000001 0.22174999999999997 0.9161718750000001 0.23112499999999997 0.956796875 0.23112499999999997 0.956796875 0.22174999999999997 0.9161718750000001 0.22174999999999997
1 0.9217187499999999 0.21175000000000002 0.9217187499999999 0.22174999999999997 0.956796875 0.22174999999999997 0.956796875 0.21175000000000002 0.9217187499999999 0.21175000000000002
1 0.9217187499999999 0.200875 0.9217187499999999 0.21175000000000002 0.961875 0.21175000000000002 0.961875 0.200875 0.9217187499999999 0.200875
1 0.99703125 0.322625 0.99703125 0.308375 0.9591406250000001 0.308375 0.9591406250000001 0.322625 0.99703125 0.322625
1 0.998046875 0.33337500000000003 0.998046875 0.321875 0.9617968749999999 0.321875 0.9617968749999999 0.33337500000000003 0.998046875 0.33337500000000003
1 0.991171875 0.34225 0.991171875 0.32937500000000003 0.95796875 0.32937500000000003 0.95796875 0.34225 0.991171875 0.34225
1 0.995703125 0.35025 0.995703125 0.3395 0.9540625 0.3395 0.9540625 0.35025 0.995703125 0.35025
1 0.993515625 0.36324999999999996 0.993515625 0.34950000000000003 0.9549218749999999 0.34950000000000003 0.9549218749999999 0.36324999999999996 0.993515625 0.36324999999999996
1 0.9940625000000001 0.37124999999999997 0.9940625000000001 0.361625 0.9565625000000001 0.361625 0.9565625000000001 0.37124999999999997 0.9940625000000001 0.37124999999999997
1 0.988984375 0.383625 0.988984375 0.368625 0.955390625 0.368625 0.955390625 0.383625 0.988984375 0.383625
1 0.9907812500000001 0.38975 0.9907812500000001 0.380625 0.9571875000000001 0.380625 0.9571875000000001 0.38975 0.9907812500000001 0.38975
1 0.99125 0.402375 0.99125 0.387625 0.955703125 0.387625 0.955703125 0.402375 0.99125 0.402375
1 0.991796875 0.40862499999999996 0.991796875 0.3995 0.9536718750000001 0.3995 0.9536718750000001 0.40862499999999996 0.991796875 0.40862499999999996
1 0.994140625 0.42125 0.994140625 0.405625 0.954375 0.405625 0.954375 0.42125 0.994140625 0.42125
1 0.9932812500000001 0.42662500000000003 0.9932812500000001 0.41612499999999997 0.9536718750000001 0.41612499999999997 0.9536718750000001 0.42662500000000003 0.9932812500000001 0.42662500000000003
1 0.9907812500000001 0.437125 0.9907812500000001 0.42575 0.9536718750000001 0.42575 0.9536718750000001 0.437125 0.9907812500000001 0.437125
1 0.9994531249999999 0.297875 0.9994531249999999 0.28912499999999997 0.95734375 0.28912499999999997 0.95734375 0.297875 0.9994531249999999 0.297875
1 0.961328125 0.278875 0.961328125 0.288125 0.9984375 0.288125 0.9984375 0.278875 0.961328125 0.278875
1 0.9615625 0.26725 0.9615625 0.27912499999999996 0.9965624999999999 0.27912499999999996 0.9965624999999999 0.26725 0.9615625 0.26725
1 0.9627343749999999 0.25625 0.9627343749999999 0.26725 0.9965624999999999 0.26725 0.9965624999999999 0.25625 0.9627343749999999 0.25625
1 0.9621875 0.24825 0.9621875 0.256875 0.99921875 0.256875 0.99921875 0.24825 0.9621875 0.24825
1 0.961328125 0.236875 0.961328125 0.24825 0.99921875 0.24825 0.99921875 0.236875 0.961328125 0.236875
1 0.96171875 0.2285 0.96171875 0.236875 0.998828125 0.236875 0.998828125 0.2285 0.96171875 0.2285
1 0.9633593749999999 0.21725 0.9633593749999999 0.2285 0.998828125 0.2285 0.998828125 0.21725 0.9633593749999999 0.21725
1 0.9637499999999999 0.20825 0.9637499999999999 0.21787499999999999 0.9975781250000001 0.21787499999999999 0.9975781250000001 0.20825 0.9637499999999999 0.20825
1 0.963125 0.195625 0.963125 0.20950000000000002 0.9994531249999999 0.20950000000000002 0.9994531249999999 0.195625 0.963125 0.195625
1 0.96640625 0.18825 0.96640625 0.196625 0.99921875 0.196625 0.99921875 0.18825 0.96640625 0.18825
1 0.96640625 0.17862499999999998 0.96640625 0.18825 0.9979687500000001 0.18825 0.9979687500000001 0.17862499999999998 0.96640625 0.17862499999999998
1 0.969375 0.164375 0.969375 0.17862499999999998 0.998828125 0.17862499999999998 0.998828125 0.164375 0.969375 0.164375
1 0.9184374999999999 0.183375 0.9184374999999999 0.1695 0.896171875 0.1695 0.896171875 0.183375 0.9184374999999999 0.183375
1 0.923125 0.193625 0.923125 0.1825 0.89671875 0.1825 0.89671875 0.193625 0.923125 0.193625
1 0.9219531249999999 0.203375 0.9219531249999999 0.192625 0.89875 0.192625 0.89875 0.203375 0.9219531249999999 0.203375
1 0.917578125 0.21212499999999998 0.917578125 0.20099999999999998 0.8984375 0.20099999999999998 0.8984375 0.21212499999999998 0.917578125 0.21212499999999998
1 0.917578125 0.221 0.917578125 0.21075 0.899609375 0.21075 0.899609375 0.221 0.917578125 0.221
1 0.91703125 0.23125 0.91703125 0.2205 0.89875 0.2205 0.89875 0.23125 0.91703125 0.23125
1 0.91640625 0.2395 0.91640625 0.23125 0.8964062500000001 0.23125 0.8964062500000001 0.2395 0.91640625 0.2395
1 0.9178906250000001 0.25075 0.9178906250000001 0.2395 0.8964062500000001 0.2395 0.8964062500000001 0.25075 0.9178906250000001 0.25075
1 0.9161718750000001 0.2605 0.9161718750000001 0.248375 0.895234375 0.248375 0.895234375 0.2605 0.9161718750000001 0.2605
1 0.91671875 0.26975 0.91671875 0.2605 0.89671875 0.2605 0.89671875 0.26975 0.91671875 0.26975
1 0.9153125 0.279875 0.9153125 0.26975 0.895859375 0.26975 0.895859375 0.279875 0.9153125 0.279875
1 0.9155468750000001 0.286375 0.9155468750000001 0.27949999999999997 0.896171875 0.27949999999999997 0.896171875 0.286375 0.9155468750000001 0.286375
1 0.9155468750000001 0.29474999999999996 0.9155468750000001 0.286875 0.8914843749999999 0.286875 0.8914843749999999 0.29474999999999996 0.9155468750000001 0.29474999999999996
1 0.920546875 0.161375 0.920546875 0.15137499999999998 0.8964062500000001 0.15137499999999998 0.8964062500000001 0.161375 0.920546875 0.161375
1 0.8966406250000001 0.14075 0.8966406250000001 0.15462499999999998 0.9233593750000001 0.15462499999999998 0.9233593750000001 0.14075 0.8966406250000001 0.14075
1 0.9022656250000001 0.1295 0.9022656250000001 0.14075 0.9233593750000001 0.14075 0.9233593750000001 0.1295 0.9022656250000001 0.1295
1 0.9022656250000001 0.119125 0.9022656250000001 0.1295 0.923828125 0.1295 0.923828125 0.119125 0.9022656250000001 0.119125
1 0.904296875 0.113375 0.904296875 0.122125 0.923828125 0.122125 0.923828125 0.113375 0.904296875 0.113375
1 0.9046875 0.10275000000000001 0.9046875 0.112375 0.928046875 0.112375 0.928046875 0.10275000000000001 0.9046875 0.10275000000000001
1 0.90140625 0.092375 0.90140625 0.10275000000000001 0.9278124999999999 0.10275000000000001 0.9278124999999999 0.092375 0.90140625 0.092375
1 0.901640625 0.080125 0.901640625 0.093125 0.928046875 0.093125 0.928046875 0.080125 0.901640625 0.080125
1 0.9044531250000001 0.07112500000000001 0.9044531250000001 0.080875 0.9278124999999999 0.080875 0.9278124999999999 0.07112500000000001 0.9044531250000001 0.07112500000000001
1 0.9044531250000001 0.063375 0.9044531250000001 0.07112500000000001 0.9252343749999999 0.07112500000000001 0.9252343749999999 0.063375 0.9044531250000001 0.063375
1 0.92578125 0.065 0.92578125 0.053125 0.907890625 0.053125 0.907890625 0.065 0.92578125 0.065
1 0.9060937499999999 0.039625 0.9060937499999999 0.0595 0.9296093750000001 0.0595 0.9296093750000001 0.039625 0.9060937499999999 0.039625
1 0.967109375 0.05175 0.967109375 0.036125000000000004 0.9317187499999999 0.036125000000000004 0.9317187499999999 0.05175 0.967109375 0.05175
1 0.966796875 0.058499999999999996 0.966796875 0.045 0.9288281250000001 0.045 0.9288281250000001 0.058499999999999996 0.966796875 0.058499999999999996
1 0.966796875 0.06999999999999999 0.966796875 0.058499999999999996 0.9282031249999999 0.058499999999999996 0.9282031249999999 0.06999999999999999 0.966796875 0.06999999999999999
1 0.967109375 0.079625 0.967109375 0.06925 0.928046875 0.06925 0.928046875 0.079625 0.967109375 0.079625
1 0.9682812500000001 0.089125 0.9682812500000001 0.0775 0.9295312499999999 0.0775 0.9295312499999999 0.089125 0.9682812500000001 0.089125
1 0.96390625 0.097375 0.96390625 0.08449999999999999 0.9266406249999999 0.08449999999999999 0.9266406249999999 0.097375 0.96390625 0.097375
1 0.965078125 0.10487500000000001 0.965078125 0.09525 0.9242968749999999 0.09525 0.9242968749999999 0.10487500000000001 0.965078125 0.10487500000000001
1 0.963125 0.111375 0.963125 0.10487500000000001 0.9246874999999999 0.10487500000000001 0.9246874999999999 0.111375 0.963125 0.111375
1 0.963125 0.11837500000000001 0.963125 0.111375 0.9232812499999999 0.111375 0.9232812499999999 0.11837500000000001 0.963125 0.11837500000000001
1 0.962578125 0.13125 0.962578125 0.11837500000000001 0.9236718749999999 0.11837500000000001 0.9236718749999999 0.13125 0.962578125 0.13125
1 0.9624218750000001 0.137375 0.9624218750000001 0.12825 0.9236718749999999 0.12825 0.9236718749999999 0.137375 0.9624218750000001 0.137375
1 0.9609375 0.14837499999999998 0.9609375 0.137375 0.9236718749999999 0.137375 0.9236718749999999 0.14837499999999998 0.9609375 0.14837499999999998
1 0.962109375 0.16025 0.962109375 0.147625 0.9207812499999999 0.147625 0.9207812499999999 0.16025 0.962109375 0.16025
1 0.999375 0.15675 0.999375 0.14275 0.968984375 0.14275 0.968984375 0.15675 0.999375 0.15675
1 0.998671875 0.14550000000000002 0.998671875 0.133375 0.969453125 0.133375 0.969453125 0.14550000000000002 0.998671875 0.14550000000000002
1 0.967109375 0.12375 0.967109375 0.1345 0.99921875 0.1345 0.99921875 0.12375 0.967109375 0.12375
1 0.9676562499999999 0.1125 0.9676562499999999 0.12450000000000001 0.99921875 0.12450000000000001 0.99921875 0.1125 0.9676562499999999 0.1125
1 0.998671875 0.115375 0.998671875 0.10275000000000001 0.9707812499999999 0.10275000000000001 0.9707812499999999 0.115375 0.998671875 0.115375
1 0.9721875000000001 0.093875 0.9721875000000001 0.1065 0.998046875 0.1065 0.998046875 0.093875 0.9721875000000001 0.093875
1 0.998828125 0.096375 0.998828125 0.082875 0.9735156249999999 0.082875 0.9735156249999999 0.096375 0.998828125 0.096375
1 0.998359375 0.082875 0.998359375 0.074875 0.974375 0.074875 0.974375 0.082875 0.998359375 0.082875
1 0.9966406250000001 0.074875 0.9966406250000001 0.063625 0.973828125 0.063625 0.973828125 0.074875 0.9966406250000001 0.074875
1 0.973984375 0.05500000000000001 0.973984375 0.06575 0.998828125 0.06575 0.998828125 0.05500000000000001 0.973984375 0.05500000000000001
1 0.99765625 0.05525 0.99765625 0.045875 0.971484375 0.045875 0.971484375 0.05525 0.99765625 0.05525
1 0.9746874999999999 0.031375 0.9746874999999999 0.046875 0.9978125 0.046875 0.9978125 0.031375 0.9746874999999999 0.031375
1 0.92875 0.027875 0.92875 0.018625 0.90171875 0.018625 0.90171875 0.027875 0.92875 0.027875
1 0.90453125 0.007625 0.90453125 0.018875 0.9272656250000001 0.018875 0.9272656250000001 0.007625 0.90453125 0.007625
1 0.9073437500000001 0.00025 0.9073437500000001 0.007625 0.92875 0.007625 0.92875 0.00025 0.9073437500000001 0.00025
1 0.975234375 0.027250000000000003 0.975234375 0.01475 0.9327343750000001 0.01475 0.9327343750000001 0.027250000000000003 0.975234375 0.027250000000000003
1 0.973671875 0.01825 0.973671875 0.005625 0.9359375 0.005625 0.9359375 0.01825 0.973671875 0.01825
1 0.934375 0.00025 0.934375 0.008624999999999999 0.970390625 0.008624999999999999 0.970390625 0.00025 0.934375 0.00025
1 0.99703125 0.020874999999999998 0.99703125 0.001125 0.973046875 0.001125 0.973046875 0.020874999999999998 0.99703125 0.020874999999999998