1 0.9926562499999999 0.1798958328125 0.9926562499999999 0.1188541671875 0.8699999999999999 0.1188541671875 0.8699999999999999 0.1798958328125 0.9926562499999999 0.1798958328125
1 0.8689843749999999 0.2117708328125 0.8689843749999999 0.1328125 0.761953125 0.1328125 0.761953125 0.2117708328125 0.8689843749999999 0.2117708328125
1 0.31890625 0.11614583281249999 0.31890625 0.0495833328125 0.03328125 0.0495833328125 0.03328125 0.11614583281249999 0.31890625 0.11614583281249999
1 0.003359375 0.07625 0.003359375 0.1560416671875 0.2290625 0.1560416671875 0.2290625 0.07625 0.003359375 0.07625
1 0.620234375 0.128125 0.620234375 0.0422916671875 0.377734375 0.0422916671875 0.377734375 0.128125 0.620234375 0.128125
1 0.085546875 0.6173958328125 0.085546875 0.5625 0.0017968749999999999 0.5625 0.0017968749999999999 0.6173958328125 0.085546875 0.6173958328125
1 0.073984375 0.6501041671875 0.073984375 0.5856250000000001 0.0140625 0.5856250000000001 0.0140625 0.6501041671875 0.073984375 0.6501041671875
1 0.12593749999999998 0.6885416671875 0.12593749999999998 0.6077083328125 0.039375 0.6077083328125 0.039375 0.6885416671875 0.12593749999999998 0.6885416671875
1 0.11656249999999999 0.7386458328125001 0.11656249999999999 0.6423958328125 0.07179687500000001 0.6423958328125 0.07179687500000001 0.7386458328125001 0.11656249999999999 0.7386458328125001
1 0.18656250000000002 0.8271875 0.18656250000000002 0.6751041671875 0.109375 0.6751041671875 0.109375 0.8271875 0.18656250000000002 0.8271875
1 0.267890625 0.9482291671875 0.267890625 0.7403125 0.17085937499999998 0.7403125 0.17085937499999998 0.9482291671875 0.267890625 0.9482291671875
1 0.45843749999999994 0.9979166671874999 0.45843749999999994 0.835 0.24539062500000003 0.835 0.24539062500000003 0.9979166671874999 0.45843749999999994 0.9979166671874999