1 0.65921875 0.18275 0.65921875 0.1285 0.502578125 0.1285 0.502578125 0.18275 0.65921875 0.18275
1 0.5553125 0.010374999999999999 0.5553125 0.10387500000000001 0.8035937499999999 0.10387500000000001 0.8035937499999999 0.010374999999999999 0.5553125 0.010374999999999999
1 0.76171875 0.073875 0.76171875 0.001125 0.49898437500000004 0.001125 0.49898437500000004 0.073875 0.76171875 0.073875
1 0.850546875 0.168625 0.850546875 0.11087499999999999 0.6975 0.11087499999999999 0.6975 0.168625 0.850546875 0.168625
1 0.844765625 0.017249999999999998 0.844765625 0.0485 0.880859375 0.0485 0.880859375 0.017249999999999998 0.844765625 0.017249999999999998
1 0.616015625 0.5945 0.616015625 0.45075000000000004 0.270546875 0.45075000000000004 0.270546875 0.5945 0.616015625 0.5945
1 0.24679687499999997 0.19337500000000002 0.24679687499999997 0.1135 0.176953125 0.1135 0.176953125 0.19337500000000002 0.24679687499999997 0.19337500000000002
1 0.098359375 0.089625 0.098359375 0.1615 0.184453125 0.1615 0.184453125 0.089625 0.098359375 0.089625
1 0.097109375 0.1355 0.097109375 0.059625 0.00609375 0.059625 0.00609375 0.1355 0.097109375 0.1355
1 0.117109375 0.169375 0.117109375 0.22925 0.193203125 0.22925 0.193203125 0.169375 0.117109375 0.169375
1 0.16078125000000001 0.00775 0.16078125000000001 0.081625 0.316640625 0.081625 0.316640625 0.00775 0.16078125000000001 0.00775
1 0.622265625 0.8140000000000001 0.622265625 0.616375 0.259296875 0.616375 0.259296875 0.8140000000000001 0.622265625 0.8140000000000001
1 0.682109375 0.7222500000000001 0.682109375 0.6065 0.614765625 0.6065 0.614765625 0.7222500000000001 0.682109375 0.7222500000000001
1 0.315390625 0.68025 0.315390625 0.5685 0.13203125 0.5685 0.13203125 0.68025 0.315390625 0.68025
1 0.30546875 0.999625 0.30546875 0.9057499999999999 0.15953124999999999 0.9057499999999999 0.15953124999999999 0.999625 0.30546875 0.999625
1 0.732890625 0.6665 0.732890625 0.57525 0.657109375 0.57525 0.657109375 0.6665 0.732890625 0.6665
1 0.76828125 0.6052500000000001 0.76828125 0.537125 0.7134375000000001 0.537125 0.7134375000000001 0.6052500000000001 0.76828125 0.6052500000000001
1 0.795 0.5730000000000001 0.795 0.5245 0.761796875 0.5245 0.761796875 0.5730000000000001 0.795 0.5730000000000001
1 0.8188281249999999 0.561375 0.8188281249999999 0.510625 0.782734375 0.510625 0.782734375 0.561375 0.8188281249999999 0.561375
1 0.833984375 0.5417500000000001 0.833984375 0.491 0.807265625 0.491 0.807265625 0.5417500000000001 0.833984375 0.5417500000000001