1 0.79 0.2242708328125 0.79 0.16739583281249998 0.706796875 0.16739583281249998 0.706796875 0.2242708328125 0.79 0.2242708328125
1 0.707890625 0.2366666671875 0.707890625 0.174375 0.61015625 0.174375 0.61015625 0.2366666671875 0.707890625 0.2366666671875
1 0.7203125 0.30041666718750004 0.7203125 0.2658333328125 0.647578125 0.2658333328125 0.647578125 0.30041666718750004 0.7203125 0.30041666718750004
1 0.7203125 0.2519791671875 0.7203125 0.29625 0.80140625 0.29625 0.80140625 0.2519791671875 0.7203125 0.2519791671875
1 0.754375 0.42406249999999995 0.754375 0.3871875 0.648671875 0.3871875 0.648671875 0.42406249999999995 0.754375 0.42406249999999995
1 0.4646875 0.0822916671875 0.4646875 0.0007291671875 0.10179687500000001 0.0007291671875 0.10179687500000001 0.0822916671875 0.4646875 0.0822916671875
1 0.49210937499999996 0.0023958328125 0.49210937499999996 0.0905208328125 0.8139062499999999 0.0905208328125 0.8139062499999999 0.0023958328125 0.49210937499999996 0.0023958328125
1 0.33875 0.12552083281249998 0.33875 0.0057291671875 0.055625 0.0057291671875 0.055625 0.12552083281249998 0.33875 0.12552083281249998
1 0.3225 0.1504166671875 0.3225 0.0522916671875 0.029453125000000004 0.0522916671875 0.029453125000000004 0.1504166671875 0.3225 0.1504166671875
1 0.25640625 0.1903125 0.25640625 0.10552083281249999 0.005703125 0.10552083281249999 0.005703125 0.1903125 0.25640625 0.1903125
1 0.46968750000000004 0.1804166671875 0.46968750000000004 0.10552083281249999 0.25265624999999997 0.10552083281249999 0.25265624999999997 0.1804166671875 0.46968750000000004 0.1804166671875
1 0.280078125 0.25187499999999996 0.280078125 0.20197916718750003 0.13171875 0.20197916718750003 0.13171875 0.25187499999999996 0.280078125 0.25187499999999996
1 0.21023437500000003 0.6609375 0.21023437500000003 0.5844791671875 0.035625000000000004 0.5844791671875 0.035625000000000004 0.6609375 0.21023437500000003 0.6609375
1 0.043125000000000004 0.614375 0.043125000000000004 0.5694791671874999 0.016953125 0.5694791671874999 0.016953125 0.614375 0.043125000000000004 0.614375
1 0.24765625 0.7673958328125 0.24765625 0.6028125 0.10796874999999999 0.6028125 0.10796874999999999 0.7673958328125 0.24765625 0.7673958328125
1 0.25265624999999997 0.8388541671875 0.25265624999999997 0.6909375 0.154140625 0.6909375 0.154140625 0.8388541671875 0.25265624999999997 0.8388541671875
1 0.367421875 0.9786458328125001 0.367421875 0.7490625 0.23523437500000002 0.7490625 0.23523437500000002 0.9786458328125001 0.367421875 0.9786458328125001
1 0.520859375 0.9952083328124999 0.520859375 0.9004166671875 0.37117187500000004 0.9004166671875 0.37117187500000004 0.9952083328124999 0.520859375 0.9952083328124999