0 0.6184895828125 0.3198148140625 0.6184895828125 0.9060185187500001 0.8578125 0.9060185187500001 0.8578125 0.3198148140625 0.6184895828125 0.3198148140625
0 0.64734375 0.6579629625 0.64734375 0.4126851859375 0.5584895828125 0.4126851859375 0.5584895828125 0.6579629625 0.64734375 0.6579629625
0 0.5343229171874999 0.44314814843750006 0.5343229171874999 0.594259259375 0.57640625 0.594259259375 0.57640625 0.44314814843750006 0.5343229171874999 0.44314814843750006
0 0.5452083328125 0.5734259265625 0.5452083328125 0.44731481406249995 0.5155729171875 0.44731481406249995 0.5155729171875 0.5734259265625 0.5452083328125 0.5734259265625
0 0.3386458328125 0.41685185156250004 0.3386458328125 0.7023148140625 0.4415104171875 0.7023148140625 0.4415104171875 0.41685185156250004 0.3386458328125 0.41685185156250004
0 0.1203645828125 0.3641666671875 0.1203645828125 0.9670370374999999 0.37838541718749996 0.9670370374999999 0.37838541718749996 0.3641666671875 0.1203645828125 0.3641666671875
1 0.15859375 0.41546296250000003 0.15859375 0.3613888890625 0.07359375 0.3613888890625 0.07359375 0.41546296250000003 0.15859375 0.41546296250000003
1 0.0663020828125 0.9541666671875 0.0663020828125 0.8843518515625 0.0011979171875 0.8843518515625 0.0011979171875 0.9541666671875 0.0663020828125 0.9541666671875
1 0.08328125 0.42629629687500004 0.08328125 0.38305555625 0.0075 0.38305555625 0.0075 0.42629629687500004 0.08328125 0.42629629687500004
1 0.8009895828125 0.12833333281249998 0.8009895828125 0.08259259218750001 0.6972916671875 0.08259259218750001 0.6972916671875 0.12833333281249998 0.8009895828125 0.12833333281249998
1 0.89375 0.33898148125 0.89375 0.293240740625 0.83296875 0.293240740625 0.83296875 0.33898148125 0.89375 0.33898148125
1 0.9646874999999999 0.329259259375 0.9646874999999999 0.2836111109375 0.89921875 0.2836111109375 0.89921875 0.329259259375 0.9646874999999999 0.329259259375
1 0.9646874999999999 0.282222221875 0.9646874999999999 0.329259259375 0.9982291671875 0.329259259375 0.9982291671875 0.282222221875 0.9646874999999999 0.282222221875
1 0.9978645828125 0.8331481484375001 0.9978645828125 0.7696296296875 0.905625 0.7696296296875 0.905625 0.8331481484375001 0.9978645828125 0.8331481484375001
0 0.4103645828125 0.3700925921875 0.4103645828125 0.5700000000000001 0.45583333281250005 0.5700000000000001 0.45583333281250005 0.3700925921875 0.4103645828125 0.3700925921875
0 0.47807291718749995 0.5454629625 0.47807291718749995 0.43240740781250003 0.44046874999999996 0.43240740781250003 0.44046874999999996 0.5454629625 0.47807291718749995 0.5454629625
1 0.6302604171875 0.29657407343750003 0.6302604171875 0.2725 0.6035416671875 0.2725 0.6035416671875 0.29657407343750003 0.6302604171875 0.29657407343750003
1 0.6577083328125 0.293240740625 0.6577083328125 0.27324074062500003 0.62984375 0.27324074062500003 0.62984375 0.293240740625 0.6577083328125 0.293240740625
1 0.6009375 0.299259259375 0.6009375 0.27851851875 0.5625520828125 0.27851851875 0.5625520828125 0.299259259375 0.6009375 0.299259259375
1 0.88609375 0.0698148140625 0.88609375 0.1629629625 0.9946875000000001 0.1629629625 0.9946875000000001 0.0698148140625 0.88609375 0.0698148140625