1 0.9832812499999999 0.9185416671875 0.9832812499999999 0.7314583328125 0.49898437500000004 0.7314583328125 0.49898437500000004 0.9185416671875 0.9832812499999999 0.9185416671875
1 0.674609375 0.5623958328125 0.674609375 0.5083333328124999 0.49898437500000004 0.5083333328124999 0.49898437500000004 0.5623958328125 0.674609375 0.5623958328125
1 0.33890625 0.1882291671875 0.33890625 0.1271875 0.188203125 0.1271875 0.188203125 0.1882291671875 0.33890625 0.1882291671875
1 0.473828125 0.206875 0.473828125 0.1353125 0.339609375 0.1353125 0.339609375 0.206875 0.473828125 0.206875
1 0.557890625 0.2104166671875 0.557890625 0.1421875 0.45218749999999996 0.1421875 0.45218749999999996 0.2104166671875 0.557890625 0.2104166671875
1 0.6565624999999999 0.20572916718749998 0.6565624999999999 0.1584375 0.548359375 0.1584375 0.548359375 0.20572916718749998 0.6565624999999999 0.20572916718749998
1 0.7535937500000001 0.2265625 0.7535937500000001 0.16072916718750002 0.6496875 0.16072916718750002 0.6496875 0.2265625 0.7535937500000001 0.2265625
1 0.997109375 0.1534375 0.997109375 0.00375 0.8025781249999999 0.00375 0.8025781249999999 0.1534375 0.997109375 0.1534375
1 0.9073437500000001 0.10947916718749999 0.9073437500000001 0.0017708328125 0.646875 0.0017708328125 0.646875 0.10947916718749999 0.9073437500000001 0.10947916718749999
1 0.25390625 0.2660416671875 0.25390625 0.23374999999999999 0.159453125 0.23374999999999999 0.159453125 0.2660416671875 0.25390625 0.2660416671875
1 0.339609375 0.2626041671875 0.339609375 0.2314583328125 0.24953124999999998 0.2314583328125 0.24953124999999998 0.2626041671875 0.339609375 0.2626041671875
1 0.409765625 0.271875 0.409765625 0.2348958328125 0.33273437499999997 0.2348958328125 0.33273437499999997 0.271875 0.409765625 0.271875
1 0.49210937499999996 0.2821875 0.49210937499999996 0.240625 0.40289062500000006 0.240625 0.40289062500000006 0.2821875 0.49210937499999996 0.2821875
1 0.601171875 0.2821875 0.601171875 0.24177083281249998 0.546640625 0.24177083281249998 0.546640625 0.2821875 0.601171875 0.2821875
1 0.601171875 0.2533333328125 0.601171875 0.2810416671875 0.6583593750000001 0.2810416671875 0.6583593750000001 0.2533333328125 0.601171875 0.2533333328125
1 0.9953125 0.4375 0.9953125 0.3705208328125 0.866015625 0.3705208328125 0.866015625 0.4375 0.9953125 0.4375