0 0.4461979171875 0.1521296296875 0.4461979171875 0.6829629625 0.5771875 0.6829629625 0.5771875 0.1521296296875 0.4461979171875 0.1521296296875
0 0.2598958328125 0.2928703703125 0.2598958328125 0.6248148140625001 0.3428645828125 0.6248148140625001 0.3428645828125 0.2928703703125 0.2598958328125 0.2928703703125
0 0.2964583328125 0.344259259375 0.2964583328125 0.5928703703125 0.35828125 0.5928703703125 0.35828125 0.344259259375 0.2964583328125 0.344259259375
0 0.3474479171875 0.4701851859375 0.3474479171875 0.5775925921875 0.37447916718749996 0.5775925921875 0.37447916718749996 0.4701851859375 0.3474479171875 0.4701851859375
0 0.361875 0.46611111093749996 0.361875 0.5624074078125 0.39026041718750004 0.5624074078125 0.39026041718750004 0.46611111093749996 0.361875 0.46611111093749996
0 0.40651041718750003 0.5696296296875001 0.40651041718750003 0.4893518515625 0.37854166718750004 0.4893518515625 0.37854166718750004 0.5696296296875001 0.40651041718750003 0.5696296296875001
1 0.2428645828125 0.72101851875 0.2428645828125 0.67944444375 0.2071354171875 0.67944444375 0.2071354171875 0.72101851875 0.2428645828125 0.72101851875
1 0.22015625 0.7429629624999999 0.22015625 0.6829629625 0.18572916718750002 0.6829629625 0.18572916718750002 0.7429629624999999 0.22015625 0.7429629624999999
1 0.1980729171875 0.80305555625 0.1980729171875 0.7049074078124999 0.0096875 0.7049074078124999 0.0096875 0.80305555625 0.1980729171875 0.80305555625
1 0.2578645828125 0.7011111109375 0.2578645828125 0.6596296296874999 0.23494791718750002 0.6596296296874999 0.23494791718750002 0.7011111109375 0.2578645828125 0.7011111109375
1 0.2804166671875 0.6824074078125 0.2804166671875 0.6456481484375 0.25109375 0.6456481484375 0.25109375 0.6824074078125 0.2804166671875 0.6824074078125
1 0.2579166671875 0.45027777812499997 0.2579166671875 0.4240740734375 0.205 0.4240740734375 0.205 0.45027777812499997 0.2579166671875 0.45027777812499997
1 0.23958333281250002 0.3279629625 0.23958333281250002 0.3059259265625 0.19973958281249998 0.3059259265625 0.19973958281249998 0.3279629625 0.23958333281250002 0.3279629625
1 0.18994791718749998 0.3366666671875 0.18994791718749998 0.3125925921875 0.1576041671875 0.3125925921875 0.1576041671875 0.3366666671875 0.18994791718749998 0.3366666671875
1 0.2038541671875 0.26120370312499996 0.2038541671875 0.23444444375 0.15687500000000001 0.23444444375 0.15687500000000001 0.26120370312499996 0.2038541671875 0.26120370312499996
1 0.2065104171875 0.22444444375 0.2065104171875 0.2625 0.25796874999999997 0.2625 0.25796874999999997 0.22444444375 0.2065104171875 0.22444444375
1 0.6873437499999999 0.3645370375 0.6873437499999999 0.3373148140625 0.6115625 0.3373148140625 0.6115625 0.3645370375 0.6873437499999999 0.3645370375
1 0.60390625 0.3148148140625 0.60390625 0.34694444375 0.6886979171875 0.34694444375 0.6886979171875 0.3148148140625 0.60390625 0.3148148140625
1 0.6900520828125 0.32444444375 0.6900520828125 0.298796296875 0.6020833328124999 0.298796296875 0.6020833328124999 0.32444444375 0.6900520828125 0.32444444375
1 0.599375 0.2771296296875 0.599375 0.31962962968749997 0.686875 0.31962962968749997 0.686875 0.2771296296875 0.599375 0.2771296296875
1 0.6855208328125 0.2908333328125 0.6855208328125 0.258703703125 0.6075 0.258703703125 0.6075 0.2908333328125 0.6855208328125 0.2908333328125
1 0.6093229171875 0.23870370312500003 0.6093229171875 0.2723148140625 0.6905208328125 0.2723148140625 0.6905208328125 0.23870370312500003 0.6093229171875 0.23870370312500003
1 0.6882291671874999 0.26027777812499997 0.6882291671874999 0.21777777812500002 0.6075 0.21777777812500002 0.6075 0.26027777812499997 0.6882291671874999 0.26027777812499997
1 0.6056770828125 0.19851851874999998 0.6056770828125 0.2411111109375 0.6837500000000001 0.2411111109375 0.6837500000000001 0.19851851874999998 0.6056770828125 0.19851851874999998
1 0.686875 0.216203703125 0.686875 0.1833333328125 0.5953125 0.1833333328125 0.5953125 0.216203703125 0.686875 0.216203703125
1 0.60390625 0.1576851859375 0.60390625 0.18898148125 0.6859895828125 0.18898148125 0.6859895828125 0.1576851859375 0.60390625 0.1576851859375
1 0.6895833328125 0.175277778125 0.6895833328125 0.1375925921875 0.6056770828125 0.1375925921875 0.6056770828125 0.175277778125 0.6895833328125 0.175277778125
1 0.6061458328125 0.11675925937500001 0.6061458328125 0.15527777812500002 0.6832812500000001 0.15527777812500002 0.6832812500000001 0.11675925937500001 0.6061458328125 0.11675925937500001
1 0.6851041671875 0.1384259265625 0.6851041671875 0.09111111093749999 0.59484375 0.09111111093749999 0.59484375 0.1384259265625 0.6851041671875 0.1384259265625
1 0.67734375 0.09074074062500001 0.67734375 0.0446296296875 0.6029166671875 0.0446296296875 0.6029166671875 0.09074074062500001 0.67734375 0.09074074062500001
1 0.5965104171875 0.020555556250000002 0.5965104171875 0.06194444375 0.67921875 0.06194444375 0.67921875 0.020555556250000002 0.5965104171875 0.020555556250000002
1 0.6765625 0.039907407812500004 0.6765625 0.0031481484375 0.5998958328125 0.0031481484375 0.5998958328125 0.039907407812500004 0.6765625 0.039907407812500004
1 0.7611458328125 0.0586111109375 0.7611458328125 0.037222221875 0.693125 0.037222221875 0.693125 0.0586111109375 0.7611458328125 0.0586111109375
1 0.69421875 0.0178703703125 0.69421875 0.043888889062500006 0.7634375 0.043888889062500006 0.7634375 0.0178703703125 0.69421875 0.0178703703125
1 0.6927604171875 0.0025 0.6927604171875 0.0178703703125 0.7648958328125001 0.0178703703125 0.7648958328125001 0.0025 0.6927604171875 0.0025
1 0.79125 0.039259259375 0.79125 0.0125 0.76640625 0.0125 0.76640625 0.039259259375 0.79125 0.039259259375
1 0.7893749999999999 0.06398148125 0.7893749999999999 0.0386111109375 0.7558854171875 0.0386111109375 0.7558854171875 0.06398148125 0.7893749999999999 0.06398148125
1 0.7863541671875 0.1034259265625 0.7863541671875 0.0874074078125 0.7648958328125001 0.0874074078125 0.7648958328125001 0.1034259265625 0.7863541671875 0.1034259265625
1 0.7863541671875 0.12277777812499999 0.7863541671875 0.1034259265625 0.7694270828125 0.1034259265625 0.7694270828125 0.12277777812499999 0.7863541671875 0.12277777812499999
1 0.7916145828125 0.1568518515625 0.7916145828125 0.1254629625 0.7679166671875 0.1254629625 0.7679166671875 0.1568518515625 0.7916145828125 0.1568518515625
1 0.76265625 0.1140740734375 0.76265625 0.08601851875 0.6961458328125001 0.08601851875 0.6961458328125001 0.1140740734375 0.76265625 0.1140740734375
1 0.75625 0.1354629625 0.75625 0.1140740734375 0.6957291671875 0.1140740734375 0.6957291671875 0.1354629625 0.75625 0.1354629625
1 0.7566666671875 0.158240740625 0.7566666671875 0.1354629625 0.6991145828125 0.1354629625 0.6991145828125 0.158240740625 0.7566666671875 0.158240740625
1 0.7514062499999999 0.1709259265625 0.7514062499999999 0.1541666671875 0.69875 0.1541666671875 0.69875 0.1709259265625 0.7514062499999999 0.1709259265625
1 0.750625 0.1923148140625 0.750625 0.1709259265625 0.6976041671875 0.1709259265625 0.6976041671875 0.1923148140625 0.750625 0.1923148140625
1 0.739375 0.21435185156249997 0.739375 0.1923148140625 0.6972395828125 0.1923148140625 0.6972395828125 0.21435185156249997 0.739375 0.21435185156249997
1 0.74046875 0.2411111109375 0.74046875 0.21435185156249997 0.6889583328125 0.21435185156249997 0.6889583328125 0.2411111109375 0.74046875 0.2411111109375
1 0.7700520828124999 0.332222221875 0.7700520828124999 0.30416666718749996 0.7042708328125 0.30416666718749996 0.7042708328125 0.332222221875 0.7700520828124999 0.332222221875
1 0.7186333328125001 0.332222221875 0.7182638890625 0.3369753078125 0.7159270828125 0.332222221875 0.7156192124999999 0.336183128125 0.7132208328125 0.332222221875 0.7129745375 0.335390946875 0.7105145828125 0.332222221875 0.7103298609375 0.334598765625 0.7078083328125 0.332222221875 0.7076851859375 0.333806584375 0.7051020828125 0.332222221875 0.7050405093750001 0.333014403125 0.7023958328125001 0.332222221875 0.7023958328125001 0.356296296875 0.7673458328125 0.356296296875 0.76851273125 0.35202674843750004 0.7700520828124999 0.356296296875 0.7711574078125001 0.3528189296875 0.7738020828125001 0.3489351859375 0.7738020828125001 0.35361111093750003 0.8426041671875 0.35361111093750003 0.8426041671875 0.32555555625 0.7738020828125001 0.32555555625 0.7738020828125001 0.344259259375 0.7700520828124999 0.3466666671875 0.7700520828124999 0.332222221875 0.7186333328125001 0.332222221875
1 0.8990625 0.3184259265625 0.8990625 0.2991666671875 0.8401041671874999 0.2991666671875 0.8401041671874999 0.3184259265625 0.8990625 0.3184259265625
1 0.7775520828125 0.29407407343749997 0.7775520828125 0.32555555625 0.8426041671875 0.32555555625 0.8426041671875 0.29407407343749997 0.7775520828125 0.29407407343749997
1 0.9028645828125 0.35120370312500004 0.9028645828125 0.321296296875 0.8281770828124999 0.321296296875 0.8281770828124999 0.35120370312500004 0.9028645828125 0.35120370312500004
1 0.9632291671875001 0.3134259265625 0.9632291671875001 0.29657407343750003 0.9041145828125 0.29657407343750003 0.9041145828125 0.3134259265625 0.9632291671875001 0.3134259265625
1 0.9758854171875001 0.3390740734375 0.9758854171875001 0.3134259265625 0.9032291671875001 0.3134259265625 0.9032291671875001 0.3390740734375 0.9758854171875001 0.3390740734375
1 0.9651041671874999 0.319259259375 0.9651041671874999 0.3441666671875 0.99875 0.3441666671875 0.99875 0.319259259375 0.9651041671874999 0.319259259375
1 0.9613541671875 0.28101851875 0.9613541671875 0.319259259375 0.99875 0.319259259375 0.99875 0.28101851875 0.9613541671875 0.28101851875