1 0.8944270828124999 0.3738888890625 0.8944270828124999 0.3253703703125 0.8655729171875001 0.3253703703125 0.8655729171875001 0.3738888890625 0.8944270828124999 0.3738888890625
1 0.8663541671875 0.3725 0.8663541671875 0.3406481484375 0.840625 0.3406481484375 0.840625 0.3725 0.8663541671875 0.3725
1 0.84140625 0.38777777812499997 0.84140625 0.35175925937499997 0.8008854171875001 0.35175925937499997 0.8008854171875001 0.38777777812499997 0.84140625 0.38777777812499997
1 0.8813541671875 0.2450925921875 0.8813541671875 0.15527777812500002 0.6259895828125 0.15527777812500002 0.6259895828125 0.2450925921875 0.8813541671875 0.2450925921875
1 0.7079166671875 0.0071296296875 0.7079166671875 0.12203703749999999 0.9974999999999999 0.12203703749999999 0.9974999999999999 0.0071296296875 0.7079166671875 0.0071296296875
1 0.3038020828125 0.3424074078125 0.3038020828125 0.24175925937499998 0.0909895828125 0.24175925937499998 0.0909895828125 0.3424074078125 0.3038020828125 0.3424074078125
1 0.23104166718750002 0.2609259265625 0.23104166718750002 0.129259259375 0.0047395828125 0.129259259375 0.0047395828125 0.2609259265625 0.23104166718750002 0.2609259265625
1 0.16234375 0.19388888906249999 0.16234375 0.038240740625000005 0.0088020828125 0.038240740625000005 0.0088020828125 0.19388888906249999 0.16234375 0.19388888906249999
1 0.2458854171875 0.0118518515625 0.2458854171875 0.0693518515625 0.3388020828125 0.0693518515625 0.3388020828125 0.0118518515625 0.2458854171875 0.0118518515625
1 0.08249999999999999 0.4611111109375 0.08249999999999999 0.3928703703125 0.025416667187500002 0.3928703703125 0.025416667187500002 0.4611111109375 0.08249999999999999 0.4611111109375
1 0.2377604171875 0.9633333328125 0.2377604171875 0.825277778125 0.13203125 0.825277778125 0.13203125 0.9633333328125 0.2377604171875 0.9633333328125
1 0.1788020828125 0.993240740625 0.1788020828125 0.9167592593749999 0.0974479171875 0.9167592593749999 0.0974479171875 0.993240740625 0.1788020828125 0.993240740625
1 0.28265625 0.8868518515625 0.28265625 0.773703703125 0.2255729171875 0.773703703125 0.2255729171875 0.8868518515625 0.28265625 0.8868518515625
1 0.3135416671875 0.8003703703125 0.3135416671875 0.7287962968749999 0.2695833328125 0.7287962968749999 0.2695833328125 0.8003703703125 0.3135416671875 0.8003703703125
1 0.3358333328125 0.756759259375 0.3358333328125 0.692222221875 0.3001041671875 0.692222221875 0.3001041671875 0.756759259375 0.3358333328125 0.756759259375
1 0.3526041671875 0.7191666671875 0.3526041671875 0.67305555625 0.32067708281249996 0.67305555625 0.32067708281249996 0.7191666671875 0.3526041671875 0.7191666671875
1 0.3661458328125 0.7076851859375 0.3661458328125 0.652777778125 0.3444791671875 0.652777778125 0.3444791671875 0.7076851859375 0.3661458328125 0.7076851859375
1 0.3775 0.680740740625 0.3775 0.642222221875 0.36234375 0.642222221875 0.36234375 0.680740740625 0.3775 0.680740740625
1 0.3883333328125 0.6586111109375 0.3883333328125 0.6268518515625 0.36833333281249997 0.6268518515625 0.36833333281249997 0.6586111109375 0.3883333328125 0.6586111109375
1 0.39375 0.6450925921875 0.39375 0.6191666671875 0.38078124999999996 0.6191666671875 0.38078124999999996 0.6450925921875 0.39375 0.6450925921875
1 0.4013541671875 0.6345370375 0.4013541671875 0.604722221875 0.3878125 0.604722221875 0.3878125 0.6345370375 0.4013541671875 0.6345370375
0 0.4344791671875 0.4565740734375 0.4344791671875 0.5624074078125 0.4615625 0.5624074078125 0.4615625 0.4565740734375 0.4344791671875 0.4565740734375
1 0.75078125 0.31759259218749997 0.75078125 0.247777778125 0.5973437500000001 0.247777778125 0.5973437500000001 0.31759259218749997 0.75078125 0.31759259218749997
1 0.73875 0.3409259265625 0.73875 0.28314814843749997 0.5806770828125 0.28314814843749997 0.5806770828125 0.3409259265625 0.73875 0.3409259265625
1 0.6883854171875 0.3600925921875 0.6883854171875 0.3254629625 0.5666145828125 0.3254629625 0.5666145828125 0.3600925921875 0.6883854171875 0.3600925921875
1 0.8339583328125 0.9994444437500001 0.8339583328125 0.849722221875 0.7459895828125 0.849722221875 0.7459895828125 0.9994444437500001 0.8339583328125 0.9994444437500001
1 0.6898958328125 0.7765740734375 0.6898958328125 0.9296296296875 0.7591145828125 0.9296296296875 0.7591145828125 0.7765740734375 0.6898958328125 0.7765740734375
1 0.6472395828125 0.7203703703125 0.6472395828125 0.8021296296875 0.6959375 0.8021296296875 0.6959375 0.7203703703125 0.6472395828125 0.7203703703125
1 0.6233854171875 0.6895370375 0.6233854171875 0.7588888890625001 0.6536979171875 0.7588888890625001 0.6536979171875 0.6895370375 0.6233854171875 0.6895370375
1 0.6071875 0.6693518515625 0.6071875 0.7203703703125 0.6233854171875 0.7203703703125 0.6233854171875 0.6693518515625 0.6071875 0.6693518515625
1 0.59203125 0.6440740734375 0.59203125 0.6973148140625 0.6093229171875 0.6973148140625 0.6093229171875 0.6440740734375 0.59203125 0.6440740734375
1 0.58265625 0.6324074078125 0.58265625 0.6709259265624999 0.5917708328125 0.6709259265624999 0.5917708328125 0.6324074078125 0.58265625 0.6324074078125
1 0.59203125 0.6519444437499999 0.59203125 0.6138888890625 0.5735416671875 0.6138888890625 0.5735416671875 0.6519444437499999 0.59203125 0.6519444437499999
1 0.36359375 0.388796296875 0.36359375 0.344722221875 0.24807291718750002 0.344722221875 0.24807291718750002 0.388796296875 0.36359375 0.388796296875
1 0.39421875 0.41685185156250004 0.39421875 0.3848148140625 0.3098958328125 0.3848148140625 0.3098958328125 0.41685185156250004 0.39421875 0.41685185156250004