1 0.9998437499999999 0.253375 0.9998437499999999 0.24 0.98171875 0.24 0.98171875 0.253375 0.9998437499999999 0.253375
1 0.9991406250000001 0.266125 0.9991406250000001 0.25387499999999996 0.983125 0.25387499999999996 0.983125 0.266125 0.9991406250000001 0.266125
1 0.99875 0.275625 0.99875 0.26175000000000004 0.983125 0.26175000000000004 0.983125 0.275625 0.99875 0.275625
1 0.9984375 0.28512499999999996 0.9984375 0.272875 0.98140625 0.272875 0.98140625 0.28512499999999996 0.9984375 0.28512499999999996
1 0.99875 0.30175 0.99875 0.284 0.98140625 0.284 0.98140625 0.30175 0.99875 0.30175
1 0.9998437499999999 0.45 0.9998437499999999 0.426 0.971953125 0.426 0.971953125 0.45 0.9998437499999999 0.45
1 0.7934375 0.232125 0.7934375 0.248375 0.89609375 0.248375 0.89609375 0.232125 0.7934375 0.232125
1 0.768671875 0.1965 0.768671875 0.24275000000000002 0.881796875 0.24275000000000002 0.881796875 0.1965 0.768671875 0.1965
1 0.6557031249999999 0.12925 0.6557031249999999 0.16675 0.83375 0.16675 0.83375 0.12925 0.6557031249999999 0.12925
1 0.641328125 0.08399999999999999 0.641328125 0.15037499999999998 0.8367968749999999 0.15037499999999998 0.8367968749999999 0.08399999999999999 0.641328125 0.08399999999999999
1 0.8203125 0.125375 0.8203125 0.047625 0.5346875 0.047625 0.5346875 0.125375 0.8203125 0.125375
1 0.5634375 0.013625000000000002 0.5634375 0.08549999999999999 0.792890625 0.08549999999999999 0.792890625 0.013625000000000002 0.5634375 0.013625000000000002
1 0.48429687499999996 0.997875 0.48429687499999996 0.79425 0.155078125 0.79425 0.155078125 0.997875 0.48429687499999996 0.997875
1 0.5935937499999999 0.8397500000000001 0.5935937499999999 0.674625 0.469375 0.674625 0.469375 0.8397500000000001 0.5935937499999999 0.8397500000000001
1 0.657578125 0.750625 0.657578125 0.628625 0.55625 0.628625 0.55625 0.750625 0.657578125 0.750625
1 0.7086718750000001 0.6743750000000001 0.7086718750000001 0.5898749999999999 0.6463281249999999 0.5898749999999999 0.6463281249999999 0.6743750000000001 0.7086718750000001 0.6743750000000001
1 0.7639843749999999 0.6165 0.7639843749999999 0.560625 0.692421875 0.560625 0.692421875 0.6165 0.7639843749999999 0.6165
1 0.7904687499999999 0.598125 0.7904687499999999 0.534625 0.745390625 0.534625 0.745390625 0.598125 0.7904687499999999 0.598125
1 0.8055468749999999 0.5655 0.8055468749999999 0.51825 0.770625 0.51825 0.770625 0.5655 0.8055468749999999 0.5655
1 0.828359375 0.55 0.828359375 0.50675 0.803125 0.50675 0.803125 0.55 0.828359375 0.55
1 0.83921875 0.53275 0.83921875 0.49325 0.81875 0.49325 0.81875 0.53275 0.83921875 0.53275
1 0.8530468750000001 0.51925 0.8530468750000001 0.4885 0.8319531250000001 0.4885 0.8319531250000001 0.51925 0.8530468750000001 0.51925