1 0.478359375 0.634375 0.478359375 0.556875 0.35359375000000004 0.556875 0.35359375000000004 0.634375 0.478359375 0.634375
1 0.508671875 0.561 0.508671875 0.5041249999999999 0.459296875 0.5041249999999999 0.459296875 0.561 0.508671875 0.561
1 0.71828125 0.64 0.71828125 0.54575 0.497421875 0.54575 0.497421875 0.64 0.71828125 0.64
1 0.73953125 0.595625 0.73953125 0.5349999999999999 0.707109375 0.5349999999999999 0.707109375 0.595625 0.73953125 0.595625
1 0.7684375 0.5735 0.7684375 0.5233749999999999 0.719140625 0.5233749999999999 0.719140625 0.5735 0.7684375 0.5735
1 0.787109375 0.5426249999999999 0.787109375 0.49837499999999996 0.746171875 0.49837499999999996 0.746171875 0.5426249999999999 0.787109375 0.5426249999999999
1 0.80390625 0.5225 0.80390625 0.48875 0.7678125 0.48875 0.7678125 0.5225 0.80390625 0.5225
1 0.395390625 0.9956250000000001 0.395390625 0.8320000000000001 0.1459375 0.8320000000000001 0.1459375 0.9956250000000001 0.395390625 0.9956250000000001
1 0.48929687499999996 0.00075 0.48929687499999996 0.074 0.7377343749999999 0.074 0.7377343749999999 0.00075 0.48929687499999996 0.00075
1 0.7903125 0.14125000000000001 0.7903125 0.079 0.59546875 0.079 0.59546875 0.14125000000000001 0.7903125 0.14125000000000001
1 0.801171875 0.16212500000000002 0.801171875 0.11825000000000001 0.649609375 0.11825000000000001 0.649609375 0.16212500000000002 0.801171875 0.16212500000000002
1 0.815625 0.17475000000000002 0.815625 0.14475 0.6560937499999999 0.14475 0.6560937499999999 0.17475000000000002 0.815625 0.17475000000000002