1 0.93234375 0.1840625 0.93234375 0.13 0.8325781250000001 0.13 0.8325781250000001 0.1840625 0.93234375 0.1840625
1 0.9282031249999999 0.11750000000000001 0.9282031249999999 0.161875 0.9999218750000001 0.161875 0.9999218750000001 0.11750000000000001 0.9282031249999999 0.11750000000000001
1 0.80765625 0.21593749999999998 0.80765625 0.1548958328125 0.72765625 0.1548958328125 0.72765625 0.21593749999999998 0.80765625 0.21593749999999998
1 0.688125 0.24635416718749997 0.688125 0.1923958328125 0.597734375 0.1923958328125 0.597734375 0.24635416718749997 0.688125 0.24635416718749997
1 0.5997656250000001 0.25052083281250004 0.5997656250000001 0.2186458328125 0.524921875 0.2186458328125 0.524921875 0.25052083281250004 0.5997656250000001 0.25052083281250004
1 0.614296875 0.3133333328125 0.614296875 0.28739583281250003 0.5796875 0.28739583281250003 0.5796875 0.3133333328125 0.614296875 0.3133333328125
1 0.6028125 0.2796875 0.6028125 0.3066666671875 0.6540625 0.3066666671875 0.6540625 0.2796875 0.6028125 0.2796875
1 0.651171875 0.268125 0.651171875 0.30281250000000004 0.685078125 0.30281250000000004 0.685078125 0.268125 0.651171875 0.268125
1 0.78828125 0.2960416671875 0.78828125 0.26427083281249997 0.722578125 0.26427083281249997 0.722578125 0.2960416671875 0.78828125 0.2960416671875
1 0.352578125 0.11708333281250001 0.352578125 0.0007291671875 0.054296875 0.0007291671875 0.054296875 0.11708333281250001 0.352578125 0.11708333281250001
1 0.331796875 0.1669791671875 0.331796875 0.058854167187499994 0.0053906250000000005 0.058854167187499994 0.0053906250000000005 0.1669791671875 0.331796875 0.1669791671875
1 0.6361718749999999 0.8881249999999999 0.6361718749999999 0.6645833328124999 0.17671874999999998 0.6645833328124999 0.17671874999999998 0.8881249999999999 0.6361718749999999 0.8881249999999999
1 0.22312500000000002 0.7922916671875 0.22312500000000002 0.6526041671875 0.100390625 0.6526041671875 0.100390625 0.7922916671875 0.22312500000000002 0.7922916671875
1 0.12562500000000001 0.7264583328125 0.12562500000000001 0.6280208328125 0.06953125 0.6280208328125 0.06953125 0.7264583328125 0.12562500000000001 0.7264583328125
1 0.041484375000000004 0.5974999999999999 0.041484375000000004 0.6820833328125 0.086171875 0.6820833328125 0.086171875 0.5974999999999999 0.041484375000000004 0.5974999999999999
1 0.01546875 0.5739583328125 0.01546875 0.6432291671875 0.042499999999999996 0.6432291671875 0.042499999999999996 0.5739583328125 0.01546875 0.5739583328125
1 0.0009375 0.5573958328125 0.0009375 0.6224999999999999 0.014453125 0.6224999999999999 0.014453125 0.5573958328125 0.0009375 0.5573958328125
1 0.8034375 0.0884375 0.8034375 0.0053124999999999995 0.487890625 0.0053124999999999995 0.487890625 0.0884375 0.8034375 0.0884375
1 0.5864843750000001 0.14666666718750002 0.5864843750000001 0.0286458328125 0.379453125 0.0286458328125 0.379453125 0.14666666718750002 0.5864843750000001 0.14666666718750002