1 0.7537499999999999 0.009722221875000001 0.7537499999999999 0.091527778125 0.9939843749999999 0.091527778125 0.9939843749999999 0.009722221875000001 0.7537499999999999 0.009722221875000001
1 0.768359375 0.06555555625000001 0.768359375 0.20930555625 0.992890625 0.20930555625 0.992890625 0.06555555625000001 0.768359375 0.06555555625000001
1 0.987265625 0.32694444375 0.987265625 0.16930555625000002 0.7739843750000001 0.16930555625000002 0.7739843750000001 0.32694444375 0.987265625 0.32694444375
1 0.99734375 0.434722221875 0.99734375 0.2770833328125 0.770625 0.2770833328125 0.770625 0.434722221875 0.99734375 0.434722221875
1 0.770625 0.41875 0.770625 0.5525 0.99734375 0.5525 0.99734375 0.41875 0.770625 0.41875
1 0.99734375 0.692222221875 0.99734375 0.5186111109375 0.759375 0.5186111109375 0.759375 0.692222221875 0.99734375 0.692222221875
1 0.9985156249999999 0.7720833328125 0.9985156249999999 0.64430555625 0.7728906249999999 0.64430555625 0.7728906249999999 0.7720833328125 0.9985156249999999 0.7720833328125
1 0.99734375 0.89375 0.99734375 0.7181944437500001 0.7784375 0.7181944437500001 0.7784375 0.89375 0.99734375 0.89375
1 0.524765625 0.66430555625 0.524765625 0.8379166671875 0.77734375 0.8379166671875 0.77734375 0.66430555625 0.524765625 0.66430555625
1 0.768359375 0.7401388890625 0.768359375 0.5904166671875 0.5404687499999999 0.5904166671875 0.5404687499999999 0.7401388890625 0.768359375 0.7401388890625
1 0.534921875 0.5045833328125 0.534921875 0.662222221875 0.768359375 0.662222221875 0.768359375 0.5045833328125 0.534921875 0.5045833328125
1 0.5326562499999999 0.42874999999999996 0.5326562499999999 0.526527778125 0.7807031249999999 0.526527778125 0.7807031249999999 0.42874999999999996 0.5326562499999999 0.42874999999999996
1 0.785234375 0.432777778125 0.785234375 0.31305555625000003 0.528125 0.31305555625000003 0.528125 0.432777778125 0.785234375 0.432777778125
1 0.530390625 0.207222221875 0.530390625 0.3648611109375 0.77625 0.3648611109375 0.77625 0.207222221875 0.530390625 0.207222221875
1 0.768359375 0.2811111109375 0.768359375 0.1075 0.523671875 0.1075 0.523671875 0.2811111109375 0.768359375 0.2811111109375
1 0.512421875 0.0016666671875 0.512421875 0.195277778125 0.75828125 0.195277778125 0.75828125 0.0016666671875 0.512421875 0.0016666671875
1 0.715625 0.11347222187499999 0.715625 0.007777778125 0.524765625 0.007777778125 0.524765625 0.11347222187499999 0.715625 0.11347222187499999
1 0.5225 0.1573611109375 0.5225 0.00375 0.36648437500000003 0.00375 0.36648437500000003 0.1573611109375 0.5225 0.1573611109375
1 0.523671875 0.21319444375000002 0.523671875 0.0736111109375 0.384453125 0.0736111109375 0.384453125 0.21319444375000002 0.523671875 0.21319444375000002
1 0.5393749999999999 0.26916666718750004 0.5393749999999999 0.14736111093749998 0.38 0.14736111093749998 0.38 0.26916666718750004 0.5393749999999999 0.26916666718750004
1 0.536015625 0.319027778125 0.536015625 0.207222221875 0.3821875 0.207222221875 0.3821875 0.319027778125 0.536015625 0.319027778125
1 0.5326562499999999 0.3748611109375 0.5326562499999999 0.2811111109375 0.37882812499999996 0.2811111109375 0.37882812499999996 0.3748611109375 0.5326562499999999 0.3748611109375
1 0.531484375 0.44472222187500005 0.531484375 0.34888888906250004 0.377734375 0.34888888906250004 0.377734375 0.44472222187500005 0.531484375 0.44472222187500005
1 0.542734375 0.5126388890625 0.542734375 0.432777778125 0.383359375 0.432777778125 0.383359375 0.5126388890625 0.542734375 0.5126388890625
1 0.553984375 0.5944444437499999 0.553984375 0.48861111093750004 0.3821875 0.48861111093750004 0.3821875 0.5944444437499999 0.553984375 0.5944444437499999
1 0.545 0.660277778125 0.545 0.5445833328125 0.388984375 0.5445833328125 0.388984375 0.660277778125 0.545 0.660277778125
1 0.547265625 0.7320833328125 0.547265625 0.6123611109375 0.396796875 0.6123611109375 0.396796875 0.7320833328125 0.547265625 0.7320833328125
1 0.362734375 0.0913888890625 0.362734375 0.002777778125 0.28914062500000004 0.002777778125 0.28914062500000004 0.0913888890625 0.362734375 0.0913888890625
1 0.3584375 0.13458333281249998 0.3584375 0.031666667187500004 0.282109375 0.031666667187500004 0.282109375 0.13458333281249998 0.3584375 0.13458333281249998
1 0.3784375 0.1933333328125 0.3784375 0.0875 0.279921875 0.0875 0.279921875 0.1933333328125 0.3784375 0.1933333328125
1 0.374609375 0.2425 0.374609375 0.1404166671875 0.277734375 0.1404166671875 0.277734375 0.2425 0.374609375 0.2425
1 0.368125 0.28194444375 0.368125 0.18180555625 0.282578125 0.18180555625 0.282578125 0.28194444375 0.368125 0.28194444375
1 0.36703125000000003 0.3233333328125 0.36703125000000003 0.24722222187499998 0.2875 0.24722222187499998 0.2875 0.3233333328125 0.36703125000000003 0.3233333328125
1 0.37734375 0.355 0.37734375 0.2925 0.298828125 0.2925 0.298828125 0.355 0.37734375 0.355
1 0.371484375 0.42819444375 0.371484375 0.33680555624999997 0.2946875 0.33680555624999997 0.2946875 0.42819444375 0.371484375 0.42819444375
1 0.368828125 0.448472221875 0.368828125 0.3936111109375 0.294140625 0.3936111109375 0.294140625 0.448472221875 0.368828125 0.448472221875
1 0.37960937499999997 0.4936111109375 0.37960937499999997 0.439722221875 0.30765625 0.439722221875 0.30765625 0.4936111109375 0.37960937499999997 0.4936111109375
1 0.367734375 0.5523611109375001 0.367734375 0.4936111109375 0.304375 0.4936111109375 0.304375 0.5523611109375001 0.367734375 0.5523611109375001
1 0.310859375 0.548472221875 0.310859375 0.6111111109375 0.37906249999999997 0.6111111109375 0.37906249999999997 0.548472221875 0.310859375 0.548472221875
1 0.383984375 0.6620833328125 0.383984375 0.5879166671875 0.30546875 0.5879166671875 0.30546875 0.6620833328125 0.383984375 0.6620833328125
1 0.26484375 0.5648611109375 0.26484375 0.61680555625 0.31632812499999996 0.61680555625 0.31632812499999996 0.5648611109375 0.26484375 0.5648611109375
1 0.311953125 0.5851388890625 0.311953125 0.5320833328125001 0.26109375 0.5320833328125001 0.26109375 0.5851388890625 0.311953125 0.5851388890625
1 0.26109375 0.4936111109375 0.26109375 0.5408333328125 0.30929687499999997 0.5408333328125 0.30929687499999997 0.4936111109375 0.26109375 0.4936111109375
1 0.314140625 0.49749999999999994 0.314140625 0.448472221875 0.262734375 0.448472221875 0.262734375 0.49749999999999994 0.314140625 0.49749999999999994
1 0.250234375 0.40708333281250003 0.250234375 0.46291666718749996 0.31039062500000003 0.46291666718749996 0.31039062500000003 0.40708333281250003 0.250234375 0.40708333281250003
1 0.26164062499999996 0.36375 0.26164062499999996 0.42055555624999996 0.31039062500000003 0.42055555624999996 0.31039062500000003 0.36375 0.26164062499999996 0.36375
1 0.30328125 0.38013888906250004 0.30328125 0.33097222187500003 0.25078125 0.33097222187500003 0.25078125 0.38013888906250004 0.30328125 0.38013888906250004
1 0.253515625 0.28958333281250004 0.253515625 0.350277778125 0.2946875 0.350277778125 0.2946875 0.28958333281250004 0.253515625 0.28958333281250004
1 0.29679687499999996 0.3088888890625 0.29679687499999996 0.24152777812499998 0.25078125 0.24152777812499998 0.25078125 0.3088888890625 0.29679687499999996 0.3088888890625
1 0.253515625 0.20597222187500003 0.253515625 0.2733333328125 0.29359375 0.2733333328125 0.29359375 0.20597222187500003 0.253515625 0.20597222187500003
1 0.2925 0.22611111093749997 0.2925 0.15875 0.253515625 0.15875 0.253515625 0.22611111093749997 0.2925 0.22611111093749997
1 0.252421875 0.14430555625000002 0.252421875 0.1925 0.2984375 0.1925 0.2984375 0.14430555625000002 0.252421875 0.14430555625000002
1 0.291953125 0.1741666671875 0.291953125 0.10097222187499999 0.251328125 0.10097222187499999 0.251328125 0.1741666671875 0.291953125 0.1741666671875
1 0.2578125 0.21458333281250003 0.2578125 0.14819444375 0.223203125 0.14819444375 0.223203125 0.21458333281250003 0.2578125 0.21458333281250003
1 0.25625 0.2376388890625 0.25625 0.184722221875 0.22265625 0.184722221875 0.22265625 0.2376388890625 0.25625 0.2376388890625
1 0.26 0.27236111093750004 0.26 0.22125 0.222109375 0.22125 0.222109375 0.27236111093750004 0.26 0.27236111093750004
1 0.26 0.3011111109375 0.26 0.24819444375000002 0.22484375 0.24819444375000002 0.22484375 0.3011111109375 0.26 0.3011111109375
1 0.260546875 0.3416666671875 0.260546875 0.2848611109375 0.22265625 0.2848611109375 0.22265625 0.3416666671875 0.260546875 0.3416666671875
1 0.267578125 0.38013888906250004 0.267578125 0.31180555625 0.224296875 0.31180555625 0.224296875 0.38013888906250004 0.267578125 0.38013888906250004
1 0.26484375 0.39638888906249997 0.26484375 0.3551388890625 0.226484375 0.3551388890625 0.226484375 0.39638888906249997 0.26484375 0.39638888906249997
1 0.265390625 0.4291666671875 0.265390625 0.389722221875 0.22484375 0.389722221875 0.22484375 0.4291666671875 0.265390625 0.4291666671875
1 0.26 0.4561111109375 0.26 0.41958333281250004 0.225390625 0.41958333281250004 0.225390625 0.4561111109375 0.26 0.4561111109375
1 0.26109375 0.48986111093750007 0.26109375 0.45319444375 0.231875 0.45319444375 0.231875 0.48986111093750007 0.26109375 0.48986111093750007
1 0.26437499999999997 0.53305555625 0.26437499999999997 0.48694444375 0.2296875 0.48694444375 0.2296875 0.53305555625 0.26437499999999997 0.53305555625
1 0.23453125 0.52444444375 0.23453125 0.55625 0.26109375 0.55625 0.26109375 0.52444444375 0.23453125 0.52444444375
1 0.256796875 0.5986111109375 0.256796875 0.555277778125 0.23296875 0.555277778125 0.23296875 0.5986111109375 0.256796875 0.5986111109375
1 0.203671875 0.5388888890625 0.203671875 0.57930555625 0.23078125 0.57930555625 0.23078125 0.5388888890625 0.203671875 0.5388888890625
1 0.232421875 0.5398611109375 0.232421875 0.5148611109375001 0.20210937499999998 0.5148611109375001 0.20210937499999998 0.5398611109375 0.232421875 0.5398611109375
1 0.20421874999999998 0.48986111093750007 0.20421874999999998 0.5283333328125 0.23132812500000002 0.5283333328125 0.23132812500000002 0.48986111093750007 0.20421874999999998 0.48986111093750007
1 0.2340625 0.48986111093750007 0.2340625 0.46291666718749996 0.201015625 0.46291666718749996 0.201015625 0.48986111093750007 0.2340625 0.48986111093750007
1 0.22914062500000001 0.46194444375000004 0.22914062500000001 0.43499999999999994 0.20210937499999998 0.43499999999999994 0.20210937499999998 0.46194444375000004 0.22914062500000001 0.46194444375000004
1 0.2015625 0.40319444375 0.2015625 0.435972221875 0.230234375 0.435972221875 0.230234375 0.40319444375 0.2015625 0.40319444375
1 0.226953125 0.41569444375 0.226953125 0.38013888906250004 0.19453125 0.38013888906250004 0.19453125 0.41569444375 0.226953125 0.41569444375
1 0.198828125 0.34541666718749997 0.198828125 0.3926388890625 0.22749999999999998 0.3926388890625 0.22749999999999998 0.34541666718749997 0.198828125 0.34541666718749997
1 0.221015625 0.3686111109375 0.221015625 0.3204166671875 0.19718750000000002 0.3204166671875 0.19718750000000002 0.3686111109375 0.221015625 0.3686111109375
1 0.19664062499999999 0.29152777812499997 0.19664062499999999 0.33194444375 0.22749999999999998 0.33194444375 0.22749999999999998 0.29152777812499997 0.19664062499999999 0.29152777812499997
1 0.226484375 0.3020833328125 0.226484375 0.26944444375 0.20265624999999998 0.26944444375 0.20265624999999998 0.3020833328125 0.226484375 0.3020833328125
1 0.2015625 0.22805555625 0.2015625 0.27805555625 0.223203125 0.27805555625 0.223203125 0.22805555625 0.2015625 0.22805555625
1 0.223203125 0.24638888906249998 0.223203125 0.1933333328125 0.19664062499999999 0.1933333328125 0.19664062499999999 0.24638888906249998 0.223203125 0.24638888906249998
1 0.293984375 0.06569444375 0.293984375 0.01 0.2571875 0.01 0.2571875 0.06569444375 0.293984375 0.06569444375
1 0.256640625 0.0041666671875 0.256640625 0.045555556250000004 0.28531249999999997 0.045555556250000004 0.28531249999999997 0.0041666671875 0.256640625 0.0041666671875
1 0.253359375 0.08791666718749999 0.253359375 0.03305555625 0.22523437500000001 0.03305555625 0.22523437500000001 0.08791666718749999 0.253359375 0.08791666718749999
1 0.223046875 0.0225 0.223046875 0.064722221875 0.254453125 0.064722221875 0.254453125 0.0225 0.223046875 0.0225
1 0.25390625 0.037777778125 0.25390625 0.0041666671875 0.2284375 0.0041666671875 0.2284375 0.037777778125 0.25390625 0.037777778125
1 0.2225 0.0041666671875 0.2225 0.020555556250000002 0.237109375 0.020555556250000002 0.237109375 0.0041666671875 0.2225 0.0041666671875
1 0.25773437499999996 0.144722221875 0.25773437499999996 0.07638888906249999 0.220859375 0.07638888906249999 0.220859375 0.144722221875 0.25773437499999996 0.144722221875
1 0.22414062499999998 0.1898611109375 0.22414062499999998 0.132222221875 0.1965625 0.132222221875 0.1965625 0.1898611109375 0.22414062499999998 0.1898611109375
1 0.19437500000000002 0.110972221875 0.19437500000000002 0.16388888906250001 0.2203125 0.16388888906250001 0.2203125 0.110972221875 0.19437500000000002 0.110972221875
1 0.22523437500000001 0.13305555625 0.22523437500000001 0.0888888890625 0.200859375 0.0888888890625 0.200859375 0.13305555625 0.22523437500000001 0.13305555625
1 0.197578125 0.07055555625 0.197578125 0.11000000000000001 0.223046875 0.11000000000000001 0.223046875 0.07055555625 0.197578125 0.07055555625
1 0.223046875 0.0888888890625 0.223046875 0.046527778125 0.198125 0.046527778125 0.198125 0.0888888890625 0.223046875 0.0888888890625
1 0.20249999999999999 0.0070833328125 0.20249999999999999 0.060972221874999996 0.2246875 0.060972221874999996 0.2246875 0.0070833328125 0.20249999999999999 0.0070833328125
0 0.03375 0.1066666671875 0.03375 0.60319444375 0.1565625 0.60319444375 0.1565625 0.1066666671875 0.03375 0.1066666671875