1 0.076015625 0.19479166718750002 0.076015625 0.1352083328125 0.00015625 0.1352083328125 0.00015625 0.19479166718750002 0.076015625 0.19479166718750002
1 0.00015625 0.1822916671875 0.00015625 0.241875 0.08640624999999999 0.241875 0.08640624999999999 0.1822916671875 0.00015625 0.1822916671875
1 0.008515625 0.2294791671875 0.008515625 0.2834375 0.091640625 0.2834375 0.091640625 0.2294791671875 0.008515625 0.2294791671875
1 0.10101562500000001 0.33479166718750003 0.10101562500000001 0.27375 0.0032812500000000003 0.27375 0.0032812500000000003 0.33479166718750003 0.10101562500000001 0.33479166718750003
1 0.09265625 0.37906249999999997 0.09265625 0.31677083281249996 0.004296875 0.31677083281249996 0.004296875 0.37906249999999997 0.09265625 0.37906249999999997
1 0.08953124999999999 0.41510416718750004 0.08953124999999999 0.36666666718749996 0.004296875 0.36666666718749996 0.004296875 0.41510416718750004 0.08953124999999999 0.41510416718750004
1 0.091640625 0.46781249999999996 0.091640625 0.3998958328125 0.004296875 0.3998958328125 0.004296875 0.46781249999999996 0.091640625 0.46781249999999996
1 0.09992187500000001 0.5065625 0.09992187500000001 0.4401041671875 0.00015625 0.4401041671875 0.00015625 0.5065625 0.09992187500000001 0.5065625
1 0.10515624999999999 0.5564583328125 0.10515624999999999 0.4955208328125 0.002265625 0.4955208328125 0.002265625 0.5564583328125 0.10515624999999999 0.5564583328125
1 0.09578125 0.605 0.09578125 0.54125 0.00125 0.54125 0.00125 0.605 0.09578125 0.605
1 0.10414062500000001 0.6452083328125 0.10414062500000001 0.5856250000000001 0.00015625 0.5856250000000001 0.00015625 0.6452083328125 0.10414062500000001 0.6452083328125
1 0.10304687500000001 0.6784375 0.10304687500000001 0.6285416671874999 0.00015625 0.6285416671874999 0.00015625 0.6784375 0.10304687500000001 0.6784375
1 0.12281249999999999 0.5897916671875 0.12281249999999999 0.6576041671875 0.284921875 0.6576041671875 0.284921875 0.5897916671875 0.12281249999999999 0.5897916671875
1 0.23195312499999998 0.5994791671875 0.23195312499999998 0.5647916671875 0.088515625 0.5647916671875 0.088515625 0.5994791671875 0.23195312499999998 0.5994791671875
1 0.107265625 0.5273958328125 0.107265625 0.5828125 0.24234375 0.5828125 0.24234375 0.5273958328125 0.107265625 0.5273958328125
1 0.23296875 0.5342708328125 0.23296875 0.4955208328125 0.10304687500000001 0.4955208328125 0.10304687500000001 0.5342708328125 0.23296875 0.5342708328125
1 0.107265625 0.45114583281250004 0.107265625 0.4955208328125 0.24132812499999998 0.4955208328125 0.24132812499999998 0.45114583281250004 0.107265625 0.45114583281250004
1 0.228828125 0.4566666671875 0.228828125 0.41375 0.107265625 0.41375 0.107265625 0.4566666671875 0.228828125 0.4566666671875
1 0.10203124999999999 0.3832291671875 0.10203124999999999 0.42625 0.22984374999999999 0.42625 0.22984374999999999 0.3832291671875 0.10203124999999999 0.3832291671875
1 0.24132812499999998 0.3929166671875 0.24132812499999998 0.35281250000000003 0.0875 0.35281250000000003 0.0875 0.3929166671875 0.24132812499999998 0.3929166671875
1 0.246484375 0.3583333328125 0.246484375 0.3070833328125 0.106171875 0.3070833328125 0.106171875 0.3583333328125 0.246484375 0.3583333328125
1 0.399296875 0.27375 0.399296875 0.2294791671875 0.21632812499999998 0.2294791671875 0.21632812499999998 0.27375 0.399296875 0.27375
1 0.40242187500000004 0.318125 0.40242187500000004 0.2640625 0.24546874999999999 0.2640625 0.24546874999999999 0.318125 0.40242187500000004 0.318125
1 0.380546875 0.3513541671875 0.380546875 0.2972916671875 0.23507812499999997 0.2972916671875 0.23507812499999997 0.3513541671875 0.380546875 0.3513541671875
1 0.378515625 0.3873958328125 0.378515625 0.3486458328125 0.22367187500000002 0.3486458328125 0.22367187500000002 0.3873958328125 0.378515625 0.3873958328125
1 0.375390625 0.4234375 0.375390625 0.3748958328125 0.22984374999999999 0.3748958328125 0.22984374999999999 0.4234375 0.375390625 0.4234375
1 0.375390625 0.445625 0.375390625 0.41239583281250003 0.243359375 0.41239583281250003 0.243359375 0.445625 0.375390625 0.445625
1 0.38679687500000004 0.5010416671875 0.38679687500000004 0.4344791671875 0.228828125 0.4344791671875 0.228828125 0.5010416671875 0.38679687500000004 0.5010416671875
1 0.37640625 0.5315624999999999 0.37640625 0.48166666718749995 0.23093750000000002 0.48166666718749995 0.23093750000000002 0.5315624999999999 0.37640625 0.5315624999999999
1 0.37640625 0.573125 0.37640625 0.5120833328125001 0.2246875 0.5120833328125001 0.2246875 0.573125 0.37640625 0.573125
1 0.37640625 0.5980208328125001 0.37640625 0.5439583328125 0.243359375 0.5439583328125 0.243359375 0.5980208328125001 0.37640625 0.5980208328125001
1 0.40132812500000004 0.6410416671875 0.40132812500000004 0.573125 0.24546874999999999 0.573125 0.24546874999999999 0.6410416671875 0.40132812500000004 0.6410416671875
1 0.407578125 0.5925 0.407578125 0.6230208328125 0.5447656249999999 0.6230208328125 0.5447656249999999 0.5925 0.407578125 0.5925
1 0.53859375 0.5856250000000001 0.53859375 0.5564583328125 0.37953125 0.5564583328125 0.37953125 0.5856250000000001 0.53859375 0.5856250000000001
1 0.3909375 0.5010416671875 0.3909375 0.560625 0.53859375 0.560625 0.53859375 0.5010416671875 0.3909375 0.5010416671875
1 0.536484375 0.5107291671875 0.536484375 0.4733333328125 0.360859375 0.4733333328125 0.360859375 0.5107291671875 0.536484375 0.5107291671875
1 0.38265625000000003 0.445625 0.38265625000000003 0.47885416718749996 0.5447656249999999 0.47885416718749996 0.5447656249999999 0.445625 0.38265625000000003 0.445625
1 0.541640625 0.46229166718750003 0.541640625 0.4220833328125 0.369140625 0.4220833328125 0.369140625 0.46229166718750003 0.541640625 0.46229166718750003
1 0.39718749999999997 0.37906249999999997 0.39718749999999997 0.4192708328125 0.540625 0.4192708328125 0.540625 0.37906249999999997 0.39718749999999997 0.37906249999999997
1 0.542734375 0.37635416718750003 0.542734375 0.3403125 0.39515625 0.3403125 0.39515625 0.37635416718750003 0.542734375 0.37635416718750003
1 0.39718749999999997 0.3042708328125 0.39718749999999997 0.35 0.5396093750000001 0.35 0.5396093750000001 0.3042708328125 0.39718749999999997 0.3042708328125
1 0.536484375 0.318125 0.536484375 0.2571875 0.361875 0.2571875 0.361875 0.318125 0.536484375 0.318125
1 0.670546875 0.5966666671875 0.670546875 0.5564583328125 0.54375 0.5564583328125 0.54375 0.5966666671875 0.670546875 0.5966666671875
1 0.76046875 0.59875 0.76046875 0.5641666671875 0.6565624999999999 0.5641666671875 0.6565624999999999 0.59875 0.76046875 0.59875
1 0.66484375 0.540625 0.66484375 0.5780208328125 0.76359375 0.5780208328125 0.76359375 0.540625 0.66484375 0.540625
1 0.7594531250000001 0.5447916671875 0.7594531250000001 0.5045833328125 0.648203125 0.5045833328125 0.648203125 0.5447916671875 0.7594531250000001 0.5447916671875
1 0.663828125 0.4698958328125 0.663828125 0.50875 0.7583593750000001 0.50875 0.7583593750000001 0.4698958328125 0.663828125 0.4698958328125
1 0.7521093750000001 0.4795833328125 0.7521093750000001 0.4380208328125 0.6565624999999999 0.4380208328125 0.6565624999999999 0.4795833328125 0.7521093750000001 0.4795833328125
1 0.66171875 0.40895833281250005 0.66171875 0.4408333328125 0.76046875 0.4408333328125 0.76046875 0.40895833281250005 0.66171875 0.40895833281250005
1 0.7438281250000001 0.4144791671875 0.7438281250000001 0.3784375 0.67734375 0.3784375 0.67734375 0.4144791671875 0.7438281250000001 0.4144791671875
1 0.66484375 0.35208333281250004 0.66484375 0.3742708328125 0.7459374999999999 0.3742708328125 0.7459374999999999 0.35208333281250004 0.66484375 0.35208333281250004
1 0.74484375 0.35208333281250004 0.74484375 0.3285416671875 0.6409374999999999 0.3285416671875 0.6409374999999999 0.35208333281250004 0.74484375 0.35208333281250004
1 0.76046875 0.31604166718750004 0.76046875 0.2841666671875 0.6450781250000001 0.2841666671875 0.6450781250000001 0.31604166718750004 0.76046875 0.31604166718750004
1 0.826953125 0.273125 0.826953125 0.24125000000000002 0.7438281250000001 0.24125000000000002 0.7438281250000001 0.273125 0.826953125 0.273125
1 0.826953125 0.2994791671875 0.826953125 0.273125 0.756328125 0.273125 0.756328125 0.2994791671875 0.826953125 0.2994791671875
1 0.826953125 0.3355208328125 0.826953125 0.3078125 0.7521093750000001 0.3078125 0.7521093750000001 0.3355208328125 0.826953125 0.3355208328125
1 0.826953125 0.3715625 0.826953125 0.3355208328125 0.7438281250000001 0.3355208328125 0.7438281250000001 0.3715625 0.826953125 0.3715625
1 0.826953125 0.388125 0.826953125 0.3770833328125 0.7459374999999999 0.3770833328125 0.7459374999999999 0.388125 0.826953125 0.388125
1 0.826953125 0.42281250000000004 0.826953125 0.388125 0.7583593750000001 0.388125 0.7583593750000001 0.42281250000000004 0.826953125 0.42281250000000004
1 0.8321875000000001 0.4435416671875 0.8321875000000001 0.42281250000000004 0.75734375 0.42281250000000004 0.75734375 0.4435416671875 0.8321875000000001 0.4435416671875
1 0.8311718750000001 0.47406249999999994 0.8311718750000001 0.4435416671875 0.750078125 0.4435416671875 0.750078125 0.47406249999999994 0.8311718750000001 0.47406249999999994
1 0.826953125 0.49895833281249996 0.826953125 0.47406249999999994 0.750078125 0.47406249999999994 0.750078125 0.49895833281249996 0.826953125 0.49895833281249996
1 0.8290625 0.5322916671875 0.8290625 0.49895833281249996 0.76046875 0.49895833281249996 0.76046875 0.5322916671875 0.8290625 0.5322916671875
1 0.8196875 0.5544791671875 0.8196875 0.5184375 0.7583593750000001 0.5184375 0.7583593750000001 0.5544791671875 0.8196875 0.5544791671875
1 0.8280468750000001 0.5821875000000001 0.8280468750000001 0.5516666671875 0.76046875 0.5516666671875 0.76046875 0.5821875000000001 0.8280468750000001 0.5821875000000001
1 0.283984375 0.1719791671875 0.283984375 0.075 0.095859375 0.075 0.095859375 0.1719791671875 0.283984375 0.1719791671875
1 0.09171875 0.1207291671875 0.09171875 0.0513541671875 0.000234375 0.0513541671875 0.000234375 0.1207291671875 0.09171875 0.1207291671875
1 0.29234375 0.1027083328125 0.29234375 0.0444791671875 0.11351562500000001 0.0444791671875 0.11351562500000001 0.1027083328125 0.29234375 0.1027083328125
1 0.1125 0.0070833328125 0.1125 0.058333332812500006 0.27156250000000004 0.058333332812500006 0.27156250000000004 0.0070833328125 0.1125 0.0070833328125
1 0.28296875 0.0001041671875 0.28296875 0.0444791671875 0.403515625 0.0444791671875 0.403515625 0.0001041671875 0.28296875 0.0001041671875
1 0.397265625 0.0888541671875 0.397265625 0.029270832812499998 0.27046875 0.029270832812499998 0.27046875 0.0888541671875 0.397265625 0.0888541671875
1 0.27671875 0.058333332812500006 0.27671875 0.11927083281249999 0.37234375000000003 0.11927083281249999 0.37234375000000003 0.058333332812500006 0.27671875 0.058333332812500006
1 0.416015625 0.1705208328125 0.416015625 0.0970833328125 0.27156250000000004 0.0970833328125 0.27156250000000004 0.1705208328125 0.416015625 0.1705208328125
1 0.5365624999999999 0.17614583281250001 0.5365624999999999 0.13458333281249998 0.42117187500000003 0.13458333281249998 0.42117187500000003 0.17614583281250001 0.5365624999999999 0.17614583281250001
1 0.424296875 0.1027083328125 0.424296875 0.1414583328125 0.537578125 0.1414583328125 0.537578125 0.1027083328125 0.424296875 0.1027083328125
1 0.54484375 0.1179166671875 0.54484375 0.0569791671875 0.41703124999999996 0.0569791671875 0.41703124999999996 0.1179166671875 0.54484375 0.1179166671875
1 0.40765624999999994 0.0194791671875 0.40765624999999994 0.075 0.5334375 0.075 0.5334375 0.0194791671875 0.40765624999999994 0.0194791671875
1 0.422265625 0.0029166671875000003 0.422265625 0.0361458328125 0.5407031250000001 0.0361458328125 0.5407031250000001 0.0029166671875000003 0.422265625 0.0029166671875000003
1 0.56015625 0.150625 0.56015625 0.21031249999999999 0.680703125 0.21031249999999999 0.680703125 0.150625 0.56015625 0.150625
1 0.6754687500000001 0.1589583328125 0.6754687500000001 0.11875 0.5528906250000001 0.11875 0.5528906250000001 0.1589583328125 0.6754687500000001 0.1589583328125
1 0.55703125 0.0980208328125 0.55703125 0.1298958328125 0.6703125 0.1298958328125 0.6703125 0.0980208328125 0.55703125 0.0980208328125
1 0.6640625 0.10635416718749999 0.6640625 0.0591666671875 0.55390625 0.0591666671875 0.55390625 0.10635416718749999 0.6640625 0.10635416718749999
1 0.5435156250000001 0.0204166671875 0.5435156250000001 0.0730208328125 0.6671875 0.0730208328125 0.6671875 0.0204166671875 0.5435156250000001 0.0204166671875
1 0.54765625 0.0023958328125 0.54765625 0.039791667187500004 0.6775781249999999 0.039791667187500004 0.6775781249999999 0.0023958328125 0.54765625 0.0023958328125
1 0.7544531250000001 0.061979167187499996 0.7544531250000001 0.0134375 0.6734375 0.0134375 0.6734375 0.061979167187499996 0.7544531250000001 0.061979167187499996
1 0.663046875 0.0342708328125 0.663046875 0.0855208328125 0.758671875 0.0855208328125 0.758671875 0.0342708328125 0.663046875 0.0342708328125
1 0.7596875 0.12156249999999999 0.7596875 0.0689583328125 0.6619531249999999 0.0689583328125 0.6619531249999999 0.12156249999999999 0.7596875 0.12156249999999999
1 0.674453125 0.1077083328125 0.674453125 0.1617708328125 0.766953125 0.1617708328125 0.766953125 0.1077083328125 0.674453125 0.1077083328125
1 0.7555468750000001 0.19083333281249998 0.7555468750000001 0.1409375 0.6671875 0.1409375 0.6671875 0.19083333281249998 0.7555468750000001 0.19083333281249998
1 0.65890625 0.17281249999999998 0.65890625 0.22000000000000003 0.757578125 0.22000000000000003 0.757578125 0.17281249999999998 0.65890625 0.17281249999999998
1 0.830390625 0.2130208328125 0.830390625 0.18114583281250002 0.74515625 0.18114583281250002 0.74515625 0.2130208328125 0.830390625 0.2130208328125
1 0.7420312499999999 0.14656249999999998 0.7420312499999999 0.1894791671875 0.8335156250000001 0.1894791671875 0.8335156250000001 0.14656249999999998 0.7420312499999999 0.14656249999999998
1 0.826171875 0.16312500000000002 0.826171875 0.1367708328125 0.746171875 0.1367708328125 0.746171875 0.16312500000000002 0.826171875 0.16312500000000002
1 0.7544531250000001 0.0925 0.7544531250000001 0.14510416718750002 0.8241406250000001 0.14510416718750002 0.8241406250000001 0.0925 0.7544531250000001 0.0925
1 0.8231249999999999 0.1008333328125 0.8231249999999999 0.0689583328125 0.7555468750000001 0.0689583328125 0.7555468750000001 0.1008333328125 0.8231249999999999 0.1008333328125
1 0.7544531250000001 0.0384375 0.7544531250000001 0.0730208328125 0.82203125 0.0730208328125 0.82203125 0.0384375 0.7544531250000001 0.0384375
1 0.8335156250000001 0.050937500000000004 0.8335156250000001 0.0148958328125 0.7565625 0.0148958328125 0.7565625 0.050937500000000004 0.8335156250000001 0.050937500000000004
1 0.7503124999999999 0.0010416671875 0.7503124999999999 0.0272916671875 0.82203125 0.0272916671875 0.82203125 0.0010416671875 0.7503124999999999 0.0010416671875
1 0.9217968750000001 0.048125 0.9217968750000001 0.0052083328125 0.851171875 0.0052083328125 0.851171875 0.048125 0.9217968750000001 0.048125
1 0.8563281249999999 0.028749999999999998 0.8563281249999999 0.07864583281250001 0.918671875 0.07864583281250001 0.918671875 0.028749999999999998 0.8563281249999999 0.028749999999999998
1 0.9135156249999999 0.0966666671875 0.9135156249999999 0.060625 0.851171875 0.060625 0.851171875 0.0966666671875 0.9135156249999999 0.0966666671875
1 0.848046875 0.0828125 0.848046875 0.12437499999999999 0.9197656249999999 0.12437499999999999 0.9197656249999999 0.0828125 0.848046875 0.0828125
1 0.9125 0.16593750000000002 0.9125 0.12156249999999999 0.8563281249999999 0.12156249999999999 0.8563281249999999 0.16593750000000002 0.9125 0.16593750000000002
1 0.8459375 0.14375 0.8459375 0.17281249999999998 0.9125 0.17281249999999998 0.9125 0.14375 0.8459375 0.14375
1 0.9082812499999999 0.1991666671875 0.9082812499999999 0.15625 0.8490624999999999 0.15625 0.8490624999999999 0.1991666671875 0.9082812499999999 0.1991666671875
1 0.8490624999999999 0.195 0.8490624999999999 0.2282291671875 0.9125 0.2282291671875 0.9125 0.195 0.8490624999999999 0.195