1 0.526171875 1 0.526171875 0.787875 0.319140625 0.787875 0.319140625 1 0.526171875 1
1 0.33390624999999996 0.9971249999999999 0.33390624999999996 0.94725 0.28015625 0.94725 0.28015625 0.9971249999999999 0.33390624999999996 0.9971249999999999
1 0.5287499999999999 0.23112499999999997 0.5287499999999999 0.256125 0.57203125 0.256125 0.57203125 0.23112499999999997 0.5287499999999999 0.23112499999999997
1 0.32484375 0.153125 0.32484375 0.18675 0.38375 0.18675 0.38375 0.153125 0.32484375 0.153125
1 0.665078125 0.08449999999999999 0.665078125 0.15025 0.823515625 0.15025 0.823515625 0.08449999999999999 0.665078125 0.08449999999999999
1 0.848046875 0.188 0.848046875 0.128625 0.69765625 0.128625 0.69765625 0.188 0.848046875 0.188
1 0.62703125 0.179125 0.62703125 0.22162500000000002 0.7327343749999999 0.22162500000000002 0.7327343749999999 0.179125 0.62703125 0.179125
1 0.8731249999999999 0.216875 0.8731249999999999 0.167125 0.7457812500000001 0.167125 0.7457812500000001 0.216875 0.8731249999999999 0.216875
1 0.8071875000000001 0.569875 0.8071875000000001 0.505375 0.6598437500000001 0.505375 0.6598437500000001 0.569875 0.8071875000000001 0.569875
1 0.8270312499999999 0.543875 0.8270312499999999 0.49675 0.798203125 0.49675 0.798203125 0.543875 0.8270312499999999 0.543875
1 0.8384375000000001 0.532375 0.8384375000000001 0.49474999999999997 0.8125781249999999 0.49474999999999997 0.8125781249999999 0.532375 0.8384375000000001 0.532375
1 0.8462500000000001 0.514 0.8462500000000001 0.48125 0.8198437500000001 0.48125 0.8198437500000001 0.514 0.8462500000000001 0.514