1 0.35265625 0.15687500000000001 0.35265625 0.043125000000000004 0.059296875000000006 0.043125000000000004 0.059296875000000006 0.15687500000000001 0.35265625 0.15687500000000001
1 0.333203125 0.21875 0.333203125 0.11697916718750001 0.009921875 0.11697916718750001 0.009921875 0.21875 0.333203125 0.21875
1 0.3990625 0.013229167187499998 0.3990625 0.136875 0.7223437500000001 0.136875 0.7223437500000001 0.013229167187499998 0.3990625 0.013229167187499998
1 0.9962500000000001 0.6118750000000001 0.9962500000000001 0.54 0.9483593750000001 0.54 0.9483593750000001 0.6118750000000001 0.9962500000000001 0.6118750000000001
1 0.9588281249999999 0.5938541671875 0.9588281249999999 0.5320833328125001 0.8705468749999999 0.5320833328125001 0.8705468749999999 0.5938541671875 0.9588281249999999 0.5938541671875
1 0.65796875 0.9969791671875001 0.65796875 0.9012499999999999 0.44546875 0.9012499999999999 0.44546875 0.9969791671875001 0.65796875 0.9969791671875001
1 0.7223437500000001 0.9590624999999999 0.7223437500000001 0.6996875 0.3003125 0.6996875 0.3003125 0.9590624999999999 0.7223437500000001 0.9590624999999999
1 0.48882812500000006 0.8433333328125 0.48882812500000006 0.67375 0.21796875 0.67375 0.21796875 0.8433333328125 0.48882812500000006 0.8433333328125
1 0.245703125 0.7607291671875 0.245703125 0.658125 0.1459375 0.658125 0.1459375 0.7607291671875 0.245703125 0.7607291671875
1 0.17921875 0.6928124999999999 0.17921875 0.6040625000000001 0.10124999999999999 0.6040625000000001 0.10124999999999999 0.6928124999999999 0.17921875 0.6928124999999999
1 0.076328125 0.5846875 0.076328125 0.6622916671875 0.11164062500000001 0.6622916671875 0.11164062500000001 0.5846875 0.076328125 0.5846875
1 0.08109374999999999 0.6263541671875 0.08109374999999999 0.5734375 0.04921875 0.5734375 0.04921875 0.6263541671875 0.08109374999999999 0.6263541671875
1 0.024609375 0.5549999999999999 0.024609375 0.6023958328125001 0.052265625 0.6023958328125001 0.052265625 0.5549999999999999 0.024609375 0.5549999999999999
1 0.04984375 0.5751041671875 0.04984375 0.5341666671875 0.015 0.5341666671875 0.015 0.5751041671875 0.04984375 0.5751041671875