1 0.28898437499999996 0.7563541671875 0.28898437499999996 0.6552083328125 0.11234375 0.6552083328125 0.11234375 0.7563541671875 0.28898437499999996 0.7563541671875
1 0.074921875 0.6261458328125 0.074921875 0.6912499999999999 0.12687500000000002 0.6912499999999999 0.12687500000000002 0.6261458328125 0.074921875 0.6261458328125
1 0.08734375 0.6565624999999999 0.08734375 0.5928125 0.047890625 0.5928125 0.047890625 0.6565624999999999 0.08734375 0.6565624999999999
1 0.01046875 0.5623958328125 0.01046875 0.634375 0.052031249999999994 0.634375 0.052031249999999994 0.5623958328125 0.01046875 0.5623958328125
1 0.14054687500000002 0.44114583281249997 0.14054687500000002 0.3746875 0.059453124999999996 0.3746875 0.059453124999999996 0.44114583281249997 0.14054687500000002 0.44114583281249997
1 0.4190625 0.9733333328124999 0.4190625 0.7710416671875 0.245546875 0.7710416671875 0.245546875 0.9733333328124999 0.4190625 0.9733333328124999
1 0.42992187499999995 0.2835416671875 0.42992187499999995 0.25125000000000003 0.385703125 0.25125000000000003 0.385703125 0.2835416671875 0.42992187499999995 0.2835416671875
1 0.38656250000000003 0.2882291671875 0.38656250000000003 0.2616666671875 0.35453125 0.2616666671875 0.35453125 0.2882291671875 0.38656250000000003 0.2882291671875
1 0.302421875 0.1541666671875 0.302421875 0.0503125 0.031015625 0.0503125 0.031015625 0.1541666671875 0.302421875 0.1541666671875
1 0.10968750000000001 0.0040625 0.10968750000000001 0.065625 0.4453125 0.065625 0.4453125 0.0040625 0.10968750000000001 0.0040625
1 0.5378125 0.9951041671875 0.5378125 0.9290625 0.41281249999999997 0.9290625 0.41281249999999997 0.9951041671875 0.5378125 0.9951041671875
1 0.40875000000000006 0.0029166671875000003 0.40875000000000006 0.1027083328125 0.61453125 0.1027083328125 0.61453125 0.0029166671875000003 0.40875000000000006 0.0029166671875000003