1 0.8201562499999999 0.23531249999999998 0.8201562499999999 0.1785416671875 0.677734375 0.1785416671875 0.677734375 0.23531249999999998 0.8201562499999999 0.23531249999999998
1 0.6798437500000001 0.2325 0.6798437500000001 0.1923958328125 0.61640625 0.1923958328125 0.61640625 0.2325 0.6798437500000001 0.2325
1 0.617421875 0.2478125 0.617421875 0.2034375 0.567578125 0.2034375 0.567578125 0.2478125 0.617421875 0.2478125
1 0.436640625 0.2834375 0.436640625 0.24822916718750002 0.401171875 0.24822916718750002 0.401171875 0.2834375 0.436640625 0.2834375
1 0.40718750000000004 0.2875 0.40718750000000004 0.2569791671875 0.37109375 0.2569791671875 0.37109375 0.2875 0.40718750000000004 0.2875
1 0.376484375 0.2922916671875 0.376484375 0.2690625 0.34046875 0.2690625 0.34046875 0.2922916671875 0.376484375 0.2922916671875
1 0.47453124999999996 0.27625 0.47453124999999996 0.24416666718750002 0.42703125000000003 0.24416666718750002 0.42703125000000003 0.27625 0.47453124999999996 0.27625
1 0.6425 0.3076041671875 0.6425 0.2863541671875 0.5984375 0.2863541671875 0.5984375 0.3076041671875 0.6425 0.3076041671875
1 0.7175 0.3046875 0.7175 0.2758333328125 0.6728125 0.2758333328125 0.6728125 0.3046875 0.7175 0.3046875
1 0.71609375 0.2690625 0.71609375 0.2960416671875 0.76015625 0.2960416671875 0.76015625 0.2690625 0.71609375 0.2690625
1 0.8048437500000001 0.29020833281249997 0.8048437500000001 0.2670833328125 0.76015625 0.2670833328125 0.76015625 0.29020833281249997 0.8048437500000001 0.29020833281249997
1 0.06742187499999999 0.00125 0.06742187499999999 0.1077083328125 0.41789062499999996 0.1077083328125 0.41789062499999996 0.00125 0.06742187499999999 0.00125
1 0.207109375 0.1975 0.207109375 0.1177083328125 0.0025781249999999997 0.1177083328125 0.0025781249999999997 0.1975 0.207109375 0.1975
1 0.7334375 0.1027083328125 0.7334375 0.0079166671875 0.426640625 0.0079166671875 0.426640625 0.1027083328125 0.7334375 0.1027083328125
1 0.6025 0.16593750000000002 0.6025 0.0411458328125 0.34304687500000003 0.0411458328125 0.34304687500000003 0.16593750000000002 0.6025 0.16593750000000002
1 0.04765625 0.6088541671875001 0.04765625 0.5588541671875 0.002890625 0.5588541671875 0.002890625 0.6088541671875001 0.04765625 0.6088541671875001
1 0.061406249999999996 0.6426041671875 0.061406249999999996 0.5733333328125 0.024531249999999998 0.5733333328125 0.024531249999999998 0.6426041671875 0.061406249999999996 0.6426041671875
1 0.1421875 0.6830208328125 0.1421875 0.5944791671874999 0.054843750000000004 0.5944791671874999 0.054843750000000004 0.6830208328125 0.1421875 0.6830208328125
1 0.1675 0.7427083328124999 0.1675 0.6348958328125 0.0909375 0.6348958328125 0.0909375 0.7427083328124999 0.1675 0.7427083328124999
1 0.21726562500000002 0.8004166671874999 0.21726562500000002 0.665625 0.13640625 0.665625 0.13640625 0.8004166671874999 0.21726562500000002 0.8004166671874999
1 0.369453125 0.9132291671875 0.369453125 0.7336458328125001 0.20359375000000002 0.7336458328125001 0.20359375000000002 0.9132291671875 0.369453125 0.9132291671875
1 0.821484375 0.9928125 0.821484375 0.8084374999999999 0.297109375 0.8084374999999999 0.297109375 0.9928125 0.821484375 0.9928125
1 0.94859375 0.9985416671875 0.94859375 0.8980208328125 0.446484375 0.8980208328125 0.446484375 0.9985416671875 0.94859375 0.9985416671875
1 0.9421875 0.11927083281249999 0.9421875 0.1853125 0.9960156250000001 0.1853125 0.9960156250000001 0.11927083281249999 0.9421875 0.11927083281249999