1 0.5001562500000001 0.9969791671875001 0.5001562500000001 0.8791666671874999 0.346328125 0.8791666671874999 0.346328125 0.9969791671875001 0.5001562500000001 0.9969791671875001
1 0.35367187499999997 0.9554166671875001 0.35367187499999997 0.7766666671875 0.242421875 0.7766666671875 0.242421875 0.9554166671875001 0.35367187499999997 0.9554166671875001
1 0.162421875 0.6920833328125 0.162421875 0.8279166671875 0.25070312499999997 0.8279166671875 0.25070312499999997 0.6920833328125 0.162421875 0.6920833328125
1 0.11390625000000001 0.641875 0.11390625000000001 0.7458333328125 0.1665625 0.7458333328125 0.1665625 0.641875 0.11390625000000001 0.641875
1 0.08140625 0.6110416671875 0.08140625 0.688125 0.12109375 0.688125 0.12109375 0.6110416671875 0.08140625 0.6110416671875
1 0.08640624999999999 0.6457291671875 0.08640624999999999 0.5870833328125 0.049609375 0.5870833328125 0.049609375 0.6457291671875 0.08640624999999999 0.6457291671875
1 0.0315625 0.5667708328125001 0.0315625 0.6139583328125 0.053984374999999994 0.6139583328125 0.053984374999999994 0.5667708328125001 0.0315625 0.5667708328125001
1 0.034453125 0.5966666671875 0.034453125 0.5523958328125 0.009921875 0.5523958328125 0.009921875 0.5966666671875 0.034453125 0.5966666671875
1 0.272890625 0.1625 0.272890625 0.0595833328125 0.033984375 0.0595833328125 0.033984375 0.1625 0.272890625 0.1625
1 0.27937500000000004 0.16833333281250001 0.27937500000000004 0.1066666671875 0.016640625 0.1066666671875 0.016640625 0.16833333281250001 0.27937500000000004 0.16833333281250001
1 0.25484375 0.21156250000000001 0.25484375 0.1422916671875 0.002265625 0.1422916671875 0.002265625 0.21156250000000001 0.25484375 0.21156250000000001