1 0.7377343749999999 0.1341666671875 0.7377343749999999 0.0186111109375 0.5996875 0.0186111109375 0.5996875 0.1341666671875 0.7377343749999999 0.1341666671875
1 0.638671875 0.10138888906250001 0.638671875 0.00319444375 0.47359375000000004 0.00319444375 0.47359375000000004 0.10138888906250001 0.638671875 0.10138888906250001
1 0.7247656250000001 0.0475 0.7247656250000001 0.005138889062500001 0.6283593749999999 0.005138889062500001 0.6283593749999999 0.0475 0.7247656250000001 0.0475
1 0.631640625 0.0023611109375 0.631640625 0.02444444375 0.7150000000000001 0.02444444375 0.7150000000000001 0.0023611109375 0.631640625 0.0023611109375
1 0.74171875 0.53125 0.74171875 0.44944444375000003 0.583515625 0.44944444375000003 0.583515625 0.53125 0.74171875 0.53125
1 0.8228125000000001 0.5076388890625 0.8228125000000001 0.4411111109375 0.698828125 0.4411111109375 0.698828125 0.5076388890625 0.8228125000000001 0.5076388890625
1 0.88671875 0.482777778125 0.88671875 0.431527778125 0.80015625 0.431527778125 0.80015625 0.482777778125 0.88671875 0.482777778125
1 0.955078125 0.44694444375 0.955078125 0.41805555625 0.9180468749999999 0.41805555625 0.9180468749999999 0.44694444375 0.955078125 0.44694444375
1 0.97171875 0.43805555625 0.97171875 0.417222221875 0.9446875 0.417222221875 0.9446875 0.43805555625 0.97171875 0.43805555625
1 0.9925 0.436527778125 0.9925 0.41 0.9671875 0.41 0.9671875 0.436527778125 0.9925 0.436527778125
1 0.992421875 0.419722221875 0.992421875 0.3929166671875 0.9702343750000001 0.3929166671875 0.9702343750000001 0.419722221875 0.992421875 0.419722221875
1 0.9728125000000001 0.4216666671875 0.9728125000000001 0.39625 0.9540625 0.39625 0.9540625 0.4216666671875 0.9728125000000001 0.4216666671875
1 0.9551562499999999 0.425 0.9551562499999999 0.3976388890625 0.9194531250000001 0.3976388890625 0.9194531250000001 0.425 0.9551562499999999 0.425
1 0.920546875 0.3836111109375 0.920546875 0.4076388890625 0.954765625 0.4076388890625 0.954765625 0.3836111109375 0.920546875 0.3836111109375
1 0.916796875 0.36152777812500003 0.916796875 0.39430555625 0.9521875 0.39430555625 0.9521875 0.36152777812500003 0.916796875 0.36152777812500003
1 0.918359375 0.3461111109375 0.918359375 0.36625 0.9525 0.36625 0.9525 0.3461111109375 0.918359375 0.3461111109375
1 0.91796875 0.3275 0.91796875 0.3461111109375 0.94953125 0.3461111109375 0.94953125 0.3275 0.91796875 0.3275
1 0.91234375 0.3013888890625 0.91234375 0.33347222187500003 0.95140625 0.33347222187500003 0.95140625 0.3013888890625 0.91234375 0.3013888890625
1 0.91234375 0.285277778125 0.91234375 0.3013888890625 0.9521875 0.3013888890625 0.9521875 0.285277778125 0.91234375 0.285277778125
1 0.837890625 0.26055555625000004 0.837890625 0.2954166671875 0.95140625 0.2954166671875 0.95140625 0.26055555625000004 0.837890625 0.26055555625000004
1 0.946484375 0.27194444375 0.946484375 0.235277778125 0.8393750000000001 0.235277778125 0.8393750000000001 0.27194444375 0.946484375 0.27194444375
1 0.8393750000000001 0.21916666718750002 0.8393750000000001 0.2538888890625 0.948046875 0.2538888890625 0.948046875 0.21916666718750002 0.8393750000000001 0.21916666718750002
1 0.94046875 0.2258333328125 0.94046875 0.20180555625 0.843125 0.20180555625 0.843125 0.2258333328125 0.94046875 0.2258333328125
1 0.95703125 0.2391666671875 0.95703125 0.21513888906249998 0.9412499999999999 0.21513888906249998 0.9412499999999999 0.2391666671875 0.95703125 0.2391666671875
1 0.958203125 0.257222221875 0.958203125 0.23125 0.9408593749999999 0.23125 0.9408593749999999 0.257222221875 0.958203125 0.257222221875
1 0.963828125 0.2786111109375 0.963828125 0.2479166671875 0.9408593749999999 0.2479166671875 0.9408593749999999 0.2786111109375 0.963828125 0.2786111109375
1 0.963828125 0.28805555625 0.963828125 0.27 0.9457812499999999 0.27 0.9457812499999999 0.28805555625 0.963828125 0.28805555625
1 0.9630468750000001 0.3113888890625 0.9630468750000001 0.28472222187499996 0.9457812499999999 0.28472222187499996 0.9457812499999999 0.3113888890625 0.9630468750000001 0.3113888890625
1 0.96453125 0.3275 0.96453125 0.3061111109375 0.94765625 0.3061111109375 0.94765625 0.3275 0.96453125 0.3275
1 0.96640625 0.34944444375 0.96640625 0.3275 0.948046875 0.3275 0.948046875 0.34944444375 0.96640625 0.34944444375
1 0.9698437500000001 0.370277778125 0.9698437500000001 0.34555555625 0.941640625 0.34555555625 0.941640625 0.370277778125 0.9698437500000001 0.370277778125
1 0.96609375 0.382222221875 0.96609375 0.36222222187500003 0.944609375 0.36222222187500003 0.944609375 0.382222221875 0.96609375 0.382222221875
1 0.9657031249999999 0.40430555625000003 0.9657031249999999 0.382222221875 0.951796875 0.382222221875 0.951796875 0.40430555625000003 0.9657031249999999 0.40430555625000003
1 0.987109375 0.39694444375 0.987109375 0.382222221875 0.96796875 0.382222221875 0.96796875 0.39694444375 0.987109375 0.39694444375
1 0.9690625 0.36291666718750004 0.9690625 0.38486111093750003 0.98828125 0.38486111093750003 0.98828125 0.36291666718750004 0.9690625 0.36291666718750004
1 0.967578125 0.34944444375 0.967578125 0.3648611109375 0.98828125 0.3648611109375 0.98828125 0.34944444375 0.967578125 0.34944444375
1 0.9671875 0.3308333328125 0.9671875 0.34944444375 0.987890625 0.34944444375 0.987890625 0.3308333328125 0.9671875 0.3308333328125
1 0.966796875 0.31069444375 0.966796875 0.3320833328125 0.98828125 0.3320833328125 0.98828125 0.31069444375 0.966796875 0.31069444375
1 0.96609375 0.2954166671875 0.96609375 0.31069444375 0.987890625 0.31069444375 0.987890625 0.2954166671875 0.96609375 0.2954166671875
1 0.9822656249999999 0.284027778125 0.9822656249999999 0.255972221875 0.963828125 0.255972221875 0.963828125 0.284027778125 0.9822656249999999 0.284027778125
1 0.9630468750000001 0.2733333328125 0.9630468750000001 0.3020833328125 0.9844531249999999 0.3020833328125 0.9844531249999999 0.2733333328125 0.9630468750000001 0.2733333328125
1 0.984140625 0.26527777812500003 0.984140625 0.24125000000000002 0.96265625 0.24125000000000002 0.96265625 0.26527777812500003 0.984140625 0.26527777812500003
1 0.9596875 0.2238888890625 0.9596875 0.2486111109375 0.9818749999999999 0.2486111109375 0.9818749999999999 0.2238888890625 0.9596875 0.2238888890625
1 0.9158593749999999 0.1766666671875 0.9158593749999999 0.12930555625 0.827421875 0.12930555625 0.827421875 0.1766666671875 0.9158593749999999 0.1766666671875
1 0.8247656250000001 0.1108333328125 0.8247656250000001 0.1501388890625 0.9135937500000001 0.1501388890625 0.9135937500000001 0.1108333328125 0.8247656250000001 0.1108333328125
1 0.816640625 0.0916666671875 0.816640625 0.127777778125 0.9149218749999999 0.127777778125 0.9149218749999999 0.0916666671875 0.816640625 0.0916666671875
1 0.90953125 0.116527778125 0.90953125 0.06680555625 0.811171875 0.06680555625 0.811171875 0.116527778125 0.90953125 0.116527778125
1 0.796796875 0.048333332812500004 0.796796875 0.0948611109375 0.9090624999999999 0.0948611109375 0.9090624999999999 0.048333332812500004 0.796796875 0.048333332812500004
1 0.899609375 0.07319444375 0.899609375 0.025 0.799453125 0.025 0.799453125 0.07319444375 0.899609375 0.07319444375
1 0.780546875 0.014583332812499999 0.780546875 0.0475 0.90546875 0.0475 0.90546875 0.014583332812499999 0.780546875 0.014583332812499999
1 0.78640625 0.005 0.78640625 0.03069444375 0.9009375000000001 0.03069444375 0.9009375000000001 0.005 0.78640625 0.005
1 0.9140625 0.1526388890625 0.9140625 0.1879166671875 0.939765625 0.1879166671875 0.939765625 0.1526388890625 0.9140625 0.1526388890625
1 0.935234375 0.16055555625 0.935234375 0.1316666671875 0.9122656250000001 0.1316666671875 0.9122656250000001 0.16055555625 0.935234375 0.16055555625
1 0.91046875 0.10680555625000002 0.91046875 0.14694444375 0.93390625 0.14694444375 0.93390625 0.10680555625000002 0.91046875 0.10680555625000002
1 0.9298437500000001 0.12208333281249999 0.9298437500000001 0.0916666671875 0.908203125 0.0916666671875 0.908203125 0.12208333281249999 0.9298437500000001 0.12208333281249999
1 0.903671875 0.07319444375 0.903671875 0.1108333328125 0.9298437500000001 0.1108333328125 0.9298437500000001 0.07319444375 0.903671875 0.07319444375
1 0.9275781249999999 0.0948611109375 0.9275781249999999 0.062777778125 0.9032031249999999 0.062777778125 0.9032031249999999 0.0948611109375 0.9275781249999999 0.0948611109375
1 0.90234375 0.03944444375 0.90234375 0.08194444375 0.92671875 0.08194444375 0.92671875 0.03944444375 0.90234375 0.03944444375
1 0.9194531250000001 0.0563888890625 0.9194531250000001 0.019444443750000002 0.9005468750000001 0.019444443750000002 0.9005468750000001 0.0563888890625 0.9194531250000001 0.0563888890625
1 0.895546875 0.014583332812499999 0.895546875 0.03944444375 0.9217187499999999 0.03944444375 0.9217187499999999 0.014583332812499999 0.895546875 0.014583332812499999
1 0.89328125 0.0018055562500000001 0.89328125 0.02180555625 0.915390625 0.02180555625 0.915390625 0.0018055562500000001 0.89328125 0.0018055562500000001
1 0.9171875 0.0026388890625 0.9171875 0.019444443750000002 0.934765625 0.019444443750000002 0.934765625 0.0026388890625 0.9171875 0.0026388890625
1 0.9334374999999999 0.034722221875 0.9334374999999999 0.0066666671875 0.9171875 0.0066666671875 0.9171875 0.034722221875 0.9334374999999999 0.034722221875
1 0.916328125 0.0179166671875 0.916328125 0.048333332812500004 0.9357031250000001 0.048333332812500004 0.9357031250000001 0.0179166671875 0.916328125 0.0179166671875
1 0.94109375 0.0595833328125 0.94109375 0.0283333328125 0.9181250000000001 0.0283333328125 0.9181250000000001 0.0595833328125 0.94109375 0.0595833328125
1 0.9221875 0.05791666718750001 0.9221875 0.077222221875 0.940703125 0.077222221875 0.940703125 0.05791666718750001 0.9221875 0.05791666718750001
1 0.9428906250000001 0.09805555625 0.9428906250000001 0.058750000000000004 0.92265625 0.058750000000000004 0.92265625 0.09805555625 0.9428906250000001 0.09805555625
1 0.92671875 0.07875 0.92671875 0.114027778125 0.9496874999999999 0.114027778125 0.9496874999999999 0.07875 0.92671875 0.07875
1 0.9474218750000001 0.1316666671875 0.9474218750000001 0.0916666671875 0.92671875 0.0916666671875 0.92671875 0.1316666671875 0.9474218750000001 0.1316666671875
1 0.936171875 0.114027778125 0.936171875 0.1429166671875 0.952421875 0.1429166671875 0.952421875 0.114027778125 0.936171875 0.114027778125
1 0.951484375 0.162222221875 0.951484375 0.12375 0.935234375 0.12375 0.935234375 0.162222221875 0.951484375 0.162222221875
1 0.9375 0.1541666671875 0.9375 0.18305555625 0.95375 0.18305555625 0.95375 0.1541666671875 0.9375 0.1541666671875
1 0.95734375 0.1998611109375 0.95734375 0.159027778125 0.9357031250000001 0.159027778125 0.9357031250000001 0.1998611109375 0.95734375 0.1998611109375
1 0.9745312500000001 0.21277777812499998 0.9745312500000001 0.1813888890625 0.9542187500000001 0.1813888890625 0.9542187500000001 0.21277777812499998 0.9745312500000001 0.21277777812499998
1 0.98984375 0.22000000000000003 0.98984375 0.1983333328125 0.976328125 0.1983333328125 0.976328125 0.22000000000000003 0.98984375 0.22000000000000003
1 0.998828125 0.22638888906250001 0.998828125 0.20875 0.987578125 0.20875 0.987578125 0.22638888906250001 0.998828125 0.22638888906250001
1 0.99703125 0.1879166671875 0.99703125 0.170972221875 0.98984375 0.170972221875 0.98984375 0.1879166671875 0.99703125 0.1879166671875
1 0.9771875 0.054722221875 0.9771875 0.0211111109375 0.9487500000000001 0.0211111109375 0.9487500000000001 0.054722221875 0.9771875 0.054722221875
1 0.9682031249999999 0.032222221875 0.9682031249999999 0.0066666671875 0.9311718750000001 0.0066666671875 0.9311718750000001 0.032222221875 0.9682031249999999 0.032222221875
1 0.0646875 0.7251388890625 0.0646875 0.64055555625 0.00390625 0.64055555625 0.00390625 0.7251388890625 0.0646875 0.7251388890625
1 0.003125 0.5823611109375 0.003125 0.6711111109375001 0.05765625 0.6711111109375001 0.05765625 0.5823611109375 0.003125 0.5823611109375
1 0.05375 0.6211111109375 0.05375 0.5338888890625 0.0015625 0.5338888890625 0.0015625 0.6211111109375 0.05375 0.6211111109375
1 0.00390625 0.5075000000000001 0.00390625 0.57680555625 0.047578125 0.57680555625 0.047578125 0.5075000000000001 0.00390625 0.5075000000000001
1 0.049140625 0.5241666671874999 0.049140625 0.46180555625 0.003125 0.46180555625 0.003125 0.5241666671874999 0.049140625 0.5241666671874999
1 0.042890625 0.4701388890625 0.042890625 0.4175 0.00234375 0.4175 0.00234375 0.4701388890625 0.042890625 0.4701388890625
1 0.00546875 0.36055555625 0.00546875 0.42291666718750004 0.044453124999999996 0.42291666718750004 0.044453124999999996 0.36055555625 0.00546875 0.36055555625
1 0.00390625 0.31625000000000003 0.00390625 0.37444444374999997 0.046015625 0.37444444374999997 0.046015625 0.31625000000000003 0.00390625 0.31625000000000003
1 0.0015625 0.2733333328125 0.0015625 0.34402777812499996 0.052265625 0.34402777812499996 0.052265625 0.2733333328125 0.0015625 0.2733333328125
1 0.0046875 0.229027778125 0.0046875 0.28861111093749997 0.047578125 0.28861111093749997 0.047578125 0.229027778125 0.0046875 0.229027778125
1 0.049140625 0.249722221875 0.049140625 0.1666666671875 0.0015625 0.1666666671875 0.0015625 0.249722221875 0.049140625 0.249722221875
1 0.0015625 0.12222222187500001 0.0015625 0.21513888906249998 0.046015625 0.21513888906249998 0.046015625 0.12222222187500001 0.0015625 0.12222222187500001
1 0.00390625 0.07097222187499999 0.00390625 0.16388888906250001 0.0553125 0.16388888906250001 0.0553125 0.07097222187499999 0.00390625 0.07097222187499999
1 0.051484375000000006 0.061250000000000006 0.051484375000000006 0.000277778125 0.00625 0.000277778125 0.00625 0.061250000000000006 0.051484375000000006 0.061250000000000006
1 0.035859375 0.0058333328125 0.035859375 0.0363888890625 0.05921875 0.0363888890625 0.05921875 0.0058333328125 0.035859375 0.0058333328125