1 0.9989062499999999 0.1895833328125 0.9989062499999999 0.11614583281249999 0.904296875 0.11614583281249999 0.904296875 0.1895833328125 0.9989062499999999 0.1895833328125
1 0.91578125 0.1979166671875 0.91578125 0.1244791671875 0.8045312499999999 0.1244791671875 0.8045312499999999 0.1979166671875 0.91578125 0.1979166671875
1 0.610859375 0.1353125 0.78671875 0.010624999999999999 0.79296875 0.010624999999999999 0.79296875 0.0022916671874999997 0.78671875 0.0022916671874999997 0.610859375 0.07375000000000001 0.36390625 0.07375000000000001 0.36390625 0.1353125 0.610859375 0.1353125
1 0.476171875 0.007291667187500001 0.476171875 0.08208333281249999 0.794140625 0.08208333281249999 0.794140625 0.007291667187500001 0.476171875 0.007291667187500001
1 0.30484374999999997 0.1042708328125 0.30484374999999997 0.0013541671875 0.032734374999999996 0.0013541671875 0.032734374999999996 0.1042708328125 0.30484374999999997 0.1042708328125
1 0.30921875 0.12833333281249998 0.30921875 0.0359375 0.012578125 0.0359375 0.012578125 0.12833333281249998 0.30921875 0.12833333281249998
1 0.0017187500000000002 0.10145833281250001 0.0017187500000000002 0.19958333281250001 0.23921874999999998 0.19958333281250001 0.23921874999999998 0.10145833281250001 0.0017187500000000002 0.10145833281250001
1 0.22328125000000001 0.2659375 0.22328125000000001 0.22072916718750002 0.09625 0.22072916718750002 0.09625 0.2659375 0.22328125000000001 0.2659375
1 0.18796875 0.1591666671875 0.18796875 0.22937500000000002 0.26375000000000004 0.22937500000000002 0.26375000000000004 0.1591666671875 0.18796875 0.1591666671875
1 0.3778125 0.288125 0.3778125 0.2592708328125 0.3409375 0.2592708328125 0.3409375 0.288125 0.3778125 0.288125
1 0.36984374999999997 0.250625 0.36984374999999997 0.2794791671875 0.40523437500000004 0.2794791671875 0.40523437500000004 0.250625 0.36984374999999997 0.250625
1 0.440546875 0.2736458328125 0.440546875 0.2390625 0.40523437500000004 0.2390625 0.40523437500000004 0.2736458328125 0.440546875 0.2736458328125
1 0.440546875 0.22937500000000002 0.440546875 0.2736458328125 0.53515625 0.2736458328125 0.53515625 0.22937500000000002 0.440546875 0.22937500000000002
1 0.239453125 0.3203125 0.239453125 0.2953125 0.216484375 0.2953125 0.216484375 0.3203125 0.239453125 0.3203125
1 0.05265625 0.2735416671875 0.05265625 0.2357291671875 0.003359375 0.2357291671875 0.003359375 0.2735416671875 0.05265625 0.2735416671875
1 0.032421875 0.64125 0.032421875 0.5797916671875 0.0013281249999999999 0.5797916671875 0.0013281249999999999 0.64125 0.032421875 0.64125
1 0.0671875 0.6671875 0.0671875 0.59875 0.019609375000000002 0.59875 0.019609375000000002 0.6671875 0.0671875 0.6671875
1 0.11015625 0.7204166671875 0.11015625 0.6275000000000001 0.047031250000000004 0.6275000000000001 0.047031250000000004 0.7204166671875 0.11015625 0.7204166671875
1 0.306640625 0.7805208328125001 0.306640625 0.66625 0.091640625 0.66625 0.091640625 0.7805208328125001 0.306640625 0.7805208328125001
1 0.30984375000000003 0.8560416671875 0.30984375000000003 0.6953125 0.153984375 0.6953125 0.153984375 0.8560416671875 0.30984375000000003 0.8560416671875
1 0.38664062499999996 0.9944791671875001 0.38664062499999996 0.8116666671875 0.24085937500000001 0.8116666671875 0.24085937500000001 0.9944791671875001 0.38664062499999996 0.9944791671875001
1 0.464375 0.9925 0.464375 0.934375 0.37960937499999997 0.934375 0.37960937499999997 0.9925 0.464375 0.9925
1 0.542109375 0.2570833328125 0.6658052890625 0.25891025624999997 0.67265625 0.2779166671875 0.67265625 0.3091666671875 0.71953125 0.3091666671875 0.71953125 0.2779166671875 0.6765625 0.2779166671875 0.6640925484375 0.2541586546875 0.6538161062500001 0.22564903906249997 0.650390625 0.2278422609375 0.652103365625 0.2208974359375 0.650390625 0.22199404843749998 0.650390625 0.21614583281250002 0.646380209375 0.2570833328125 0.5701822921875 0.2570833328125 0.542109375 0.21614583281250002 0.542109375 0.2570833328125