1 0.82515625 0.9997916671875 0.82515625 0.6813541671875 0.41390625 0.6813541671875 0.41390625 0.9997916671875 0.82515625 0.9997916671875
1 0.940078125 0.9973958328125001 0.940078125 0.79625 0.60609375 0.79625 0.60609375 0.9973958328125001 0.940078125 0.9973958328125001
1 0.9024218749999999 0.9902083328125 0.9024218749999999 0.9135416671875 0.589921875 0.9135416671875 0.589921875 0.9902083328125 0.9024218749999999 0.9902083328125
1 0.985 0.5951041671875 0.985 0.37 0.8035937499999999 0.37 0.8035937499999999 0.5951041671875 0.985 0.5951041671875
1 0.9975781250000001 0.7459374999999999 0.9975781250000001 0.5567708328125 0.8125781249999999 0.5567708328125 0.8125781249999999 0.7459374999999999 0.9975781250000001 0.7459374999999999
1 0.99578125 0.9614583328125 0.99578125 0.6621875 0.79640625 0.6621875 0.79640625 0.9614583328125 0.99578125 0.9614583328125
1 0.9903906250000001 0.45864583281250004 0.9903906250000001 0.2598958328125 0.9042187500000001 0.2598958328125 0.9042187500000001 0.45864583281250004 0.9903906250000001 0.45864583281250004
1 0.8826562499999999 0.0921875 0.8826562499999999 0.3172916671875 0.9903906250000001 0.3172916671875 0.9903906250000001 0.0921875 0.8826562499999999 0.0921875
1 0.888046875 0.00125 0.888046875 0.11374999999999999 0.9975781250000001 0.11374999999999999 0.9975781250000001 0.00125 0.888046875 0.00125
1 0.40289062500000006 0.1545833328125 0.40289062500000006 0.0852083328125 0.166875 0.0852083328125 0.166875 0.1545833328125 0.40289062500000006 0.1545833328125
1 0.19140625 0.1805208328125 0.19140625 0.1276041671875 0.150234375 0.1276041671875 0.150234375 0.1805208328125 0.19140625 0.1805208328125
1 0.1740625 0.19885416718749999 0.1740625 0.1419791671875 0.11921875 0.1419791671875 0.11921875 0.19885416718749999 0.1740625 0.19885416718749999
1 0.38484375000000004 0.2527083328125 0.38484375000000004 0.1786458328125 0.16539062499999999 0.1786458328125 0.16539062499999999 0.2527083328125 0.38484375000000004 0.2527083328125
1 0.386953125 0.2883333328125 0.386953125 0.21614583281250002 0.167578125 0.21614583281250002 0.167578125 0.2883333328125 0.386953125 0.2883333328125
1 0.40648437499999995 0.32197916718749997 0.40648437499999995 0.27770833281249996 0.166875 0.27770833281249996 0.166875 0.32197916718749997 0.40648437499999995 0.32197916718749997
1 0.40359375000000003 0.35562499999999997 0.40359375000000003 0.2883333328125 0.163203125 0.2883333328125 0.163203125 0.35562499999999997 0.40359375000000003 0.35562499999999997
1 0.38484375000000004 0.39708333281249997 0.38484375000000004 0.34125 0.16468750000000001 0.34125 0.16468750000000001 0.39708333281249997 0.38484375000000004 0.39708333281249997
1 0.393515625 0.4297916671875 0.393515625 0.3748958328125 0.169765625 0.3748958328125 0.169765625 0.4297916671875 0.393515625 0.4297916671875
1 0.399296875 0.4797916671875 0.399296875 0.4172916671875 0.161796875 0.4172916671875 0.161796875 0.4797916671875 0.399296875 0.4797916671875
1 0.39273437499999997 0.5077083328125 0.39273437499999997 0.460625 0.159609375 0.460625 0.159609375 0.5077083328125 0.39273437499999997 0.5077083328125
1 0.42164062500000005 0.5557291671875 0.42164062500000005 0.4798958328125 0.177734375 0.4798958328125 0.177734375 0.5557291671875 0.42164062500000005 0.5557291671875
1 0.415703125 0.5796875 0.415703125 0.5238541671875 0.17171875 0.5238541671875 0.17171875 0.5796875 0.415703125 0.5796875
1 0.395546875 0.6235416671875 0.395546875 0.5796875 0.1746875 0.5796875 0.1746875 0.6235416671875 0.395546875 0.6235416671875
1 0.40335937499999996 0.6663541671875 0.40335937499999996 0.6085416671874999 0.173828125 0.6085416671874999 0.173828125 0.6663541671875 0.40335937499999996 0.6663541671875
1 0.143671875 0.5884375000000001 0.143671875 0.6325000000000001 0.17625 0.6325000000000001 0.17625 0.5884375000000001 0.143671875 0.5884375000000001
1 0.18578125 0.5978125000000001 0.18578125 0.5610416671875 0.143671875 0.5610416671875 0.143671875 0.5978125000000001 0.18578125 0.5978125000000001
1 0.14265624999999998 0.5349999999999999 0.14265624999999998 0.5710416671874999 0.18375 0.5710416671874999 0.18375 0.5349999999999999 0.14265624999999998 0.5349999999999999
1 0.18578125 0.5315624999999999 0.18578125 0.49416666718749996 0.13960937499999998 0.49416666718749996 0.13960937499999998 0.5315624999999999 0.18578125 0.5315624999999999
1 0.131640625 0.4427083328125 0.131640625 0.4988541671875 0.17875000000000002 0.4988541671875 0.17875000000000002 0.4427083328125 0.131640625 0.4427083328125
1 0.17976562499999998 0.47010416718750003 0.17976562499999998 0.41937499999999994 0.13359375 0.41937499999999994 0.13359375 0.47010416718750003 0.17976562499999998 0.47010416718750003
1 0.17109375 0.2554166671875 0.17109375 0.2144791671875 0.128359375 0.2144791671875 0.128359375 0.2554166671875 0.17109375 0.2554166671875
1 0.171640625 0.29625 0.171640625 0.2401041671875 0.1265625 0.2401041671875 0.1265625 0.29625 0.171640625 0.29625
1 0.17109375 0.32677083281249997 0.17109375 0.281875 0.13796875 0.281875 0.13796875 0.32677083281249997 0.17109375 0.32677083281249997
1 0.187890625 0.3692708328125 0.187890625 0.3163541671875 0.139765625 0.3163541671875 0.139765625 0.3692708328125 0.187890625 0.3692708328125
1 0.1825 0.3885416671875 0.1825 0.3547916671875 0.1428125 0.3547916671875 0.1428125 0.3885416671875 0.1825 0.3885416671875
1 0.166875 0.42625 0.166875 0.38927083281249997 0.1421875 0.38927083281249997 0.1421875 0.42625 0.166875 0.42625
1 0.013984374999999999 0.49385416718749997 0.013984374999999999 0.4798958328125 0.0010937499999999999 0.4798958328125 0.0010937499999999999 0.49385416718749997 0.013984374999999999 0.49385416718749997
1 0.000390625 0.4725 0.000390625 0.4878125 0.01328125 0.4878125 0.01328125 0.4725 0.000390625 0.4725
1 0.000390625 0.45625 0.000390625 0.4725 0.01328125 0.4725 0.01328125 0.45625 0.000390625 0.45625
1 0.000390625 0.4446875 0.000390625 0.45625 0.01609375 0.45625 0.01609375 0.4446875 0.000390625 0.4446875
1 0.000078125 0.4344791671875 0.000078125 0.4446875 0.01609375 0.4446875 0.01609375 0.4344791671875 0.000078125 0.4344791671875
1 0.000078125 0.4201041671875 0.000078125 0.4344791671875 0.012968750000000001 0.4344791671875 0.012968750000000001 0.4201041671875 0.000078125 0.4201041671875
1 0.000078125 0.40989583281249997 0.000078125 0.421875 0.012578125 0.421875 0.012578125 0.40989583281249997 0.000078125 0.40989583281249997
1 0.000078125 0.3963541671875 0.000078125 0.40989583281249997 0.013984374999999999 0.40989583281249997 0.013984374999999999 0.3963541671875 0.000078125 0.3963541671875
1 0.00140625 0.3825 0.00140625 0.3963541671875 0.013984374999999999 0.3963541671875 0.013984374999999999 0.3825 0.00140625 0.3825
1 0.00140625 0.3745833328125 0.00140625 0.3825 0.015703125000000002 0.3825 0.015703125000000002 0.3745833328125 0.00140625 0.3745833328125
1 0.002109375 0.36062500000000003 0.002109375 0.3732291671875 0.01609375 0.3732291671875 0.01609375 0.36062500000000003 0.002109375 0.36062500000000003
1 0.0010937499999999999 0.3485416671875 0.0010937499999999999 0.3602083328125 0.01640625 0.3602083328125 0.01640625 0.3485416671875 0.0010937499999999999 0.3485416671875
1 0.00078125 0.3322916671875 0.00078125 0.3485416671875 0.01640625 0.3485416671875 0.01640625 0.3322916671875 0.00078125 0.3322916671875