1 0.56546875 0.3933333328125 0.56546875 0.3129166671875 0.181953125 0.3129166671875 0.181953125 0.3933333328125 0.56546875 0.3933333328125
1 0.5384375 0.45145833281250003 0.5384375 0.3835416671875 0.17054687500000001 0.3835416671875 0.17054687500000001 0.45145833281250003 0.5384375 0.45145833281250003
1 0.555078125 0.5180208328125 0.555078125 0.43208333281250005 0.18609375 0.43208333281250005 0.18609375 0.5180208328125 0.555078125 0.5180208328125
1 0.53953125 0.5679166671875 0.53953125 0.47781250000000003 0.185078125 0.47781250000000003 0.185078125 0.5679166671875 0.53953125 0.5679166671875
1 0.5634375 0.6496875 0.5634375 0.5388541671875 0.181953125 0.5388541671875 0.181953125 0.6496875 0.5634375 0.6496875
1 0.608125 0.7244791671875 0.608125 0.6136458328125001 0.18921875 0.6136458328125001 0.18921875 0.7244791671875 0.608125 0.7244791671875
1 0.58421875 0.7633333328125 0.58421875 0.6427083328125 0.20171875 0.6427083328125 0.20171875 0.7633333328125 0.58421875 0.7633333328125
1 0.509375 0.8339583328125 0.509375 0.7176041671875 0.18921875 0.7176041671875 0.18921875 0.8339583328125 0.509375 0.8339583328125
1 0.21726562500000002 0.6565624999999999 0.21726562500000002 0.5747916671875 0.095703125 0.5747916671875 0.095703125 0.6565624999999999 0.21726562500000002 0.6565624999999999
1 0.213125 0.6995833328125001 0.213125 0.64 0.092578125 0.64 0.092578125 0.6995833328125001 0.213125 0.6995833328125001
1 0.254140625 0.265 0.254140625 0.1888541671875 0.01859375 0.1888541671875 0.01859375 0.265 0.254140625 0.265
1 0.26453125 0.288125 0.26453125 0.22697916718750002 0.02203125 0.22697916718750002 0.02203125 0.288125 0.26453125 0.288125
1 0.288828125 0.3123958328125 0.288828125 0.25114583281249997 0.02375 0.25114583281249997 0.02375 0.3123958328125 0.288828125 0.3123958328125
1 0.28015625 0.3389583328125 0.28015625 0.29281250000000003 0.025468750000000002 0.29281250000000003 0.025468750000000002 0.3389583328125 0.28015625 0.3389583328125
1 0.199609375 0.3759375 0.199609375 0.3285416671875 0.025468750000000002 0.3285416671875 0.025468750000000002 0.3759375 0.199609375 0.3759375
1 0.19703125 0.3966666671875 0.19703125 0.3620833328125 0.032421875 0.3620833328125 0.032421875 0.3966666671875 0.19703125 0.3966666671875
1 0.19789062500000001 0.43947916718749996 0.19789062500000001 0.39437500000000003 0.032421875 0.39437500000000003 0.032421875 0.43947916718749996 0.19789062500000001 0.43947916718749996
1 0.19523437500000002 0.48333333281249996 0.19523437500000002 0.4267708328125 0.06882812499999999 0.4267708328125 0.06882812499999999 0.48333333281249996 0.19523437500000002 0.48333333281249996
1 0.070546875 0.4683333328125 0.070546875 0.43135416718749997 0.036796875 0.43135416718749997 0.036796875 0.4683333328125 0.070546875 0.4683333328125
1 0.061875 0.50875 0.061875 0.45447916718750003 0.030703124999999998 0.45447916718750003 0.030703124999999998 0.50875 0.061875 0.50875
1 0.216015625 0.5248958328125 0.216015625 0.46364583281250005 0.057578125 0.46364583281250005 0.057578125 0.5248958328125 0.216015625 0.5248958328125
1 0.21171875 0.5526041671875 0.21171875 0.4994791671875 0.066171875 0.4994791671875 0.066171875 0.5526041671875 0.21171875 0.5526041671875
1 0.070546875 0.5364583328125 0.070546875 0.4844791671875 0.035859375 0.4844791671875 0.035859375 0.5364583328125 0.070546875 0.5364583328125
1 0.066171875 0.561875 0.066171875 0.5144791671875 0.04109375 0.5144791671875 0.04109375 0.561875 0.066171875 0.561875
1 0.066171875 0.5941666671875 0.066171875 0.5410416671875 0.039375 0.5410416671875 0.039375 0.5941666671875 0.066171875 0.5941666671875
1 0.055781250000000004 0.6184375 0.055781250000000004 0.5745833328125001 0.03328125 0.5745833328125001 0.03328125 0.6184375 0.055781250000000004 0.6184375
1 0.163203125 0.5791666671875 0.163203125 0.5376041671875 0.056640625 0.5376041671875 0.056640625 0.5791666671875 0.163203125 0.5791666671875
1 0.201328125 0.6207291671874999 0.201328125 0.5583333328125 0.056640625 0.5583333328125 0.056640625 0.6207291671874999 0.201328125 0.6207291671874999
1 0.10171875 0.653125 0.10171875 0.5976041671875 0.054921874999999995 0.5976041671875 0.054921874999999995 0.653125 0.10171875 0.653125
1 0.22640625 0.20729166718749997 0.22640625 0.1426041671875 0.0038281250000000004 0.1426041671875 0.0038281250000000004 0.20729166718749997 0.22640625 0.20729166718749997
1 0.0090625 0.10687500000000001 0.0090625 0.16343749999999999 0.209140625 0.16343749999999999 0.209140625 0.10687500000000001 0.0090625 0.10687500000000001
1 0.20390625 0.1276041671875 0.20390625 0.0779166671875 0.0090625 0.0779166671875 0.0090625 0.1276041671875 0.20390625 0.1276041671875
1 0.119921875 0.0803125 0.119921875 0.0398958328125 0.0046875 0.0398958328125 0.0046875 0.0803125 0.119921875 0.0803125
1 0.09132812500000001 0.0495833328125 0.09132812500000001 0.013854167187499999 0.005625 0.013854167187499999 0.005625 0.0495833328125 0.09132812500000001 0.0495833328125
1 0.45773437499999997 0.3313541671875 0.45773437499999997 0.3036458328125 0.38671875 0.3036458328125 0.38671875 0.3313541671875 0.45773437499999997 0.3313541671875
1 0.35203125 0.3047916671875 0.35203125 0.3175 0.38328125 0.3175 0.38328125 0.3047916671875 0.35203125 0.3047916671875
1 0.301796875 0.3025 0.301796875 0.3140625 0.35203125 0.3140625 0.35203125 0.3025 0.301796875 0.3025
1 0.443046875 0.23552083281249997 0.443046875 0.22052083281249998 0.387578125 0.22052083281249998 0.387578125 0.23552083281249997 0.443046875 0.23552083281249997
1 0.44039062500000004 0.2470833328125 0.44039062500000004 0.234375 0.38671875 0.234375 0.38671875 0.2470833328125 0.44039062500000004 0.2470833328125
1 0.43609375000000006 0.2666666671875 0.43609375000000006 0.2470833328125 0.385859375 0.2470833328125 0.385859375 0.2666666671875 0.43609375000000006 0.2666666671875
1 0.047421875 0.4605208328125 0.047421875 0.429375 0.007578125 0.429375 0.007578125 0.4605208328125 0.047421875 0.4605208328125
1 0.041328125 0.48020833281249997 0.041328125 0.44437499999999996 0.005859375 0.44437499999999996 0.005859375 0.48020833281249997 0.041328125 0.48020833281249997
1 0.04828125 0.5102083328125 0.04828125 0.4766666671875 0.01015625 0.4766666671875 0.01015625 0.5102083328125 0.04828125 0.5102083328125
1 0.041328125 0.5494791671875 0.041328125 0.5090625 0.00671875 0.5090625 0.00671875 0.5494791671875 0.041328125 0.5494791671875
1 0.041328125 0.5713541671875 0.041328125 0.5379166671875 0.013593749999999998 0.5379166671875 0.013593749999999998 0.5713541671875 0.041328125 0.5713541671875
1 0.037890625 0.6060416671875 0.037890625 0.5702083328125 0.017109375 0.5702083328125 0.017109375 0.6060416671875 0.037890625 0.6060416671875
1 0.013593749999999998 0.4028125 0.013593749999999998 0.4373958328125 0.036171875 0.4373958328125 0.036171875 0.4028125 0.013593749999999998 0.4028125
1 0.011875 0.36583333281249997 0.011875 0.4028125 0.036171875 0.4028125 0.036171875 0.36583333281249997 0.011875 0.36583333281249997
1 0.011875 0.3404166671875 0.011875 0.368125 0.036171875 0.368125 0.036171875 0.3404166671875 0.011875 0.3404166671875
1 0.005859375 0.3092708328125 0.005859375 0.3404166671875 0.036171875 0.3404166671875 0.036171875 0.3092708328125 0.005859375 0.3092708328125
1 0.005859375 0.2827083328125 0.005859375 0.3092708328125 0.0309375 0.3092708328125 0.0309375 0.2827083328125 0.005859375 0.2827083328125
1 0.013593749999999998 0.2607291671875 0.013593749999999998 0.2827083328125 0.0309375 0.2827083328125 0.0309375 0.2607291671875 0.013593749999999998 0.2607291671875
1 0.013593749999999998 0.21916666718750002 0.013593749999999998 0.2607291671875 0.02484375 0.2607291671875 0.02484375 0.21916666718750002 0.013593749999999998 0.21916666718750002