0 0.10968750000000001 0.27569444375 0.10968750000000001 0.525 0.188203125 0.525 0.188203125 0.27569444375 0.10968750000000001 0.27569444375
1 0.81703125 0.1654166671875 0.81703125 0.00041666718749999997 0.6135937499999999 0.00041666718749999997 0.6135937499999999 0.1654166671875 0.81703125 0.1654166671875
1 0.872421875 0.16125 0.872421875 0.019861110937500003 0.76640625 0.019861110937500003 0.76640625 0.16125 0.872421875 0.16125
1 0.918359375 0.17930555625 0.918359375 0.051805556249999996 0.8365625 0.051805556249999996 0.8365625 0.17930555625 0.918359375 0.17930555625
1 0.949453125 0.1829166671875 0.949453125 0.085972221875 0.825390625 0.085972221875 0.825390625 0.1829166671875 0.949453125 0.1829166671875
1 0.9780468750000001 0.17361111093749998 0.9780468750000001 0.1066666671875 0.89234375 0.1066666671875 0.89234375 0.17361111093749998 0.9780468750000001 0.17361111093749998
1 0.9925 0.20319444375 0.9925 0.137777778125 0.9421875 0.137777778125 0.9421875 0.20319444375 0.9925 0.20319444375
1 0.5589062499999999 0.22444444375 0.5589062499999999 0.19555555625 0.48203125 0.19555555625 0.48203125 0.22444444375 0.5589062499999999 0.22444444375
1 0.61140625 0.22541666718750003 0.61140625 0.18875 0.557265625 0.18875 0.557265625 0.22541666718750003 0.61140625 0.22541666718750003
1 0.609296875 0.18694444375 0.609296875 0.22541666718750003 0.667734375 0.22541666718750003 0.667734375 0.18694444375 0.609296875 0.18694444375
1 0.43843750000000004 0.18430555625 0.43843750000000004 0.1273611109375 0.392890625 0.1273611109375 0.392890625 0.18430555625 0.43843750000000004 0.18430555625
1 0.43531250000000005 0.341527778125 0.43531250000000005 0.32138888906249996 0.396484375 0.32138888906249996 0.396484375 0.341527778125 0.43531250000000005 0.341527778125