1 0.963828125 0.159027778125 0.963828125 0.1008333328125 0.903046875 0.1008333328125 0.903046875 0.159027778125 0.963828125 0.159027778125
1 0.877578125 0.19694444375 0.877578125 0.14208333281250002 0.8028906250000001 0.14208333281250002 0.8028906250000001 0.19694444375 0.877578125 0.19694444375
1 0.799609375 0.22000000000000003 0.799609375 0.162222221875 0.7260156249999999 0.162222221875 0.7260156249999999 0.22000000000000003 0.799609375 0.22000000000000003
1 0.7271093750000001 0.23638888906250002 0.7271093750000001 0.18819444375 0.688671875 0.18819444375 0.688671875 0.23638888906250002 0.7271093750000001 0.23638888906250002
1 0.68921875 0.245972221875 0.68921875 0.20166666718749998 0.6578125 0.20166666718749998 0.6578125 0.245972221875 0.68921875 0.245972221875
1 0.9002343749999999 0.26236111093750003 0.9002343749999999 0.225 0.858125 0.225 0.858125 0.26236111093750003 0.9002343749999999 0.26236111093750003
1 0.8573437500000001 0.25680555625 0.8573437500000001 0.22638888906250001 0.823828125 0.22638888906250001 0.823828125 0.25680555625 0.8573437500000001 0.25680555625
1 0.901015625 0.7945833328125 0.901015625 0.61305555625 0.681171875 0.61305555625 0.681171875 0.7945833328125 0.901015625 0.7945833328125
1 0.9995312500000001 0.8675 0.9995312500000001 0.692777778125 0.9032031249999999 0.692777778125 0.9032031249999999 0.8675 0.9995312500000001 0.8675
1 0.7415625 0.6911111109375 0.7415625 0.5775 0.565078125 0.5775 0.565078125 0.6911111109375 0.7415625 0.6911111109375
1 0.5055468750000001 0.5361111109375 0.5055468750000001 0.6323611109375 0.57265625 0.6323611109375 0.57265625 0.5361111109375 0.5055468750000001 0.5361111109375
1 0.518515625 0.57944444375 0.518515625 0.515972221875 0.45414062499999996 0.515972221875 0.45414062499999996 0.57944444375 0.518515625 0.57944444375
1 0.46609375000000003 0.5145833328125 0.46609375000000003 0.4691666671875 0.42515625 0.4691666671875 0.42515625 0.5145833328125 0.46609375000000003 0.5145833328125
1 0.46460937500000005 0.5613888890625 0.46460937500000005 0.505277778125 0.42515625 0.505277778125 0.42515625 0.5613888890625 0.46460937500000005 0.5613888890625
1 0.40750000000000003 0.49458333281250005 0.40750000000000003 0.54 0.42554687500000005 0.54 0.42554687500000005 0.49458333281250005 0.40750000000000003 0.49458333281250005
1 0.411953125 0.5233333328125 0.411953125 0.4845833328125 0.3834375 0.4845833328125 0.3834375 0.5233333328125 0.411953125 0.5233333328125
1 0.39390625 0.5079166671875 0.39390625 0.4691666671875 0.366875 0.4691666671875 0.366875 0.5079166671875 0.39390625 0.5079166671875
1 0.36046875 0.4691666671875 0.36046875 0.49930555625000006 0.36765625 0.49930555625000006 0.36765625 0.4691666671875 0.36046875 0.4691666671875
1 0.360859375 0.485972221875 0.360859375 0.467222221875 0.3540625 0.467222221875 0.3540625 0.485972221875 0.360859375 0.485972221875
1 0.34695312500000003 0.4651388890625 0.34695312500000003 0.485972221875 0.35375 0.485972221875 0.35375 0.4651388890625 0.34695312500000003 0.4651388890625
1 0.35031249999999997 0.4786111109375 0.35031249999999997 0.46055555625 0.3390625 0.46055555625 0.3390625 0.4786111109375 0.35031249999999997 0.4786111109375
1 0.43234374999999997 0.2786111109375 0.43234374999999997 0.2491666671875 0.335 0.2491666671875 0.335 0.2786111109375 0.43234374999999997 0.2786111109375
1 0.39851562500000004 0.3113888890625 0.39851562500000004 0.27999999999999997 0.328984375 0.27999999999999997 0.328984375 0.3113888890625 0.39851562500000004 0.3113888890625
1 0.46171875 0.239722221875 0.46171875 0.19583333281249998 0.35617187499999997 0.19583333281249998 0.35617187499999997 0.239722221875 0.46171875 0.239722221875
1 0.37687499999999996 0.1395833328125 0.37687499999999996 0.19444444375 0.5078125 0.19444444375 0.5078125 0.1395833328125 0.37687499999999996 0.1395833328125
1 0.411796875 0.0488888890625 0.411796875 0.126527778125 0.58875 0.126527778125 0.58875 0.0488888890625 0.411796875 0.0488888890625
1 0.436015625 0.00041666718749999997 0.436015625 0.06694444375 0.639453125 0.06694444375 0.639453125 0.00041666718749999997 0.436015625 0.00041666718749999997
1 0.645703125 0.0045833328125 0.645703125 0.053055556250000004 0.8397656250000001 0.053055556250000004 0.8397656250000001 0.0045833328125 0.645703125 0.0045833328125
1 0.762578125 0.09319444375 0.762578125 0.01694444375 0.604375 0.01694444375 0.604375 0.09319444375 0.762578125 0.09319444375
1 0.641796875 0.1763888890625 0.641796875 0.11125 0.487421875 0.11125 0.487421875 0.1763888890625 0.641796875 0.1763888890625
1 0.39609375 0.123472221875 0.39609375 0.0733333328125 0.324609375 0.0733333328125 0.324609375 0.123472221875 0.39609375 0.123472221875
1 0.38851562500000003 0.16 0.38851562500000003 0.1195833328125 0.3203125 0.1195833328125 0.3203125 0.16 0.38851562500000003 0.16
1 0.0035937499999999997 0.232222221875 0.0035937499999999997 0.32180555625 0.06476562500000001 0.32180555625 0.06476562500000001 0.232222221875 0.0035937499999999997 0.232222221875
1 0.10101562500000001 0.3333333328125 0.10101562500000001 0.264027778125 0.055546874999999996 0.264027778125 0.055546874999999996 0.3333333328125 0.10101562500000001 0.3333333328125
1 0.12921875 0.35069444375000003 0.12921875 0.2938888890625 0.09078125000000001 0.2938888890625 0.09078125000000001 0.35069444375000003 0.12921875 0.35069444375000003
1 0.13734375000000001 0.20625 0.13734375000000001 0.09180555625 0.043125000000000004 0.09180555625 0.043125000000000004 0.20625 0.13734375000000001 0.20625
1 0.10718749999999999 0.15944444375 0.10718749999999999 0.0363888890625 0.011796875 0.0363888890625 0.011796875 0.15944444375 0.10718749999999999 0.15944444375
1 0.08304687499999999 0.7308333328125001 0.08304687499999999 0.62 0.02328125 0.62 0.02328125 0.7308333328125001 0.08304687499999999 0.7308333328125001
1 0.040781250000000005 0.7805555562500001 0.040781250000000005 0.661527778125 0.003125 0.661527778125 0.003125 0.7805555562500001 0.040781250000000005 0.7805555562500001
1 0.10984374999999999 0.66125 0.10984374999999999 0.5875 0.07648437500000001 0.5875 0.07648437500000001 0.66125 0.10984374999999999 0.66125
1 0.14140625 0.625972221875 0.14140625 0.55305555625 0.1053125 0.55305555625 0.1053125 0.625972221875 0.14140625 0.625972221875