0 0.1515625 0.09953703750000001 0.1515625 0.843703703125 0.43921875000000005 0.843703703125 0.43921875000000005 0.09953703750000001 0.1515625 0.09953703750000001
0 0.9955208328125 0.9974999999999999 0.9955208328125 0.45555555625000005 0.8355729171874999 0.45555555625000005 0.8355729171874999 0.9974999999999999 0.9955208328125 0.9974999999999999
1 0.9659375000000001 0.013333332812500001 0.9659375000000001 0.07074074062499999 0.9982291671875 0.07074074062499999 0.9982291671875 0.013333332812500001 0.9659375000000001 0.013333332812500001
1 0.7965625000000001 0.71648148125 0.7965625000000001 0.6401851859375001 0.65546875 0.6401851859375001 0.65546875 0.71648148125 0.7965625000000001 0.71648148125
1 0.6625 0.6970370375 0.6625 0.6374074078125 0.6352083328125 0.6374074078125 0.6352083328125 0.6970370375 0.6625 0.6970370375
1 0.6219270828125001 0.6236111109375 0.6219270828125001 0.6624074078125 0.6367708328125 0.6624074078125 0.6367708328125 0.6236111109375 0.6219270828125001 0.6236111109375
1 0.30484374999999997 0.2163888890625 0.30484374999999997 0.133703703125 0.2090625 0.133703703125 0.2090625 0.2163888890625 0.30484374999999997 0.2163888890625
1 0.174375 0.12694444375 0.174375 0.21833333281249998 0.24854166718749998 0.21833333281249998 0.24854166718749998 0.12694444375 0.174375 0.12694444375
1 0.1581770828125 0.016296296874999998 0.1581770828125 0.0575925921875 0.2009375 0.0575925921875 0.2009375 0.016296296874999998 0.1581770828125 0.016296296874999998
1 0.3609375 0.3375925921875 0.3609375 0.308796296875 0.3278645828125 0.308796296875 0.3278645828125 0.3375925921875 0.3609375 0.3375925921875
1 0.4068229171875 0.34351851875 0.4068229171875 0.3034259265625 0.3590625 0.3034259265625 0.3590625 0.34351851875 0.4068229171875 0.34351851875
1 0.3571875 0.3008333328125 0.3571875 0.2526851859375 0.32 0.2526851859375 0.32 0.3008333328125 0.3571875 0.3008333328125
1 0.3132291671875 0.3048148140625 0.3132291671875 0.2626851859375 0.27598958281249997 0.2626851859375 0.27598958281249997 0.3048148140625 0.3132291671875 0.3048148140625
1 0.379375 0.451203703125 0.379375 0.4204629625 0.32677083281249997 0.4204629625 0.32677083281249997 0.451203703125 0.379375 0.451203703125