1 0.8180208328124999 0.8574999999999999 0.8180208328124999 0.7508333328125001 0.6847395828125 0.7508333328125001 0.6847395828125 0.8574999999999999 0.8180208328124999 0.8574999999999999
1 0.6948958328125 0.7799074078125 0.6948958328125 0.7009259265625001 0.6574479171875 0.7009259265625001 0.6574479171875 0.7799074078125 0.6948958328125 0.7799074078125
1 0.63171875 0.678796296875 0.63171875 0.73555555625 0.6574479171875 0.73555555625 0.6574479171875 0.678796296875 0.63171875 0.678796296875
1 0.6083333328125 0.6565740734375 0.6083333328125 0.709259259375 0.63171875 0.709259259375 0.63171875 0.6565740734375 0.6083333328125 0.6565740734375
1 0.9181250000000001 0.9998148140625001 0.9181250000000001 0.8800925921875 0.7982812499999999 0.8800925921875 0.7982812499999999 0.9998148140625001 0.9181250000000001 0.9998148140625001
1 0.4201041671875 0.36305555625 0.4201041671875 0.3228703703125 0.34296875 0.3228703703125 0.34296875 0.36305555625 0.4201041671875 0.36305555625
1 0.4175 0.09351851875 0.4175 0.0678703703125 0.34171874999999996 0.0678703703125 0.34171874999999996 0.09351851875 0.4175 0.09351851875
1 0.5368229171875 0.002777778125 0.5368229171875 0.0284259265625 0.6017708328125 0.0284259265625 0.6017708328125 0.002777778125 0.5368229171875 0.002777778125
1 0.9341145828125 0.2338888890625 0.9341145828125 0.11416666718749999 0.676875 0.11416666718749999 0.676875 0.2338888890625 0.9341145828125 0.2338888890625
1 0.8330729171875 0.313703703125 0.8330729171875 0.23722222187500003 0.6235416671875 0.23722222187500003 0.6235416671875 0.313703703125 0.8330729171875 0.313703703125
0 0.5403125 0.293703703125 0.5403125 0.636296296875 0.6272916671875 0.636296296875 0.6272916671875 0.293703703125 0.5403125 0.293703703125