0 0.0063281249999999995 0.0655208328125 0.0063281249999999995 0.728125 0.181484375 0.728125 0.181484375 0.0655208328125 0.0063281249999999995 0.0655208328125
1 0.6424218749999999 0.1473958328125 0.6424218749999999 0.031666667187500004 0.39703125 0.031666667187500004 0.39703125 0.1473958328125 0.6424218749999999 0.1473958328125
1 0.9672656249999999 0.1876041671875 0.9672656249999999 0.1003125 0.7084374999999999 0.1003125 0.7084374999999999 0.1876041671875 0.9672656249999999 0.1876041671875
1 0.8290625 0.1280208328125 0.8290625 0.23614583281249998 0.9994531249999999 0.23614583281249998 0.9994531249999999 0.1280208328125 0.8290625 0.1280208328125
1 0.7583593750000001 0.6505208328125 0.7583593750000001 0.5215625 0.50890625 0.5215625 0.50890625 0.6505208328125 0.7583593750000001 0.6505208328125
1 0.55984375 0.6380208328125 0.55984375 0.5008333328125001 0.297890625 0.5008333328125001 0.297890625 0.6380208328125 0.55984375 0.6380208328125
1 0.40914062500000004 0.3234375 0.40914062500000004 0.26937500000000003 0.32492187499999997 0.26937500000000003 0.32492187499999997 0.3234375 0.40914062500000004 0.3234375
1 0.500625 0.2763541671875 0.500625 0.2126041671875 0.3509375 0.2126041671875 0.3509375 0.2763541671875 0.500625 0.2763541671875
1 0.6637500000000001 0.2707291671875 0.6637500000000001 0.2208333328125 0.540078125 0.2208333328125 0.540078125 0.2707291671875 0.6637500000000001 0.2707291671875
1 0.522421875 0.21812499999999999 0.522421875 0.24583333281250003 0.6637500000000001 0.24583333281250003 0.6637500000000001 0.21812499999999999 0.522421875 0.21812499999999999
1 0.506796875 0.3095833328125 0.506796875 0.27770833281249996 0.44859375 0.27770833281249996 0.44859375 0.3095833328125 0.506796875 0.3095833328125
1 0.651328125 0.320625 0.651328125 0.2790625 0.582734375 0.2790625 0.582734375 0.320625 0.651328125 0.320625
1 0.99765625 0.8724999999999999 0.99765625 0.7934375 0.9311718750000001 0.7934375 0.9311718750000001 0.8724999999999999 0.99765625 0.8724999999999999
1 0.888046875 0.6378125 0.888046875 0.5515625 0.7533593749999999 0.5515625 0.7533593749999999 0.6378125 0.888046875 0.6378125
1 0.9922656249999999 0.6042708328125 0.9922656249999999 0.5180208328125 0.8467968750000001 0.5180208328125 0.8467968750000001 0.6042708328125 0.9922656249999999 0.6042708328125
1 0.33515625 0.3010416671875 0.33515625 0.25947916718749997 0.246015625 0.25947916718749997 0.246015625 0.3010416671875 0.33515625 0.3010416671875
1 0.35078125 0.169375 0.35078125 0.0678125 0.21390625000000002 0.0678125 0.21390625000000002 0.169375 0.35078125 0.169375
1 0.996328125 0.290625 0.996328125 0.2525 0.9400000000000001 0.2525 0.9400000000000001 0.290625 0.996328125 0.290625