1 0.6284375 0.0096875 0.6284375 0.0902083328125 0.990546875 0.0902083328125 0.990546875 0.0096875 0.6284375 0.0096875
1 0.9840625 0.25114583281249997 0.9840625 0.0585416671875 0.6349218750000001 0.0585416671875 0.6349218750000001 0.25114583281249997 0.9840625 0.25114583281249997
1 0.99484375 0.4407291671875 0.99484375 0.1820833328125 0.6370312499999999 0.1820833328125 0.6370312499999999 0.4407291671875 0.99484375 0.4407291671875
1 0.9840625 0.564375 0.9840625 0.38333333281250004 0.6521874999999999 0.38333333281250004 0.6521874999999999 0.564375 0.9840625 0.564375
1 0.990546875 0.7338541671875001 0.990546875 0.5297916671875 0.6392187500000001 0.5297916671875 0.6392187500000001 0.7338541671875001 0.990546875 0.7338541671875001
1 0.990546875 0.9292708328125 0.990546875 0.7080208328125 0.6370312499999999 0.7080208328125 0.6370312499999999 0.9292708328125 0.990546875 0.9292708328125
1 0.99484375 0.9925 0.99484375 0.8516666671875001 0.667265625 0.8516666671875001 0.667265625 0.9925 0.99484375 0.9925
1 0.68234375 0.9895833328125001 0.68234375 0.8315625000000001 0.018515625 0.8315625000000001 0.018515625 0.9895833328125001 0.68234375 0.9895833328125001
1 0.6693749999999999 0.8861458328125 0.6693749999999999 0.6907291671875 0.00125 0.6907291671875 0.00125 0.8861458328125 0.6693749999999999 0.8861458328125
1 0.00125 0.5528125 0.00125 0.7051041671875 0.6521874999999999 0.7051041671875 0.6521874999999999 0.5528125 0.00125 0.5528125
1 0.007734375 0.4178125 0.007734375 0.6073958328125 0.6715625000000001 0.6073958328125 0.6715625000000001 0.4178125 0.007734375 0.4178125
1 0.007734375 0.2166666671875 0.007734375 0.42062499999999997 0.643515625 0.42062499999999997 0.643515625 0.2166666671875 0.007734375 0.2166666671875
1 0.007734375 0.10166666718749999 0.007734375 0.256875 0.656484375 0.256875 0.656484375 0.10166666718749999 0.007734375 0.10166666718749999
1 0.00125 0.0096875 0.00125 0.1275 0.621953125 0.1275 0.621953125 0.0096875 0.00125 0.0096875