1 0.83984375 0.5872916671875 0.83984375 0.5388541671875 0.746328125 0.5388541671875 0.746328125 0.5872916671875 0.83984375 0.5872916671875
1 0.969765625 0.6066666671875 0.969765625 0.5346875 0.8315625000000001 0.5346875 0.8315625000000001 0.6066666671875 0.969765625 0.6066666671875
1 0.761953125 0.5747916671875 0.761953125 0.5083333328124999 0.6507031249999999 0.5083333328124999 0.6507031249999999 0.5747916671875 0.761953125 0.5747916671875
1 0.658984375 0.5595833328125 0.658984375 0.5028125 0.578984375 0.5028125 0.578984375 0.5595833328125 0.658984375 0.5595833328125
1 0.53953125 0.5013541671875 0.53953125 0.5540625 0.578984375 0.5540625 0.578984375 0.5013541671875 0.53953125 0.5013541671875
1 0.902109375 0.2010416671875 0.902109375 0.1252083328125 0.7375 0.1252083328125 0.7375 0.2010416671875 0.902109375 0.2010416671875
1 0.6521874999999999 0.7238541671875 0.6521874999999999 0.608125 0.412734375 0.608125 0.412734375 0.7238541671875 0.6521874999999999 0.7238541671875
1 0.41875 0.7857291671875 0.41875 0.6539583328125 0.0625 0.6539583328125 0.0625 0.7857291671875 0.41875 0.7857291671875
1 0.28250000000000003 0.721875 0.28250000000000003 0.6160416671875 0.025078125 0.6160416671875 0.025078125 0.721875 0.28250000000000003 0.721875
1 0.037109375 0.6839583328125001 0.037109375 0.6101041671874999 0.001171875 0.6101041671874999 0.001171875 0.6839583328125001 0.037109375 0.6839583328125001
1 0.401015625 0.1398958328125 0.401015625 0.0013541671875 0.003984375 0.0013541671875 0.003984375 0.1398958328125 0.401015625 0.1398958328125
1 0.055937499999999994 0.0013541671875 0.055937499999999994 0.07062500000000001 0.41765625 0.07062500000000001 0.41765625 0.0013541671875 0.055937499999999994 0.0013541671875
1 0.1296875 0.2203125 0.1296875 0.1510416671875 0.001875 0.1510416671875 0.001875 0.2203125 0.1296875 0.2203125
1 0.26484375 0.23552083281249997 0.26484375 0.146875 0.10890625000000001 0.146875 0.10890625000000001 0.23552083281249997 0.26484375 0.23552083281249997
1 0.390625 0.0013541671875 0.390625 0.1233333328125 0.5756249999999999 0.1233333328125 0.5756249999999999 0.0013541671875 0.390625 0.0013541671875
1 0.684765625 0.2328125 0.684765625 0.1911458328125 0.58390625 0.1911458328125 0.58390625 0.2328125 0.684765625 0.2328125
1 0.371953125 0.286875 0.371953125 0.24666666718750002 0.304453125 0.24666666718750002 0.304453125 0.286875 0.371953125 0.286875
1 0.9390625 0.2786458328125 0.9390625 0.2420833328125 0.8589062500000001 0.2420833328125 0.8589062500000001 0.2786458328125 0.9390625 0.2786458328125
1 0.86109375 0.2872916671875 0.86109375 0.26125 0.7990625 0.26125 0.7990625 0.2872916671875 0.86109375 0.2872916671875
1 0.788203125 0.296875 0.788203125 0.2632291671875 0.694375 0.2632291671875 0.694375 0.296875 0.788203125 0.296875
1 0.6359375 0.3075 0.6359375 0.2882291671875 0.5709375 0.2882291671875 0.5709375 0.3075 0.6359375 0.3075
1 0.5760156249999999 0.3142708328125 0.5760156249999999 0.28531249999999997 0.5435156250000001 0.28531249999999997 0.5435156250000001 0.3142708328125 0.5760156249999999 0.3142708328125
1 0.545 0.3161458328125 0.545 0.2920833328125 0.490078125 0.2920833328125 0.490078125 0.3161458328125 0.545 0.3161458328125