0 0.33630208281249996 0.4126851859375 0.33630208281249996 0.7009259265625001 0.4602604171875 0.7009259265625001 0.4602604171875 0.4126851859375 0.33630208281249996 0.4126851859375
0 0.3947395828125 0.43351851874999997 0.3947395828125 0.612222221875 0.4641666671875 0.612222221875 0.4641666671875 0.43351851874999997 0.3947395828125 0.43351851874999997
0 0.4692708328125 0.47277777812500005 0.4692708328125 0.5641666671875 0.49770833281250004 0.5641666671875 0.49770833281250004 0.47277777812500005 0.4692708328125 0.47277777812500005
1 0.4769270828125 0.4623148140625 0.4769270828125 0.47990740781249996 0.5021875 0.47990740781249996 0.5021875 0.4623148140625 0.4769270828125 0.4623148140625
1 0.5599479171875 0.47592592656250005 0.5599479171875 0.46074074062500003 0.5378645828125 0.46074074062500003 0.5378645828125 0.47592592656250005 0.5599479171875 0.47592592656250005
0 0.3717708328125 0.9906481484375 0.3717708328125 0.4015740734375 0.0325 0.4015740734375 0.0325 0.9906481484375 0.3717708328125 0.9906481484375
1 0.7525520828125 0.08824074062500001 0.7525520828125 0.016203703125 0.63953125 0.016203703125 0.63953125 0.08824074062500001 0.7525520828125 0.08824074062500001
1 0.3116145828125 0.1386111109375 0.3116145828125 0.0416666671875 0.2243229171875 0.0416666671875 0.2243229171875 0.1386111109375 0.3116145828125 0.1386111109375
1 0.1588020828125 0.051296296875 0.1588020828125 0.14416666718749999 0.25859375 0.14416666718749999 0.25859375 0.051296296875 0.1588020828125 0.051296296875
1 0.0822395828125 0.41305555624999996 0.0822395828125 0.37148148124999997 0.0058333328125 0.37148148124999997 0.0058333328125 0.41305555624999996 0.0822395828125 0.41305555624999996
1 0.1516145828125 0.41166666718749995 0.1516145828125 0.356203703125 0.0838020828125 0.356203703125 0.0838020828125 0.41166666718749995 0.1516145828125 0.41166666718749995
1 0.26697916718750003 0.41027777812500005 0.26697916718750003 0.3659259265625 0.1484895828125 0.3659259265625 0.1484895828125 0.41027777812500005 0.26697916718750003 0.41027777812500005
1 0.4096354171875 0.27305555625 0.4096354171875 0.2203703703125 0.34651041718750003 0.2203703703125 0.34651041718750003 0.27305555625 0.4096354171875 0.27305555625
1 0.32937500000000003 0.11231481406249999 0.37236350625000003 0.11231481406249999 0.3728041078125 0.1066916796875 0.3749755625 0.109253115625 0.3750502875 0.11231481406249999 0.37714701875 0.1118145515625 0.3793184734375 0.1143759875 0.38042385 0.11231481406249999 0.3831106328125 0.11231481406249999 0.3814899296875 0.1169374234375 0.5486919921875 0.3141679828125 0.6917187499999999 0.5959259265625 0.6917187499999999 0.652777778125 0.7875520828125 0.652777778125 0.7875520828125 0.5959259265625 0.5508634484375 0.31672941875 0.40729166718750004 0.11231481406249999 0.40729166718750004 0.055462962500000004 0.33206178125 0.055462962500000004 0.3315464546875 0.0580243984375 0.32937500000000003 0.055462962500000004 0.32937500000000003 0.11231481406249999
1 0.8655208328124999 0.3686111109375 0.8655208328124999 0.29240740781249996 0.7478125 0.29240740781249996 0.7478125 0.3686111109375 0.8655208328124999 0.3686111109375
1 0.9356770828125001 0.3395370375 0.9356770828125001 0.27305555625 0.8670833328124999 0.27305555625 0.8670833328124999 0.3395370375 0.9356770828125001 0.3395370375
1 0.9995833328125 0.32842592656249997 0.9995833328125 0.2786111109375 0.9302083328125 0.2786111109375 0.9302083328125 0.32842592656249997 0.9995833328125 0.32842592656249997