1 0.39382812500000003 0.365625 0.39382812500000003 0.2859375 0.11492187499999999 0.2859375 0.11492187499999999 0.365625 0.39382812500000003 0.365625
1 0.1253125 0.364375 0.1253125 0.3055208328125 0.092421875 0.3055208328125 0.092421875 0.364375 0.1253125 0.364375
1 0.095859375 0.3725 0.095859375 0.32166666718750003 0.06984375000000001 0.32166666718750003 0.06984375000000001 0.3725 0.095859375 0.3725
1 0.071640625 0.3759375 0.071640625 0.3252083328125 0.049062499999999995 0.3252083328125 0.049062499999999995 0.3759375 0.071640625 0.3759375
1 0.052578124999999996 0.380625 0.052578124999999996 0.3332291671875 0.031796875 0.3332291671875 0.031796875 0.380625 0.052578124999999996 0.380625
1 0.18078125 0.22125 0.18078125 0.1611458328125 0.021406249999999998 0.1611458328125 0.021406249999999998 0.22125 0.18078125 0.22125
1 0.177265625 0.2396875 0.177265625 0.1796875 0.017890625 0.1796875 0.017890625 0.2396875 0.177265625 0.2396875
1 0.401875 0.1291666671875 0.401875 0.0110416671875 0.11875 0.0110416671875 0.11875 0.1291666671875 0.401875 0.1291666671875
1 0.383125 0.14906250000000001 0.383125 0.0542708328125 0.0875 0.0542708328125 0.0875 0.14906250000000001 0.383125 0.14906250000000001
1 0.2653125 0.6946875 0.2653125 0.63375 0.11773437499999999 0.63375 0.11773437499999999 0.6946875 0.2653125 0.6946875
1 0.132265625 0.6711458328125001 0.132265625 0.589375 0.10320312499999999 0.589375 0.10320312499999999 0.6711458328125001 0.132265625 0.6711458328125001
1 0.10421875 0.628125 0.10421875 0.5741666671875 0.066796875 0.5741666671875 0.066796875 0.628125 0.10421875 0.628125
1 0.069921875 0.6142708328125 0.069921875 0.5603125 0.05125 0.5603125 0.05125 0.6142708328125 0.069921875 0.6142708328125
1 0.052265625 0.6018749999999999 0.052265625 0.5546875 0.029375000000000002 0.5546875 0.029375000000000002 0.6018749999999999 0.052265625 0.6018749999999999