1 0.9510937500000001 0.1854166671875 0.9510937500000001 0.1271875 0.8305468749999999 0.1271875 0.8305468749999999 0.1854166671875 0.9510937500000001 0.1854166671875
1 0.8211718749999999 0.2144791671875 0.8211718749999999 0.1480208328125 0.72140625 0.1480208328125 0.72140625 0.2144791671875 0.8211718749999999 0.2144791671875
1 0.709921875 0.23395833281249998 0.709921875 0.1979166671875 0.589375 0.1979166671875 0.589375 0.23395833281249998 0.709921875 0.23395833281249998
1 0.578984375 0.24635416718749997 0.578984375 0.2144791671875 0.53015625 0.2144791671875 0.53015625 0.24635416718749997 0.578984375 0.24635416718749997
1 0.531171875 0.25052083281250004 0.531171875 0.2242708328125 0.47296875 0.2242708328125 0.47296875 0.25052083281250004 0.531171875 0.25052083281250004
1 0.0421875 0 0.0421875 0.0969791671875 0.338515625 0.0969791671875 0.338515625 0 0.0421875 0
1 0.396171875 0.0057291671875 0.396171875 0.07177083281249999 0.779765625 0.07177083281249999 0.779765625 0.0057291671875 0.396171875 0.0057291671875
1 0.21554687499999997 0.1863541671875 0.21554687499999997 0.0733333328125 0.0035937499999999997 0.0733333328125 0.0035937499999999997 0.1863541671875 0.21554687499999997 0.1863541671875
1 0.3825 0.2870833328125 0.3825 0.2630208328125 0.3421875 0.2630208328125 0.3421875 0.2870833328125 0.3825 0.2870833328125
1 0.33078124999999997 0.2966666671875 0.33078124999999997 0.2702083328125 0.29226562500000003 0.2702083328125 0.29226562500000003 0.2966666671875 0.33078124999999997 0.2966666671875
1 0.23875000000000002 0.3151041671875 0.23875000000000002 0.2958333328125 0.188203125 0.2958333328125 0.188203125 0.3151041671875 0.23875000000000002 0.3151041671875
1 0.325390625 0.3022916671875 0.325390625 0.32156250000000003 0.3759375 0.32156250000000003 0.3759375 0.3022916671875 0.325390625 0.3022916671875
1 0.1234375 0.6368750000000001 0.1234375 0.5598958328125 0.00015625 0.5598958328125 0.00015625 0.6368750000000001 0.1234375 0.6368750000000001
1 0.15046874999999998 0.6577083328125 0.15046874999999998 0.5847916671875 0.020546875 0.5847916671875 0.020546875 0.6577083328125 0.15046874999999998 0.6577083328125
1 0.15109375 0.7251041671875 0.15109375 0.6176041671875 0.056640625 0.6176041671875 0.056640625 0.7251041671875 0.15109375 0.7251041671875
1 0.161796875 0.7863541671875 0.161796875 0.6605208328125001 0.09765625 0.6605208328125001 0.09765625 0.7863541671875 0.161796875 0.7863541671875
1 0.26742187500000003 0.8637499999999999 0.26742187500000003 0.704375 0.15484375 0.704375 0.15484375 0.8637499999999999 0.26742187500000003 0.8637499999999999
1 0.8140625 0.9976041671875 0.8140625 0.7261458328125 0.2453125 0.7261458328125 0.2453125 0.9976041671875 0.8140625 0.9976041671875
1 0.83203125 0.7521875 0.83203125 0.6384375 0.6853906249999999 0.6384375 0.6853906249999999 0.7521875 0.83203125 0.7521875