1 0.856171875 0.9967708328124999 0.856171875 0.8865624999999999 0.583125 0.8865624999999999 0.583125 0.9967708328124999 0.856171875 0.9967708328124999
1 0.628046875 0.9871874999999999 0.628046875 0.7932291671875 0.41968750000000005 0.7932291671875 0.41968750000000005 0.9871874999999999 0.628046875 0.9871874999999999
1 0.28140624999999997 0.7117708328125001 0.28140624999999997 0.8698958328125 0.46281249999999996 0.8698958328125 0.46281249999999996 0.7117708328125001 0.28140624999999997 0.7117708328125001
1 0.285546875 0.7652083328125 0.285546875 0.6585416671875 0.19718750000000002 0.6585416671875 0.19718750000000002 0.7652083328125 0.285546875 0.7652083328125
1 0.21796875 0.6972916671875 0.21796875 0.603125 0.154609375 0.603125 0.154609375 0.6972916671875 0.21796875 0.6972916671875
1 0.09640625 0.6003125 0.09640625 0.6627083328125 0.154609375 0.6627083328125 0.154609375 0.6003125 0.09640625 0.6003125
1 0.10882812500000001 0.5642708328125 0.10882812500000001 0.5157291671875 0.008046875 0.5157291671875 0.008046875 0.5642708328125 0.10882812500000001 0.5642708328125
1 0.38406250000000003 0.1535416671875 0.38406250000000003 0.0471875 0.0884375 0.0471875 0.0884375 0.1535416671875 0.38406250000000003 0.1535416671875
1 0.46140625 0.1485416671875 0.46140625 0.0022916671874999997 0.12335937500000001 0.0022916671874999997 0.12335937500000001 0.1485416671875 0.46140625 0.1485416671875
1 0.16953125 0.0071874999999999994 0.16953125 0.0620833328125 0.44390625000000006 0.0620833328125 0.44390625000000006 0.0071874999999999994 0.16953125 0.0071874999999999994
1 0.0884375 0.08875 0.0884375 0.0171875 0.03484375 0.0171875 0.03484375 0.08875 0.0884375 0.08875
1 0.052265625 0.0022916671874999997 0.052265625 0.0338541671875 0.1084375 0.0338541671875 0.1084375 0.0022916671874999997 0.052265625 0.0022916671874999997
1 0.14835937500000002 0.2351041671875 0.14835937500000002 0.16854166718750002 0.002421875 0.16854166718750002 0.002421875 0.2351041671875 0.14835937500000002 0.2351041671875