1 0.51265625 0.9878125000000001 0.51265625 0.7363541671875 0.21179687500000002 0.7363541671875 0.21179687500000002 0.9878125000000001 0.51265625 0.9878125000000001
1 0.48421875 0.9978125 0.48421875 0.8780208328124999 0.328515625 0.8780208328124999 0.328515625 0.9978125 0.48421875 0.9978125
1 0.38640625 0.8428125 0.38640625 0.698125 0.134453125 0.698125 0.134453125 0.8428125 0.38640625 0.8428125
1 0.085859375 0.6632291671874999 0.085859375 0.77125 0.14945312500000002 0.77125 0.14945312500000002 0.6632291671874999 0.085859375 0.6632291671874999
1 0.145078125 0.6594791671875 0.145078125 0.5784374999999999 0.059687500000000004 0.5784374999999999 0.059687500000000004 0.6594791671875 0.145078125 0.6594791671875
1 0.090390625 0.7091666671875 0.090390625 0.6185416671875 0.054921874999999995 0.6185416671875 0.054921874999999995 0.7091666671875 0.090390625 0.7091666671875
1 0.01578125 0.5936458328125 0.01578125 0.6570833328125001 0.054296875 0.6570833328125001 0.054296875 0.5936458328125 0.01578125 0.5936458328125
1 0.069921875 0.6241666671874999 0.069921875 0.5608333328125 0.02484375 0.5608333328125 0.02484375 0.6241666671874999 0.069921875 0.6241666671874999
1 0.001953125 0.5623958328125 0.001953125 0.6185416671875 0.019375 0.6185416671875 0.019375 0.5623958328125 0.001953125 0.5623958328125
1 0.35890625 0.11614583281249999 0.35890625 0.0063541671875 0.040859374999999996 0.0063541671875 0.040859374999999996 0.11614583281249999 0.35890625 0.11614583281249999
1 0.038359375 0.0046875 0.038359375 0.0595833328125 0.340234375 0.0595833328125 0.340234375 0.0046875 0.038359375 0.0046875
1 0.039609375 0.08125 0.039609375 0.0396875 0.0059375 0.0396875 0.0059375 0.08125 0.039609375 0.08125
1 0.269140625 0.1660416671875 0.269140625 0.0679166671875 0.0159375 0.0679166671875 0.0159375 0.1660416671875 0.269140625 0.1660416671875
1 0.605859375 0.1660416671875 0.605859375 0.0430208328125 0.451171875 0.0430208328125 0.451171875 0.1660416671875 0.605859375 0.1660416671875
1 0.44749999999999995 0.0030208328124999998 0.44749999999999995 0.08125 0.5696875 0.08125 0.5696875 0.0030208328124999998 0.44749999999999995 0.0030208328124999998
1 0.458671875 0.11114583281249998 0.458671875 0.0230208328125 0.36015625 0.0230208328125 0.36015625 0.11114583281249998 0.458671875 0.11114583281249998
1 0.45367187500000006 0.15270833281250001 0.45367187500000006 0.07958333281249999 0.382578125 0.07958333281249999 0.382578125 0.15270833281250001 0.45367187500000006 0.15270833281250001
1 0.39382812500000003 0.1942708328125 0.39382812500000003 0.11281250000000001 0.318984375 0.11281250000000001 0.318984375 0.1942708328125 0.39382812500000003 0.1942708328125
1 0.42874999999999996 0.2192708328125 0.42874999999999996 0.1460416671875 0.272890625 0.1460416671875 0.272890625 0.2192708328125 0.42874999999999996 0.2192708328125
1 0.380078125 0.2525 0.380078125 0.1926041671875 0.20546875 0.1926041671875 0.20546875 0.2525 0.380078125 0.2525
1 0.198046875 0.159375 0.198046875 0.2026041671875 0.35640625 0.2026041671875 0.35640625 0.159375 0.198046875 0.159375
1 0.126953125 0.2541666671875 0.126953125 0.1942708328125 0.0034375000000000005 0.1942708328125 0.0034375000000000005 0.2541666671875 0.126953125 0.2541666671875