0 0.3821875 0.011875 0.3821875 0.620625 0.584765625 0.620625 0.584765625 0.011875 0.3821875 0.011875
1 0.43609375000000006 0.15137499999999998 0.43609375000000006 0.18812500000000001 0.469921875 0.18812500000000001 0.469921875 0.15137499999999998 0.43609375000000006 0.15137499999999998
1 0.43984375 0.135375 0.43984375 0.15812500000000002 0.4703125 0.15812500000000002 0.4703125 0.135375 0.43984375 0.135375
1 0.467421875 0.140125 0.467421875 0.11599999999999999 0.43734375 0.11599999999999999 0.43734375 0.140125 0.467421875 0.140125
1 0.421875 0.083875 0.421875 0.12337499999999998 0.47203125 0.12337499999999998 0.47203125 0.083875 0.421875 0.083875
1 0.47953124999999996 0.10600000000000001 0.47953124999999996 0.06525 0.42523437499999994 0.06525 0.42523437499999994 0.10600000000000001 0.47953124999999996 0.10600000000000001
1 0.428125 0.02975 0.428125 0.0705 0.47328125 0.0705 0.47328125 0.02975 0.428125 0.02975
1 0.429375 0.002375 0.429375 0.033125 0.47453124999999996 0.033125 0.47453124999999996 0.002375 0.429375 0.002375
1 0.520859375 0.0225 0.520859375 0.0043749999999999995 0.4875 0.0043749999999999995 0.4875 0.0225 0.520859375 0.0225
1 0.498359375 0.09525 0.498359375 0.134 0.542578125 0.134 0.542578125 0.09525 0.498359375 0.09525
1 0.507109375 0.088625 0.507109375 0.11862500000000001 0.5409375 0.11862500000000001 0.5409375 0.088625 0.507109375 0.088625
1 0.47328125 0.127375 0.47328125 0.1615 0.51046875 0.1615 0.51046875 0.127375 0.47328125 0.127375
1 0.51296875 0.1855 0.51296875 0.15475 0.474921875 0.15475 0.474921875 0.1855 0.51296875 0.1855
1 0.46781249999999996 0.16875 0.46781249999999996 0.20625 0.5083593750000001 0.20625 0.5083593750000001 0.16875 0.46781249999999996 0.16875
1 0.51796875 0.122 0.51796875 0.083875 0.476171875 0.083875 0.476171875 0.122 0.51796875 0.122
1 0.47203125 0.047125 0.47203125 0.092 0.51375 0.092 0.51375 0.047125 0.47203125 0.047125
1 0.51796875 0.005124999999999999 0.51796875 0.0305 0.540546875 0.0305 0.540546875 0.005124999999999999 0.51796875 0.005124999999999999
1 0.52046875 0.00375 0.52046875 0.00975 0.543046875 0.00975 0.543046875 0.00375 0.52046875 0.00375
1 0.548046875 0.002375 0.548046875 0.01575 0.5701562499999999 0.01575 0.5701562499999999 0.002375 0.548046875 0.002375
1 0.571015625 0.039125 0.571015625 0.009125 0.542578125 0.009125 0.542578125 0.039125 0.571015625 0.039125
1 0.543046875 0.027750000000000004 0.543046875 0.051875000000000004 0.5697656249999999 0.051875000000000004 0.5697656249999999 0.027750000000000004 0.543046875 0.027750000000000004
1 0.56640625 0.011125 0.56640625 0.034499999999999996 0.5973437500000001 0.034499999999999996 0.5973437500000001 0.011125 0.56640625 0.011125
1 0.59609375 0.061250000000000006 0.59609375 0.03175 0.5701562499999999 0.03175 0.5701562499999999 0.061250000000000006 0.59609375 0.061250000000000006
1 0.57265625 0.0445 0.57265625 0.07325000000000001 0.593984375 0.07325000000000001 0.593984375 0.0445 0.57265625 0.0445
1 0.597734375 0.092 0.597734375 0.06725 0.5697656249999999 0.06725 0.5697656249999999 0.092 0.597734375 0.092
1 0.573125 0.081875 0.573125 0.10800000000000001 0.5935937499999999 0.10800000000000001 0.5935937499999999 0.081875 0.573125 0.081875
1 0.591875 0.12675 0.591875 0.09525 0.570546875 0.09525 0.570546875 0.12675 0.591875 0.12675
1 0.573125 0.12062500000000001 0.573125 0.14275 0.5914843750000001 0.14275 0.5914843750000001 0.12062500000000001 0.573125 0.12062500000000001
1 0.593125 0.154125 0.593125 0.13274999999999998 0.57140625 0.13274999999999998 0.57140625 0.154125 0.593125 0.154125
1 0.590625 0.1755 0.590625 0.14937499999999998 0.566015625 0.14937499999999998 0.566015625 0.1755 0.590625 0.1755
1 0.5647656249999999 0.16012500000000002 0.5647656249999999 0.1855 0.591875 0.1855 0.591875 0.16012500000000002 0.5647656249999999 0.16012500000000002
1 0.5923437500000001 0.204875 0.5923437500000001 0.182875 0.56640625 0.182875 0.56640625 0.204875 0.5923437500000001 0.204875
1 0.565546875 0.20024999999999998 0.565546875 0.22225 0.590625 0.22225 0.590625 0.20024999999999998 0.565546875 0.20024999999999998
1 0.5914843750000001 0.24025 0.5914843750000001 0.217625 0.570546875 0.217625 0.570546875 0.24025 0.5914843750000001 0.24025
1 0.6185937499999999 0.244375 0.6185937499999999 0.225 0.5914843750000001 0.225 0.5914843750000001 0.244375 0.6185937499999999 0.244375
1 0.590625 0.209625 0.590625 0.231 0.614453125 0.231 0.614453125 0.209625 0.590625 0.209625
1 0.591875 0.19424999999999998 0.591875 0.215625 0.6135937499999999 0.215625 0.6135937499999999 0.19424999999999998 0.591875 0.19424999999999998
1 0.592734375 0.1775 0.592734375 0.2015 0.6140625 0.2015 0.6140625 0.1775 0.592734375 0.1775
1 0.6165625 0.154125 0.6165625 0.13 0.593125 0.13 0.593125 0.154125 0.6165625 0.154125
1 0.589765625 0.156125 0.589765625 0.1795 0.6165625 0.1795 0.6165625 0.156125 0.589765625 0.156125
1 0.6153125 0.1675 0.6153125 0.144125 0.5914843750000001 0.144125 0.5914843750000001 0.1675 0.6153125 0.1675
1 0.593125 0.10600000000000001 0.593125 0.141375 0.6153125 0.141375 0.6153125 0.10600000000000001 0.593125 0.10600000000000001
1 0.613203125 0.12475 0.613203125 0.094625 0.593984375 0.094625 0.593984375 0.12475 0.613203125 0.12475
1 0.598125 0.07925 0.598125 0.10800000000000001 0.620703125 0.10800000000000001 0.620703125 0.07925 0.598125 0.07925
1 0.6190625 0.092625 0.6190625 0.06787499999999999 0.596875 0.06787499999999999 0.596875 0.092625 0.6190625 0.092625
1 0.5914843750000001 0.047125 0.5914843750000001 0.07525 0.618203125 0.07525 0.618203125 0.047125 0.5914843750000001 0.047125
1 0.615859375 0.23275 0.615859375 0.25012500000000004 0.636328125 0.25012500000000004 0.636328125 0.23275 0.615859375 0.23275
1 0.616328125 0.22137500000000002 0.616328125 0.238125 0.6334375 0.238125 0.6334375 0.22137500000000002 0.616328125 0.22137500000000002
1 0.6359375 0.196 0.6359375 0.174625 0.61171875 0.174625 0.61171875 0.196 0.6359375 0.196
1 0.61671875 0.20074999999999998 0.61671875 0.22337500000000002 0.6384375 0.22337500000000002 0.6384375 0.20074999999999998 0.61671875 0.20074999999999998
1 0.617109375 0.190625 0.617109375 0.20675 0.637578125 0.20675 0.637578125 0.190625 0.617109375 0.190625
1 0.6388281250000001 0.18 0.6388281250000001 0.158 0.61671875 0.158 0.61671875 0.18 0.6388281250000001 0.18
1 0.6209374999999999 0.14125000000000001 0.6209374999999999 0.166625 0.635546875 0.166625 0.635546875 0.14125000000000001 0.6209374999999999 0.14125000000000001
1 0.637578125 0.15325 0.637578125 0.1325 0.61796875 0.1325 0.61796875 0.15325 0.637578125 0.15325
1 0.61671875 0.105125 0.61671875 0.135875 0.6359375 0.135875 0.6359375 0.105125 0.61671875 0.105125
1 0.6371875 0.119125 0.6371875 0.09775 0.6188281250000001 0.09775 0.6188281250000001 0.119125 0.6371875 0.119125
1 0.617109375 0.084375 0.617109375 0.10175000000000001 0.6384375 0.10175000000000001 0.6384375 0.084375 0.617109375 0.084375
1 0.636328125 0.089125 0.636328125 0.06837499999999999 0.61796875 0.06837499999999999 0.61796875 0.089125 0.636328125 0.089125