1 0.7190624999999999 0.362777778125 0.7190624999999999 0.3170370375 0.63171875 0.3170370375 0.63171875 0.362777778125 0.7190624999999999 0.362777778125
1 0.99453125 0.2549074078125 0.99453125 0.15111111093750001 0.8329166671875001 0.15111111093750001 0.8329166671875001 0.2549074078125 0.99453125 0.2549074078125
1 0.93390625 0.34203703750000003 0.93390625 0.30740740781250003 0.8715624999999999 0.30740740781250003 0.8715624999999999 0.34203703750000003 0.93390625 0.34203703750000003
1 0.8621874999999999 0.346203703125 0.8621874999999999 0.3115740734375 0.7780208328125 0.3115740734375 0.7780208328125 0.346203703125 0.8621874999999999 0.346203703125
1 0.9978125 0.8353703703124999 0.9978125 0.7411111109374999 0.8341145828125001 0.7411111109374999 0.8341145828125001 0.8353703703124999 0.9978125 0.8353703703124999
1 0.2946875 0.6995370375000001 0.2946875 0.6565740734375 0.1988020828125 0.6565740734375 0.1988020828125 0.6995370375000001 0.2946875 0.6995370375000001
1 0.1969791671875 0.7175925921874999 0.1969791671875 0.6656481484375 0.12942708281249998 0.6656481484375 0.12942708281249998 0.7175925921874999 0.1969791671875 0.7175925921874999
1 0.2930729171875 0.439722221875 0.2930729171875 0.41546296250000003 0.2541145828125 0.41546296250000003 0.2541145828125 0.439722221875 0.2930729171875 0.439722221875
1 0.24958333281249998 0.44092592656249996 0.24958333281249998 0.41203703750000004 0.1982291671875 0.41203703750000004 0.1982291671875 0.44092592656249996 0.24958333281249998 0.44092592656249996
1 0.19953125 0.4454629625 0.19953125 0.4258333328125 0.1547395828125 0.4258333328125 0.1547395828125 0.4454629625 0.19953125 0.4454629625
1 0.1586458328125 0.45240740781250005 0.1586458328125 0.42120370312500005 0.1144270828125 0.42120370312500005 0.1144270828125 0.45240740781250005 0.1586458328125 0.45240740781250005
1 0.2301041671875 0.12407407343750002 0.2301041671875 0.051296296875 0.12942708281249998 0.051296296875 0.12942708281249998 0.12407407343750002 0.2301041671875 0.12407407343750002
1 0.15796875 0.0975 0.15796875 0.1829629625 0.23854166718749997 0.1829629625 0.23854166718749997 0.0975 0.15796875 0.0975
0 0.2980729171875 0.4193518515625 0.2980729171875 0.6881481484374999 0.41656250000000006 0.6881481484374999 0.41656250000000006 0.4193518515625 0.2980729171875 0.4193518515625
0 0.3700520828125 0.4440740734375 0.3700520828125 0.6096296296875 0.4290625 0.6096296296875 0.4290625 0.4440740734375 0.3700520828125 0.4440740734375
0 0.40369791718750003 0.44444444375 0.40369791718750003 0.5574074078125 0.4379166671875 0.5574074078125 0.4379166671875 0.44444444375 0.40369791718750003 0.44444444375
1 0.4802604171875 0.5259259265625 0.4802604171875 0.51694444375 0.4678645828125 0.51694444375 0.4678645828125 0.5259259265625 0.4802604171875 0.5259259265625
0 0.43109374999999994 0.4373148140625 0.43109374999999994 0.5348148140625 0.45218749999999996 0.5348148140625 0.45218749999999996 0.4373148140625 0.43109374999999994 0.4373148140625