1 0.9528125 0.800277778125 0.9528125 0.5288888890625 0.644140625 0.5288888890625 0.644140625 0.800277778125 0.9528125 0.800277778125
1 0.997734375 0.93194444375 0.997734375 0.6386111109375 0.827109375 0.6386111109375 0.827109375 0.93194444375 0.997734375 0.93194444375
1 0.9438281249999999 0.1616666671875 0.9438281249999999 0.0838888890625 0.884375 0.0838888890625 0.884375 0.1616666671875 0.9438281249999999 0.1616666671875
1 0.8956250000000001 0.169722221875 0.8956250000000001 0.10986111093749999 0.839453125 0.10986111093749999 0.839453125 0.169722221875 0.8956250000000001 0.169722221875
1 0.76328125 0.2204166671875 0.76328125 0.17305555625 0.702890625 0.17305555625 0.702890625 0.2204166671875 0.76328125 0.2204166671875
1 0.7996875 0.2770833328125 0.7996875 0.2470833328125 0.769765625 0.2470833328125 0.769765625 0.2770833328125 0.7996875 0.2770833328125
1 0.904296875 0.24819444375000002 0.904296875 0.2216666671875 0.87765625 0.2216666671875 0.87765625 0.24819444375000002 0.904296875 0.24819444375000002
1 0.6671875 0.7112499999999999 0.6671875 0.563472221875 0.5326562499999999 0.563472221875 0.5326562499999999 0.7112499999999999 0.6671875 0.7112499999999999
1 0.610625 0.6338888890625001 0.610625 0.5345833328125 0.478125 0.5345833328125 0.478125 0.6338888890625001 0.610625 0.6338888890625001
1 0.428125 0.52194444375 0.428125 0.5900000000000001 0.48335937500000004 0.5900000000000001 0.48335937500000004 0.52194444375 0.428125 0.52194444375
1 0.4459375 0.5683333328125 0.4459375 0.5056944437500001 0.40984375 0.5056944437500001 0.40984375 0.5683333328125 0.4459375 0.5683333328125
1 0.392265625 0.5001388890625 0.392265625 0.54819444375 0.412109375 0.54819444375 0.412109375 0.5001388890625 0.392265625 0.5001388890625
1 0.403984375 0.525 0.403984375 0.48166666718749995 0.373359375 0.48166666718749995 0.373359375 0.525 0.403984375 0.525
1 0.364765625 0.48805555624999997 0.364765625 0.5186111109375 0.37374999999999997 0.5186111109375 0.37374999999999997 0.48805555624999997 0.364765625 0.48805555624999997
1 0.3665625 0.5073611109375 0.3665625 0.47680555625 0.35750000000000004 0.47680555625 0.35750000000000004 0.5073611109375 0.3665625 0.5073611109375
1 0.35390625 0.48402777812500003 0.35390625 0.5041666671875 0.35796875 0.5041666671875 0.35796875 0.48402777812500003 0.35390625 0.48402777812500003
1 0.35617187499999997 0.5001388890625 0.35617187499999997 0.47680555625 0.34445312499999997 0.47680555625 0.34445312499999997 0.5001388890625 0.35617187499999997 0.5001388890625
1 0.472265625 0.20069444375 0.472265625 0.1525 0.354921875 0.1525 0.354921875 0.20069444375 0.472265625 0.20069444375
1 0.58828125 0.10430555625 0.58828125 0.0016666671875 0.412890625 0.0016666671875 0.412890625 0.10430555625 0.58828125 0.10430555625
1 0.7418750000000001 0.0973611109375 0.7418750000000001 0.0072222218749999996 0.5921875 0.0072222218749999996 0.5921875 0.0973611109375 0.7418750000000001 0.0973611109375
1 0.6732812499999999 0.1208333328125 0.6732812499999999 0.08208333281249999 0.550859375 0.08208333281249999 0.550859375 0.1208333328125 0.6732812499999999 0.1208333328125
1 0.6599999999999999 0.1583333328125 0.6599999999999999 0.115277778125 0.530625 0.115277778125 0.530625 0.1583333328125 0.6599999999999999 0.1583333328125
1 0.009765625 0.1161111109375 0.009765625 0.20347222187499997 0.128203125 0.20347222187499997 0.128203125 0.1161111109375 0.009765625 0.1161111109375
1 0.10093749999999999 0.1675 0.10093749999999999 0.05791666718750001 0.005859375 0.05791666718750001 0.005859375 0.1675 0.10093749999999999 0.1675
1 0.08921875 0.0898611109375 0.08921875 0.024722221875 0.054140625 0.024722221875 0.054140625 0.0898611109375 0.08921875 0.0898611109375
1 0.002734375 0.00805555625 0.002734375 0.0773611109375 0.059609375 0.0773611109375 0.059609375 0.00805555625 0.002734375 0.00805555625
1 0.173671875 0.2991666671875 0.173671875 0.238472221875 0.08054687499999999 0.238472221875 0.08054687499999999 0.2991666671875 0.173671875 0.2991666671875
1 0.18453124999999998 0.3116666671875 0.18453124999999998 0.26347222187499997 0.087109375 0.26347222187499997 0.087109375 0.3116666671875 0.18453124999999998 0.3116666671875
1 0.26140625 0.3829166671875 0.26140625 0.35972222187499997 0.22507812500000002 0.35972222187499997 0.22507812500000002 0.3829166671875 0.26140625 0.3829166671875
1 0.28195312499999997 0.2654166671875 0.28195312499999997 0.24805555625000003 0.25921875 0.24805555625000003 0.25921875 0.2654166671875 0.28195312499999997 0.2654166671875
1 0.26570312500000004 0.479027778125 0.26570312500000004 0.4598611109375 0.238671875 0.4598611109375 0.238671875 0.479027778125 0.26570312500000004 0.479027778125
1 0.29281250000000003 0.48 0.29281250000000003 0.45305555625 0.2640625 0.45305555625 0.2640625 0.48 0.29281250000000003 0.48
1 0.171015625 0.562777778125 0.171015625 0.5301388890625 0.125 0.5301388890625 0.125 0.562777778125 0.171015625 0.562777778125
1 0.146640625 0.6198611109375001 0.146640625 0.54680555625 0.10874999999999999 0.54680555625 0.10874999999999999 0.6198611109375001 0.146640625 0.6198611109375001
1 0.13148437500000001 0.6266666671875 0.13148437500000001 0.5698611109375 0.094140625 0.5698611109375 0.094140625 0.6266666671875 0.13148437500000001 0.6266666671875
1 0.1125 0.6631944437499999 0.1125 0.5891666671875 0.055703125 0.5891666671875 0.055703125 0.6631944437499999 0.1125 0.6631944437499999
1 0.10007812499999999 0.6266666671875 0.10007812499999999 0.5650000000000001 0.048125 0.5650000000000001 0.048125 0.6266666671875 0.10007812499999999 0.6266666671875
1 0.063203125 0.7454166671875 0.063203125 0.63680555625 0.0040625 0.63680555625 0.0040625 0.7454166671875 0.063203125 0.7454166671875
1 0.01640625 0.7595833328125 0.01640625 0.698472221875 0.0016406250000000002 0.698472221875 0.0016406250000000002 0.7595833328125 0.01640625 0.7595833328125
1 0.459140625 0.24069444375 0.459140625 0.1966666671875 0.34953124999999996 0.1966666671875 0.34953124999999996 0.24069444375 0.459140625 0.24069444375
1 0.530859375 0.2375 0.530859375 0.20305555625 0.43609375000000006 0.20305555625 0.43609375000000006 0.2375 0.530859375 0.2375
1 0.364609375 0.30430555625 0.364609375 0.2811111109375 0.317734375 0.2811111109375 0.317734375 0.30430555625 0.364609375 0.30430555625