1 0.7359375 0.2394791671875 0.7359375 0.1854166671875 0.58 0.1854166671875 0.58 0.2394791671875 0.7359375 0.2394791671875
1 0.594609375 0.24635416718749997 0.594609375 0.20208333281250002 0.510390625 0.20208333281250002 0.510390625 0.24635416718749997 0.594609375 0.24635416718749997
1 0.6434375 0.37385416718750003 0.6434375 0.3142708328125 0.578984375 0.3142708328125 0.578984375 0.37385416718750003 0.6434375 0.37385416718750003
1 0.523203125 0.3823958328125 0.523203125 0.343125 0.466015625 0.343125 0.466015625 0.3823958328125 0.523203125 0.3823958328125
1 0.48507812499999997 0.275 0.48507812499999997 0.2345833328125 0.388984375 0.2345833328125 0.388984375 0.275 0.48507812499999997 0.275
1 0.400234375 0.28770833281249997 0.400234375 0.2484375 0.34046875 0.2484375 0.34046875 0.28770833281249997 0.400234375 0.28770833281249997
1 0.311015625 0.3015625 0.311015625 0.27156250000000004 0.244296875 0.27156250000000004 0.244296875 0.3015625 0.311015625 0.3015625
1 0.521484375 0.5394791671875 0.521484375 0.4921875 0.454765625 0.4921875 0.454765625 0.5394791671875 0.521484375 0.5394791671875
1 0.337109375 0.8955208328125 0.337109375 0.7192708328124999 0.066484375 0.7192708328124999 0.066484375 0.8955208328125 0.337109375 0.8955208328125
1 0.188671875 0.7858333328125 0.188671875 0.659375 0.0015625 0.659375 0.0015625 0.7858333328125 0.188671875 0.7858333328125
1 0.132578125 0.19708333281249998 0.132578125 0.130625 0.0015625 0.130625 0.0015625 0.19708333281249998 0.132578125 0.19708333281249998
1 0.338359375 0.2054166671875 0.338359375 0.1289583328125 0.14375 0.1289583328125 0.14375 0.2054166671875 0.338359375 0.2054166671875
1 0.24851562500000002 0.0408333328125 0.24851562500000002 0.1738541671875 0.51296875 0.1738541671875 0.51296875 0.0408333328125 0.24851562500000002 0.0408333328125
1 0.71828125 0.0702083328125 0.71828125 0.003125 0.438125 0.003125 0.438125 0.0702083328125 0.71828125 0.0702083328125
1 0.0025781249999999997 0.0022916671874999997 0.0025781249999999997 0.0855208328125 0.318125 0.0855208328125 0.318125 0.0022916671874999997 0.0025781249999999997 0.0022916671874999997