1 0.85625 0.209027778125 0.85625 0.14666666718750002 0.7657812500000001 0.14666666718750002 0.7657812500000001 0.209027778125 0.85625 0.209027778125
1 0.762734375 0.2173611109375 0.762734375 0.16458333281249998 0.7175 0.16458333281249998 0.7175 0.2173611109375 0.762734375 0.2173611109375
1 0.7284375 0.229722221875 0.7284375 0.16875 0.683984375 0.16875 0.683984375 0.229722221875 0.7284375 0.229722221875
1 0.688671875 0.242222221875 0.688671875 0.18819444375 0.65515625 0.18819444375 0.65515625 0.242222221875 0.688671875 0.242222221875
1 0.6434375 0.2658333328125 0.6434375 0.2173611109375 0.595078125 0.2173611109375 0.595078125 0.2658333328125 0.6434375 0.2658333328125
1 0.5982031250000001 0.27555555625 0.5982031250000001 0.229722221875 0.563125 0.229722221875 0.563125 0.27555555625 0.5982031250000001 0.27555555625
1 0.595078125 0.29625 0.595078125 0.25888888906249996 0.531953125 0.25888888906249996 0.531953125 0.29625 0.595078125 0.29625
1 0.651875 0.1804166671875 0.651875 0.07083333281250001 0.47335937499999997 0.07083333281250001 0.47335937499999997 0.1804166671875 0.651875 0.1804166671875
1 0.61390625 0.0845833328125 0.61390625 0.006944443749999999 0.373046875 0.006944443749999999 0.373046875 0.0845833328125 0.61390625 0.0845833328125
1 0.39054687499999996 0.26694444375000004 0.39054687499999996 0.22069444374999997 0.31421875 0.22069444374999997 0.31421875 0.26694444375000004 0.39054687499999996 0.26694444375000004
1 0.52796875 0.63875 0.52796875 0.5251388890625 0.42296875 0.5251388890625 0.42296875 0.63875 0.52796875 0.63875
1 0.719609375 0.67819444375 0.719609375 0.5483333328125 0.47437500000000005 0.5483333328125 0.47437500000000005 0.67819444375 0.719609375 0.67819444375
1 0.8119531249999999 0.8412499999999999 0.8119531249999999 0.570277778125 0.5565625 0.570277778125 0.5565625 0.8412499999999999 0.8119531249999999 0.8412499999999999
1 0.9956250000000001 0.9438888890625 0.9956250000000001 0.7198611109375 0.752421875 0.7198611109375 0.752421875 0.9438888890625 0.9956250000000001 0.9438888890625
1 0.050546875000000005 0.7252777781249999 0.050546875000000005 0.6143055562499999 0.0053124999999999995 0.6143055562499999 0.0053124999999999995 0.7252777781249999 0.050546875000000005 0.7252777781249999
1 0.07625 0.6808333328125 0.07625 0.579722221875 0.029453125000000004 0.579722221875 0.029453125000000004 0.6808333328125 0.07625 0.6808333328125
1 0.107421875 0.6351388890624999 0.107421875 0.560277778125 0.06999999999999999 0.560277778125 0.06999999999999999 0.6351388890624999 0.107421875 0.6351388890624999
1 0.121484375 0.6143055562499999 0.121484375 0.55194444375 0.09421874999999999 0.55194444375 0.09421874999999999 0.6143055562499999 0.121484375 0.6143055562499999
1 0.13703125 0.592222221875 0.13703125 0.53680555625 0.110546875 0.53680555625 0.110546875 0.592222221875 0.13703125 0.592222221875
1 0.06765625 0.3025 0.06765625 0.3648611109375 0.0965625 0.3648611109375 0.0965625 0.3025 0.06765625 0.3025
1 0.027968749999999997 0.2873611109375 0.027968749999999997 0.37875000000000003 0.07625 0.37875000000000003 0.07625 0.2873611109375 0.027968749999999997 0.2873611109375
1 0.00296875 0.2651388890625 0.00296875 0.35111111093749997 0.036484375 0.35111111093749997 0.036484375 0.2651388890625 0.00296875 0.2651388890625
1 0.06687499999999999 0.1708333328125 0.06687499999999999 0.055833332812500004 0.0053124999999999995 0.055833332812500004 0.0053124999999999995 0.1708333328125 0.06687499999999999 0.1708333328125
1 0.105859375 0.2208333328125 0.105859375 0.11541666718750002 0.01390625 0.11541666718750002 0.01390625 0.2208333328125 0.105859375 0.2208333328125
1 0.14750000000000002 0.295972221875 0.14750000000000002 0.22944444375 0.056874999999999995 0.22944444375 0.056874999999999995 0.295972221875 0.14750000000000002 0.295972221875
1 0.11953125 0.3858333328125 0.11953125 0.33125 0.091171875 0.33125 0.091171875 0.3858333328125 0.11953125 0.3858333328125
1 0.11234375 0.33680555624999997 0.11234375 0.38180555625 0.1353125 0.38180555625 0.1353125 0.33680555624999997 0.11234375 0.33680555624999997
1 0.14710937500000001 0.3929166671875 0.14710937500000001 0.35611111093750003 0.13125 0.35611111093750003 0.13125 0.3929166671875 0.14710937500000001 0.3929166671875
1 0.1596875 0.392222221875 0.1596875 0.360972221875 0.144375 0.360972221875 0.144375 0.392222221875 0.1596875 0.392222221875
1 0.1565625 0.37374999999999997 0.1565625 0.4001388890625 0.166484375 0.4001388890625 0.166484375 0.37374999999999997 0.1565625 0.37374999999999997
1 0.181328125 0.327222221875 0.181328125 0.293472221875 0.1353125 0.293472221875 0.1353125 0.327222221875 0.181328125 0.327222221875
1 0.18742187500000002 0.1586111109375 0.18742187500000002 0.12180555625 0.13374999999999998 0.12180555625 0.13374999999999998 0.1586111109375 0.18742187500000002 0.1586111109375
1 0.42843749999999997 0.5851388890625 0.42843749999999997 0.5313888890625 0.40132812500000004 0.5313888890625 0.40132812500000004 0.5851388890625 0.42843749999999997 0.5851388890625
1 0.37960937499999997 0.50819444375 0.37960937499999997 0.5595833328125 0.403125 0.5595833328125 0.403125 0.50819444375 0.37960937499999997 0.50819444375
1 0.361640625 0.500277778125 0.361640625 0.5429166671875 0.386171875 0.5429166671875 0.386171875 0.500277778125 0.361640625 0.500277778125
1 0.353046875 0.49513888906250003 0.353046875 0.535972221875 0.369453125 0.535972221875 0.369453125 0.49513888906250003 0.353046875 0.49513888906250003
0 0.273671875 0.35875 0.273671875 0.464027778125 0.29375 0.464027778125 0.29375 0.35875 0.273671875 0.35875
1 0.9604687500000001 0.20569444374999998 0.9604687500000001 0.09555555624999999 0.848671875 0.09555555624999999 0.848671875 0.20569444374999998 0.9604687500000001 0.20569444374999998
1 0.92265625 0.2575 0.92265625 0.22472222187500002 0.89328125 0.22472222187500002 0.89328125 0.2575 0.92265625 0.2575
1 0.8914843749999999 0.26 0.8914843749999999 0.22138888906249998 0.8571875 0.22138888906249998 0.8571875 0.26 0.8914843749999999 0.26
1 0.860390625 0.2663888890625 0.860390625 0.22625 0.8125781249999999 0.22625 0.8125781249999999 0.2663888890625 0.860390625 0.2663888890625