1 0.9989062499999999 0.2186458328125 0.9989062499999999 0.13135416718749998 0.8803906250000001 0.13135416718749998 0.8803906250000001 0.2186458328125 0.9989062499999999 0.2186458328125
1 0.883515625 0.213125 0.883515625 0.1660416671875 0.7931250000000001 0.1660416671875 0.7931250000000001 0.213125 0.883515625 0.213125
1 0.7171875 0.2519791671875 0.7171875 0.20760416718750002 0.602890625 0.20760416718750002 0.602890625 0.2519791671875 0.7171875 0.2519791671875
1 0.7282031250000001 0.3 0.7282031250000001 0.2638541671875 0.688515625 0.2638541671875 0.688515625 0.3 0.7282031250000001 0.3
1 0.9375 0.2935416671875 0.9375 0.2470833328125 0.8503125 0.2470833328125 0.8503125 0.2935416671875 0.9375 0.2935416671875
1 0.8569531250000001 0.2863541671875 0.8569531250000001 0.2551041671875 0.8057812500000001 0.2551041671875 0.8057812500000001 0.2863541671875 0.8569531250000001 0.2863541671875
1 0.6891406250000001 0.3032291671875 0.6891406250000001 0.2742708328125 0.63796875 0.2742708328125 0.63796875 0.3032291671875 0.6891406250000001 0.3032291671875
1 0.815625 0.1289583328125 0.815625 0.0109375 0.47140624999999997 0.0109375 0.47140624999999997 0.1289583328125 0.815625 0.1289583328125
1 0.22374999999999998 0.23854166718749997 0.22374999999999998 0.1933333328125 0.18984375 0.1933333328125 0.18984375 0.23854166718749997 0.22374999999999998 0.23854166718749997
1 0.191953125 0.2539583328125 0.191953125 0.2086458328125 0.158046875 0.2086458328125 0.158046875 0.2539583328125 0.191953125 0.2539583328125
1 0.22374999999999998 0.2635416671875 0.22374999999999998 0.2240625 0.13929687500000001 0.2240625 0.13929687500000001 0.2635416671875 0.22374999999999998 0.2635416671875
1 0.27335937499999996 0.1848958328125 0.27335937499999996 0.0972916671875 0.014921875000000001 0.0972916671875 0.014921875000000001 0.1848958328125 0.27335937499999996 0.1848958328125
1 0.31953125 0.1588541671875 0.31953125 0.058750000000000004 0.03078125 0.058750000000000004 0.03078125 0.1588541671875 0.31953125 0.1588541671875
1 0.36484375 0.12677083281249998 0.36484375 0.0205208328125 0.055625 0.0205208328125 0.055625 0.12677083281249998 0.36484375 0.12677083281249998
1 0.07640625 0.0042708328125 0.07640625 0.057395832812500006 0.44625000000000004 0.057395832812500006 0.44625000000000004 0.0042708328125 0.07640625 0.0042708328125
1 0.013593749999999998 0.5655208328125 0.013593749999999998 0.6251041671875 0.041015625 0.6251041671875 0.041015625 0.5655208328125 0.013593749999999998 0.5655208328125
1 0.07421875 0.6857291671875 0.07421875 0.5828125 0.036640624999999996 0.5828125 0.036640624999999996 0.6857291671875 0.07421875 0.6857291671875
1 0.12468749999999999 0.7185416671875 0.12468749999999999 0.6309375 0.06625 0.6309375 0.06625 0.7185416671875 0.12468749999999999 0.7185416671875
1 0.1875 0.7848958328125 0.1875 0.6502083328125 0.10304687500000001 0.6502083328125 0.10304687500000001 0.7848958328125 0.1875 0.7848958328125
1 0.266171875 0.8541666671874999 0.266171875 0.7011458328125 0.16007812500000002 0.7011458328125 0.16007812500000002 0.8541666671874999 0.266171875 0.8541666671874999
1 0.5142187500000001 0.9905208328124999 0.5142187500000001 0.7876041671875 0.25109375 0.7876041671875 0.25109375 0.9905208328124999 0.5142187500000001 0.9905208328124999
1 0.37515624999999997 0.2967708328125 0.37515624999999997 0.2761458328125 0.348828125 0.2761458328125 0.348828125 0.2967708328125 0.37515624999999997 0.2967708328125
1 0.372265625 0.2683333328125 0.372265625 0.2967708328125 0.40234375 0.2967708328125 0.40234375 0.2683333328125 0.372265625 0.2683333328125
1 0.44203125 0.2911458328125 0.44203125 0.26614583281250004 0.40437500000000004 0.26614583281250004 0.40437500000000004 0.2911458328125 0.44203125 0.2911458328125
1 0.350546875 0.3017708328125 0.350546875 0.2828125 0.32546875000000003 0.2828125 0.32546875000000003 0.3017708328125 0.350546875 0.3017708328125
1 0.7767968749999999 0.30114583281249996 0.7767968749999999 0.2617708328125 0.7327343749999999 0.2617708328125 0.7327343749999999 0.30114583281249996 0.7767968749999999 0.30114583281249996