1 0.7112499999999999 0.77305555625 0.7112499999999999 0.58319444375 0.5725 0.58319444375 0.5725 0.77305555625 0.7112499999999999 0.77305555625
1 0.9204687500000001 0.890277778125 0.9204687500000001 0.6308333328125 0.690390625 0.6308333328125 0.690390625 0.890277778125 0.9204687500000001 0.890277778125
1 0.9952343750000001 0.9238888890625001 0.9952343750000001 0.751527778125 0.921171875 0.751527778125 0.921171875 0.9238888890625001 0.9952343750000001 0.9238888890625001
1 0.69625 0.24430555625 0.69625 0.19 0.661171875 0.19 0.661171875 0.24430555625 0.69625 0.24430555625
1 0.661171875 0.247777778125 0.661171875 0.21541666718750002 0.635234375 0.21541666718750002 0.635234375 0.247777778125 0.661171875 0.247777778125
1 0.635234375 0.2616666671875 0.635234375 0.2258333328125 0.611796875 0.2258333328125 0.611796875 0.2616666671875 0.635234375 0.2616666671875
1 0.676796875 0.088472221875 0.676796875 0.035277778125 0.5942968750000001 0.035277778125 0.5942968750000001 0.088472221875 0.676796875 0.088472221875
1 0.7034374999999999 0.06875 0.7034374999999999 0.02375 0.61828125 0.02375 0.61828125 0.06875 0.7034374999999999 0.06875
0 0.8646874999999999 0.0429166671875 0.8646874999999999 0.46680555625000003 0.9535937499999999 0.46680555625000003 0.9535937499999999 0.0429166671875 0.8646874999999999 0.0429166671875
1 0.9451562499999999 0.06847222187499999 0.9451562499999999 0.031527778125 0.909453125 0.031527778125 0.909453125 0.06847222187499999 0.9451562499999999 0.06847222187499999
1 0.85875 0.10888888906250001 0.85875 0.07194444375 0.82109375 0.07194444375 0.82109375 0.10888888906250001 0.85875 0.10888888906250001
1 0.8204687500000001 0.11930555625000001 0.8204687500000001 0.0788888890625 0.789921875 0.0788888890625 0.789921875 0.11930555625000001 0.8204687500000001 0.11930555625000001
1 0.860078125 0.259027778125 0.860078125 0.2336111109375 0.836640625 0.2336111109375 0.836640625 0.259027778125 0.860078125 0.259027778125
1 0.79578125 0.2313888890625 0.79578125 0.267222221875 0.836640625 0.267222221875 0.836640625 0.2313888890625 0.79578125 0.2313888890625
1 0.19242187500000002 0.529027778125 0.19242187500000002 0.5065277781249999 0.173046875 0.5065277781249999 0.173046875 0.529027778125 0.19242187500000002 0.529027778125
1 0.201484375 0.5209722218749999 0.201484375 0.5001388890625 0.19421875 0.5001388890625 0.19421875 0.5209722218749999 0.201484375 0.5209722218749999
1 0.206875 0.5145833328125 0.206875 0.49055555625 0.196484375 0.49055555625 0.196484375 0.5145833328125 0.206875 0.5145833328125
1 0.215 0.509027778125 0.215 0.4873611109375 0.1996875 0.4873611109375 0.1996875 0.509027778125 0.215 0.509027778125
1 0.173515625 0.5698611109375 0.173515625 0.5298611109375 0.11484375 0.5298611109375 0.11484375 0.5698611109375 0.173515625 0.5698611109375
1 0.07875 0.6188888890625 0.07875 0.5458333328125 0.0016406250000000002 0.5458333328125 0.0016406250000000002 0.6188888890625 0.07875 0.6188888890625
1 0.183046875 0.28875 0.183046875 0.242222221875 0.096484375 0.242222221875 0.096484375 0.28875 0.183046875 0.28875
1 0.10320312499999999 0.1411111109375 0.10320312499999999 0.18125 0.192109375 0.18125 0.192109375 0.1411111109375 0.10320312499999999 0.1411111109375
1 0.348203125 0.00375 0.348203125 0.027777778125000003 0.47679687499999995 0.027777778125000003 0.47679687499999995 0.00375 0.348203125 0.00375
1 0.388671875 0.289027778125 0.388671875 0.26236111093750003 0.334921875 0.26236111093750003 0.334921875 0.289027778125 0.388671875 0.289027778125
1 0.47320312500000006 0.2236111109375 0.47320312500000006 0.174722221875 0.364609375 0.174722221875 0.364609375 0.2236111109375 0.47320312500000006 0.2236111109375
1 0.35929687499999996 0.47083333281249995 0.35929687499999996 0.500972221875 0.372109375 0.500972221875 0.372109375 0.47083333281249995 0.35929687499999996 0.47083333281249995
1 0.351796875 0.46555555625 0.351796875 0.501527778125 0.362734375 0.501527778125 0.362734375 0.46555555625 0.351796875 0.46555555625
0 0.3721875 0.240277778125 0.3721875 0.553472221875 0.542890625 0.553472221875 0.542890625 0.240277778125 0.3721875 0.240277778125