1 0.33890625 0.671875 0.33890625 0.5942708328124999 0.164296875 0.5942708328124999 0.164296875 0.671875 0.33890625 0.671875
1 0.18609375 0.6288541671875 0.18609375 0.5457291671875 0.101953125 0.5457291671875 0.101953125 0.6288541671875 0.18609375 0.6288541671875
1 0.0853125 0.5734375 0.0853125 0.5110416671875 0.034375 0.5110416671875 0.034375 0.5734375 0.0853125 0.5734375
1 0.035390624999999995 0.5457291671875 0.035390624999999995 0.5125 0.008359374999999999 0.5125 0.008359374999999999 0.5457291671875 0.035390624999999995 0.5457291671875
1 0.4796875 0.0929166671875 0.4796875 0.0029166671875000003 0.13773437500000002 0.0029166671875000003 0.13773437500000002 0.0929166671875 0.4796875 0.0929166671875
1 0.054531249999999996 0.136875 0.054531249999999996 0.10614583281250001 0.0010937499999999999 0.10614583281250001 0.0010937499999999999 0.136875 0.054531249999999996 0.136875
1 0.050234375 0.1542708328125 0.050234375 0.136875 0.000390625 0.136875 0.000390625 0.1542708328125 0.050234375 0.1542708328125
1 0.050234375 0.170625 0.050234375 0.1542708328125 0.0032812500000000003 0.1542708328125 0.0032812500000000003 0.170625 0.050234375 0.170625
1 0.054531249999999996 0.18697916718750002 0.054531249999999996 0.170625 0.0025781249999999997 0.170625 0.0025781249999999997 0.18697916718750002 0.054531249999999996 0.18697916718750002
1 0.053125 0.1975 0.053125 0.1859375 0.001875 0.1859375 0.001875 0.1975 0.053125 0.1975
1 0.054531249999999996 0.21291666718750002 0.054531249999999996 0.1975 0.001875 0.1975 0.001875 0.21291666718750002 0.054531249999999996 0.21291666718750002
1 0.054531249999999996 0.23020833281250003 0.054531249999999996 0.2138541671875 0.0010937499999999999 0.2138541671875 0.0010937499999999999 0.23020833281250003 0.054531249999999996 0.23020833281250003
1 0.09281249999999999 0.2321875 0.09281249999999999 0.21770833281250002 0.055234375 0.21770833281250002 0.055234375 0.2321875 0.09281249999999999 0.2321875
1 0.051640624999999996 0.30625 0.051640624999999996 0.2764583328125 0.001875 0.2764583328125 0.001875 0.30625 0.051640624999999996 0.30625
1 0.12453125000000001 0.29854166718749997 0.12453125000000001 0.27937500000000004 0.055234375 0.27937500000000004 0.055234375 0.29854166718749997 0.12453125000000001 0.29854166718749997
1 0.1859375 0.3053125 0.1859375 0.2841666671875 0.123125 0.2841666671875 0.123125 0.3053125 0.1859375 0.3053125
1 0.120234375 0.3341666671875 0.120234375 0.3159375 0.049453125 0.3159375 0.049453125 0.3341666671875 0.120234375 0.3341666671875
1 0.11734375 0.3525 0.11734375 0.3341666671875 0.049453125 0.3341666671875 0.049453125 0.3525 0.11734375 0.3525
1 0.11585937500000001 0.37072916718750004 0.11585937500000001 0.3525 0.04296875 0.3525 0.04296875 0.37072916718750004 0.11585937500000001 0.37072916718750004
1 0.9974999999999999 0.6116666671875 0.9974999999999999 0.5534375 0.8702343750000001 0.5534375 0.8702343750000001 0.6116666671875 0.9974999999999999 0.6116666671875
1 0.99375 0.20916666718750002 0.99375 0.1377083328125 0.9301562499999999 0.1377083328125 0.9301562499999999 0.20916666718750002 0.99375 0.20916666718750002
1 0.93390625 0.22749999999999998 0.93390625 0.14937499999999998 0.819140625 0.14937499999999998 0.819140625 0.22749999999999998 0.93390625 0.22749999999999998