1 0.450078125 0.9947916671874999 0.450078125 0.8463541671874999 0.265078125 0.8463541671874999 0.265078125 0.9947916671874999 0.450078125 0.9947916671874999
1 0.374765625 0.8925000000000001 0.374765625 0.7359375 0.173125 0.7359375 0.173125 0.8925000000000001 0.374765625 0.8925000000000001
1 0.297890625 0.7955208328125 0.297890625 0.6596875 0.116015625 0.6596875 0.116015625 0.7955208328125 0.297890625 0.7955208328125
1 0.23757812500000003 0.7428125 0.23757812500000003 0.6319791671874999 0.06398437500000001 0.6319791671874999 0.06398437500000001 0.7428125 0.23757812500000003 0.7428125
1 0.0265625 0.6001041671875 0.0265625 0.6873958328125 0.059843749999999994 0.6873958328125 0.059843749999999994 0.6001041671875 0.0265625 0.6001041671875
1 0.0016406250000000002 0.57375 0.0016406250000000002 0.6458333328125 0.03390625 0.6458333328125 0.03390625 0.57375 0.0016406250000000002 0.57375
1 0.28046875 0.2521875 0.28046875 0.21052083281249998 0.156015625 0.21052083281249998 0.156015625 0.2521875 0.28046875 0.2521875
1 0.28171875 0.26989583281249996 0.28171875 0.2226041671875 0.12054687500000001 0.2226041671875 0.12054687500000001 0.26989583281249996 0.28171875 0.26989583281249996
1 0.287734375 0.16 0.287734375 0.0413541671875 0.014609374999999999 0.0413541671875 0.014609374999999999 0.16 0.287734375 0.16
1 0.618203125 0.1536458328125 0.618203125 0.0422916671875 0.41484375 0.0422916671875 0.41484375 0.1536458328125 0.618203125 0.1536458328125
1 0.44484375 0.18031250000000001 0.44484375 0.0855208328125 0.34500000000000003 0.0855208328125 0.34500000000000003 0.18031250000000001 0.44484375 0.18031250000000001
1 0.99734375 0.0955208328125 0.99734375 0.0023958328125 0.604453125 0.0023958328125 0.604453125 0.0955208328125 0.99734375 0.0955208328125
1 0.466015625 0.0988541671875 0.466015625 0.0023958328125 0.083125 0.0023958328125 0.083125 0.0988541671875 0.466015625 0.0988541671875