1 0.996484375 0.277125 0.996484375 0.22525 0.8456250000000001 0.22525 0.8456250000000001 0.277125 0.996484375 0.277125
1 0.985703125 0.08075 0.985703125 0.00425 0.8692968750000001 0.00425 0.8692968750000001 0.08075 0.985703125 0.08075
1 0.83296875 0.23362500000000003 0.83296875 0.177125 0.655234375 0.177125 0.655234375 0.23362500000000003 0.83296875 0.23362500000000003
1 0.83296875 0.286875 0.83296875 0.22374999999999998 0.65625 0.22374999999999998 0.65625 0.286875 0.83296875 0.286875
1 0.813203125 0.6395 0.813203125 0.539625 0.6427343750000001 0.539625 0.6427343750000001 0.6395 0.813203125 0.6395
1 0.9815625000000001 0.6677500000000001 0.9815625000000001 0.533 0.794453125 0.533 0.794453125 0.6677500000000001 0.9815625000000001 0.6677500000000001
1 0.9982031250000001 0.6793750000000001 0.9982031250000001 0.5662499999999999 0.979453125 0.5662499999999999 0.979453125 0.6793750000000001 0.9982031250000001 0.6793750000000001
1 0.631328125 0.6926249999999999 0.631328125 0.57125 0.45562500000000006 0.57125 0.45562500000000006 0.6926249999999999 0.631328125 0.6926249999999999
1 0.553359375 0.779125 0.553359375 0.5995 0.40992187500000005 0.5995 0.40992187500000005 0.779125 0.553359375 0.779125
1 0.47750000000000004 0.875625 0.47750000000000004 0.67775 0.26859375 0.67775 0.26859375 0.875625 0.47750000000000004 0.875625
1 0.28515625 0.9953749999999999 0.28515625 0.7925 0.0025 0.7925 0.0025 0.9953749999999999 0.28515625 0.9953749999999999