1 0.9874218750000001 0.1854166671875 0.9874218750000001 0.1383333328125 0.8970312500000001 0.1383333328125 0.8970312500000001 0.1854166671875 0.9874218750000001 0.1854166671875
1 0.68015625 0.16375 0.68015625 0.0439583328125 0.412578125 0.0439583328125 0.412578125 0.16375 0.68015625 0.16375
1 0.52515625 0.013020832812499999 0.52515625 0.1397916671875 0.8275 0.1397916671875 0.8275 0.013020832812499999 0.52515625 0.013020832812499999
1 0.9921093750000001 0.9409375000000001 0.9921093750000001 0.625625 0.5042187499999999 0.625625 0.5042187499999999 0.9409375000000001 0.9921093750000001 0.9409375000000001
1 0.662890625 0.8570833328124999 0.662890625 0.6914583328125 0.189921875 0.6914583328125 0.189921875 0.8570833328124999 0.662890625 0.8570833328124999
1 0.29171874999999997 0.7213541671875 0.29171874999999997 0.6056250000000001 0.080625 0.6056250000000001 0.080625 0.7213541671875 0.29171874999999997 0.7213541671875
1 0.08765625 0.660625 0.08765625 0.5902083328125001 0.048671874999999996 0.5902083328125001 0.048671874999999996 0.660625 0.08765625 0.660625
1 0.046953125 0.6398958328125001 0.046953125 0.5763541671875 0.0140625 0.5763541671875 0.0140625 0.6398958328125001 0.046953125 0.6398958328125001
1 0.0010937499999999999 0.5659375 0.0010937499999999999 0.6133333328125 0.018359375 0.6133333328125 0.018359375 0.5659375 0.0010937499999999999 0.5659375
1 0.236484375 0.1821875 0.236484375 0.07958333281249999 0.004921875 0.07958333281249999 0.004921875 0.1821875 0.236484375 0.1821875
1 0.05625 0.0032291671874999997 0.05625 0.11687499999999999 0.43875000000000003 0.11687499999999999 0.43875000000000003 0.0032291671874999997 0.05625 0.0032291671874999997