1 0.9617968749999999 0.172875 0.9617968749999999 0.089125 0.830078125 0.089125 0.830078125 0.172875 0.9617968749999999 0.172875
1 0.830078125 0.156125 0.830078125 0.1035 0.7103125 0.1035 0.7103125 0.156125 0.830078125 0.156125
1 0.6489843750000001 0.172875 0.6489843750000001 0.125 0.532265625 0.125 0.532265625 0.172875 0.6489843750000001 0.172875
1 0.53671875 0.17775000000000002 0.53671875 0.13225 0.44539062500000004 0.13225 0.44539062500000004 0.17775000000000002 0.53671875 0.17775000000000002
1 0.45140624999999995 0.175375 0.45140624999999995 0.137 0.37507812500000004 0.137 0.37507812500000004 0.175375 0.45140624999999995 0.175375
1 0.37359375 0.17775000000000002 0.37359375 0.146625 0.30476562500000004 0.146625 0.30476562500000004 0.17775000000000002 0.37359375 0.17775000000000002
1 0.30921875 0.180125 0.30921875 0.146625 0.24937499999999999 0.146625 0.24937499999999999 0.180125 0.30921875 0.180125
1 0.374609375 0.50175 0.374609375 0.45675 0.31429687500000003 0.45675 0.31429687500000003 0.50175 0.374609375 0.50175
1 0.514921875 0.516625 0.514921875 0.465125 0.4484375 0.465125 0.4484375 0.516625 0.514921875 0.516625
1 0.613671875 0.5233749999999999 0.613671875 0.473375 0.530546875 0.473375 0.530546875 0.5233749999999999 0.613671875 0.5233749999999999
1 0.7103125 0.531625 0.7103125 0.48175 0.6178125 0.48175 0.6178125 0.531625 0.7103125 0.531625
1 0.8100781250000001 0.5466249999999999 0.8100781250000001 0.49837499999999996 0.712421875 0.49837499999999996 0.712421875 0.5466249999999999 0.8100781250000001 0.5466249999999999
1 0.927734375 0.563375 0.927734375 0.5155000000000001 0.8185156250000001 0.5155000000000001 0.8185156250000001 0.563375 0.927734375 0.563375
1 0.999296875 0.576 0.999296875 0.514125 0.938125 0.514125 0.938125 0.576 0.999296875 0.576
1 0.641328125 0.761625 0.641328125 0.5940000000000001 0.385625 0.5940000000000001 0.385625 0.761625 0.641328125 0.761625
1 0.567734375 0.88125 0.567734375 0.641875 0.39437500000000003 0.641875 0.39437500000000003 0.88125 0.567734375 0.88125
1 0.46171875 0.999 0.46171875 0.7635 0.083828125 0.7635 0.083828125 0.999 0.46171875 0.999