1 0.9647656250000001 0.9930208328125 0.9647656250000001 0.7336458328125001 0.34367187499999996 0.7336458328125001 0.34367187499999996 0.9930208328125 0.9647656250000001 0.9930208328125
1 0.569609375 0.9053125 0.569609375 0.6837500000000001 0.21195312500000002 0.6837500000000001 0.21195312500000002 0.9053125 0.569609375 0.9053125
1 0.23585937499999998 0.7595833328125 0.23585937499999998 0.6358333328125 0.12062500000000001 0.6358333328125 0.12062500000000001 0.7595833328125 0.23585937499999998 0.7595833328125
1 0 0.2646875 0.0925 0.2646875 0.0925 0.2328125 0 0.2328125 0 0.2646875
1 0 0.2438541671875 0.099765625 0.2438541671875 0.099765625 0.21197916718749998 0 0.21197916718749998 0 0.2438541671875
1 0 0.21197916718749998 0.09148437499999999 0.21197916718749998 0.09148437499999999 0.18156250000000002 0 0.18156250000000002 0 0.21197916718749998
1 0.003125 0.1053125 0.003125 0.1829166671875 0.27132812500000003 0.1829166671875 0.27132812500000003 0.1053125 0.003125 0.1053125
1 0.338828125 0.134375 0.338828125 0.06375 0.011484375 0.06375 0.011484375 0.134375 0.338828125 0.134375
1 0.046796875 0.005520832812499999 0.046796875 0.11499999999999999 0.3440625 0.11499999999999999 0.3440625 0.005520832812499999 0.046796875 0.005520832812499999
1 0.08421875 0.3807291671875 0.08421875 0.3479166671875 0.00046875 0.3479166671875 0.00046875 0.3807291671875 0.08421875 0.3807291671875
1 0.07914062499999999 0.40760416718750003 0.07914062499999999 0.3807291671875 0.001953125 0.3807291671875 0.001953125 0.40760416718750003 0.07914062499999999 0.40760416718750003
1 0.07843750000000001 0.426875 0.07843750000000001 0.39895833281250004 0.003359375 0.39895833281250004 0.003359375 0.426875 0.07843750000000001 0.426875
1 0.0026562499999999998 0.4230208328125 0.0026562499999999998 0.4452083328125 0.087109375 0.4452083328125 0.087109375 0.4230208328125 0.0026562499999999998 0.4230208328125
1 0.0040625 0.4441666671875 0.0040625 0.4672916671875 0.082734375 0.4672916671875 0.082734375 0.4441666671875 0.0040625 0.4441666671875
1 0.08640624999999999 0.48947916718749995 0.08640624999999999 0.4654166671875 0.001953125 0.4654166671875 0.001953125 0.48947916718749995 0.08640624999999999 0.48947916718749995
1 0.088515625 0.5154166671875 0.088515625 0.48562500000000003 0.001953125 0.48562500000000003 0.001953125 0.5154166671875 0.088515625 0.5154166671875
1 0.087109375 0.5529166671875 0.087109375 0.5154166671875 0.014921875000000001 0.5154166671875 0.014921875000000001 0.5529166671875 0.087109375 0.5529166671875
1 0.183828125 0.3479166671875 0.183828125 0.3075 0.07265625 0.3075 0.07265625 0.3479166671875 0.183828125 0.3479166671875
1 0.1578125 0.3623958328125 0.1578125 0.3296875 0.07703125 0.3296875 0.07703125 0.3623958328125 0.1578125 0.3623958328125
1 0.1203125 0.3796875 0.1203125 0.3546875 0.069765625 0.3546875 0.069765625 0.3796875 0.1203125 0.3796875
1 0.115234375 0.4066666671875 0.115234375 0.3807291671875 0.07046875 0.3807291671875 0.07046875 0.4066666671875 0.115234375 0.4066666671875
1 0.11671875000000001 0.42395833281249995 0.11671875000000001 0.40374999999999994 0.07195312499999999 0.40374999999999994 0.07195312499999999 0.42395833281249995 0.11671875000000001 0.42395833281249995
1 0.115234375 0.44614583281250003 0.115234375 0.4230208328125 0.07984375 0.4230208328125 0.07984375 0.44614583281250003 0.115234375 0.44614583281250003
1 0.13187500000000002 0.4654166671875 0.13187500000000002 0.44614583281250003 0.07984375 0.44614583281250003 0.07984375 0.4654166671875 0.13187500000000002 0.4654166671875
1 0.13187500000000002 0.48947916718749995 0.13187500000000002 0.4654166671875 0.07625 0.4654166671875 0.07625 0.48947916718749995 0.13187500000000002 0.48947916718749995
1 0.11742187500000001 0.5115624999999999 0.11742187500000001 0.48947916718749995 0.07625 0.48947916718749995 0.07625 0.5115624999999999 0.11742187500000001 0.5115624999999999
1 0.123203125 0.5385416671875001 0.123203125 0.49812500000000004 0.074140625 0.49812500000000004 0.074140625 0.5385416671875001 0.123203125 0.5385416671875001
1 0.18453124999999998 0.2709375 0.18453124999999998 0.2382291671875 0.09867187499999999 0.2382291671875 0.09867187499999999 0.2709375 0.18453124999999998 0.2709375
1 0.09578125 0.2190625 0.09578125 0.2382291671875 0.18671875 0.2382291671875 0.18671875 0.2190625 0.09578125 0.2190625
1 0.094296875 0.1834375 0.094296875 0.2190625 0.186015625 0.2190625 0.186015625 0.1834375 0.094296875 0.1834375
1 0.27546875000000004 0.22770833281249997 0.27546875000000004 0.2036458328125 0.18812500000000001 0.2036458328125 0.18812500000000001 0.22770833281249997 0.27546875000000004 0.22770833281249997
1 0.26968749999999997 0.2517708328125 0.26968749999999997 0.22770833281249997 0.18453124999999998 0.22770833281249997 0.18453124999999998 0.2517708328125 0.26968749999999997 0.2517708328125
1 0.27765625 0.2796875 0.27765625 0.246875 0.1809375 0.246875 0.1809375 0.2796875 0.27765625 0.2796875
1 0.3628125 0.24114583281250002 0.3628125 0.2084375 0.28484375 0.2084375 0.28484375 0.24114583281250002 0.3628125 0.24114583281250002
1 0.3628125 0.255625 0.3628125 0.2305208328125 0.27546875000000004 0.2305208328125 0.27546875000000004 0.255625 0.3628125 0.255625
1 0.35484375 0.2844791671875 0.35484375 0.2497916671875 0.278359375 0.2497916671875 0.278359375 0.2844791671875 0.35484375 0.2844791671875
1 0.42781250000000004 0.2584375 0.42781250000000004 0.24114583281250002 0.365703125 0.24114583281250002 0.365703125 0.2584375 0.42781250000000004 0.2584375
1 0.36062500000000003 0.2238541671875 0.36062500000000003 0.2497916671875 0.43351562499999996 0.2497916671875 0.43351562499999996 0.2238541671875 0.36062500000000003 0.2238541671875
1 0.439296875 0.23541666718749998 0.439296875 0.20458333281250002 0.371484375 0.20458333281250002 0.371484375 0.23541666718749998 0.439296875 0.23541666718749998
1 0.513671875 0.2238541671875 0.513671875 0.1901041671875 0.44078125 0.1901041671875 0.44078125 0.2238541671875 0.513671875 0.2238541671875
1 0.44148437500000004 0.1651041671875 0.44148437500000004 0.2026041671875 0.51296875 0.2026041671875 0.51296875 0.1651041671875 0.44148437500000004 0.1651041671875
1 0.511484375 0.2420833328125 0.511484375 0.20750000000000002 0.437890625 0.20750000000000002 0.437890625 0.2420833328125 0.511484375 0.2420833328125
1 0.972421875 0.0719791671875 0.972421875 0.008854167187500001 0.87015625 0.008854167187500001 0.87015625 0.0719791671875 0.972421875 0.0719791671875
1 0.9849218750000001 0.0886458328125 0.9849218750000001 0.02375 0.8764062499999999 0.02375 0.8764062499999999 0.0886458328125 0.9849218750000001 0.0886458328125
1 0.9849218750000001 0.1335416671875 0.9849218750000001 0.0620833328125 0.88515625 0.0620833328125 0.88515625 0.1335416671875 0.9849218750000001 0.1335416671875
1 0.9874218750000001 0.1651041671875 0.9874218750000001 0.1119791671875 0.87265625 0.1119791671875 0.87265625 0.1651041671875 0.9874218750000001 0.1651041671875
1 0.8377343749999999 0.215 0.8377343749999999 0.1751041671875 0.74046875 0.1751041671875 0.74046875 0.215 0.8377343749999999 0.215