1 0.69140625 0.720375 0.69140625 0.605375 0.48875 0.605375 0.48875 0.720375 0.69140625 0.720375
1 0.760703125 0.608125 0.760703125 0.54575 0.675859375 0.54575 0.675859375 0.608125 0.760703125 0.608125
1 0.542734375 0.2415 0.542734375 0.217375 0.5181250000000001 0.217375 0.5181250000000001 0.2415 0.542734375 0.2415
1 0.49765625 0.202 0.49765625 0.2415 0.5181250000000001 0.2415 0.5181250000000001 0.202 0.49765625 0.202
1 0.49703125000000004 0.231875 0.49703125000000004 0.19624999999999998 0.453125 0.19624999999999998 0.453125 0.231875 0.49703125000000004 0.231875
1 0.60109375 0.25787499999999997 0.60109375 0.23475000000000001 0.52828125 0.23475000000000001 0.52828125 0.25787499999999997 0.60109375 0.25787499999999997
1 0.30859375 0.176375 0.30859375 0.14150000000000001 0.230625 0.14150000000000001 0.230625 0.176375 0.30859375 0.176375
1 0.12875 0.08 0.12875 0.149875 0.22749999999999998 0.149875 0.22749999999999998 0.08 0.12875 0.08
1 0.130859375 0.14150000000000001 0.130859375 0.033375 0.022734375 0.033375 0.022734375 0.14150000000000001 0.130859375 0.14150000000000001
1 0.0009375 0.03675 0.0009375 0.10162500000000001 0.031093749999999996 0.10162500000000001 0.031093749999999996 0.03675 0.0009375 0.03675
1 0.536171875 0.966375 0.536171875 0.71025 0.33976562499999996 0.71025 0.33976562499999996 0.966375 0.536171875 0.966375
1 0.3896875 0.999625 0.3896875 0.87325 0.21296875 0.87325 0.21296875 0.999625 0.3896875 0.999625
1 0.7748437499999999 0.135375 0.7748437499999999 0.020374999999999997 0.45703125 0.020374999999999997 0.45703125 0.135375 0.7748437499999999 0.135375
1 0.49859375000000006 0.007875 0.49859375000000006 0.048 0.73765625 0.048 0.73765625 0.007875 0.49859375000000006 0.007875
1 0.855078125 0.224875 0.855078125 0.193125 0.8045312499999999 0.193125 0.8045312499999999 0.224875 0.855078125 0.224875