1 0.970078125 0.6511111109375001 0.970078125 0.5125 0.69796875 0.5125 0.69796875 0.6511111109375001 0.970078125 0.6511111109375001
1 0.7128125 0.6011111109375 0.7128125 0.49583333281249997 0.5958593750000001 0.49583333281249997 0.5958593750000001 0.6011111109375 0.7128125 0.6011111109375
1 0.9598437499999999 0.5170833328125 0.9598437499999999 0.590972221875 0.9974999999999999 0.590972221875 0.9974999999999999 0.5170833328125 0.9598437499999999 0.5170833328125
1 0.9994531249999999 0.3091666671875 0.9994531249999999 0.2491666671875 0.876015625 0.2491666671875 0.876015625 0.3091666671875 0.9994531249999999 0.3091666671875
1 0.8446093749999999 0.22305555625 0.8446093749999999 0.17569444375 0.76609375 0.17569444375 0.76609375 0.22305555625 0.8446093749999999 0.22305555625
1 0.77015625 0.20055555625000002 0.77015625 0.16694444375 0.7223437500000001 0.16694444375 0.7223437500000001 0.20055555625000002 0.77015625 0.20055555625000002
1 0.724609375 0.195 0.724609375 0.1516666671875 0.671796875 0.1516666671875 0.671796875 0.195 0.724609375 0.195
1 0.669140625 0.19819444375 0.669140625 0.1508333328125 0.6140625 0.1508333328125 0.6140625 0.19819444375 0.669140625 0.19819444375
1 0.615 0.2366666671875 0.615 0.139722221875 0.53515625 0.139722221875 0.53515625 0.2366666671875 0.615 0.2366666671875
1 0.5509375000000001 0.2479166671875 0.5509375000000001 0.1404166671875 0.456171875 0.1404166671875 0.456171875 0.2479166671875 0.5509375000000001 0.2479166671875
1 0.7909375 0.28638888906250004 0.7909375 0.25680555625 0.76515625 0.25680555625 0.76515625 0.28638888906250004 0.7909375 0.28638888906250004
1 0.7403906250000001 0.2575 0.7403906250000001 0.2751388890625 0.7696875000000001 0.2751388890625 0.7696875000000001 0.2575 0.7403906250000001 0.2575
1 0.5739062500000001 0.2823611109375 0.5739062500000001 0.25430555625 0.529296875 0.25430555625 0.529296875 0.2823611109375 0.5739062500000001 0.2823611109375
1 0.5296875 0.2791666671875 0.5296875 0.25027777812499996 0.48773437499999994 0.25027777812499996 0.48773437499999994 0.2791666671875 0.5296875 0.2791666671875
1 0.49046874999999995 0.278472221875 0.49046874999999995 0.2511111109375 0.443515625 0.2511111109375 0.443515625 0.278472221875 0.49046874999999995 0.278472221875
1 0.547265625 0.326527778125 0.547265625 0.2954166671875 0.516875 0.2954166671875 0.516875 0.326527778125 0.547265625 0.326527778125
1 0.57859375 0.3154166671875 0.57859375 0.29319444375 0.546015625 0.29319444375 0.546015625 0.3154166671875 0.57859375 0.3154166671875
1 0.63375 0.3154166671875 0.63375 0.29430555625 0.5999218749999999 0.29430555625 0.5999218749999999 0.3154166671875 0.63375 0.3154166671875
1 0.58203125 0.5025000000000001 0.58203125 0.4591666671875 0.5259375000000001 0.4591666671875 0.5259375000000001 0.5025000000000001 0.58203125 0.5025000000000001
1 0.43265624999999996 0.32944444375000004 0.43265624999999996 0.30555555624999997 0.392890625 0.30555555624999997 0.392890625 0.32944444375000004 0.43265624999999996 0.32944444375000004
1 0.79578125 0.06902777812500001 0.79578125 0.005277778125 0.598515625 0.005277778125 0.598515625 0.06902777812500001 0.79578125 0.06902777812500001
1 0.119296875 0.3304166671875 0.119296875 0.22305555625 0.023125 0.22305555625 0.023125 0.3304166671875 0.119296875 0.3304166671875
1 0.06921875 0.34194444375 0.06921875 0.2391666671875 0.001015625 0.2391666671875 0.001015625 0.34194444375 0.06921875 0.34194444375
1 0.18226562500000001 0.1883333328125 0.18226562500000001 0.11555555625 0.12125 0.11555555625 0.12125 0.1883333328125 0.18226562500000001 0.1883333328125
0 0.0796875 0.3336111109375 0.0796875 0.5790277781250001 0.207421875 0.5790277781250001 0.207421875 0.3336111109375 0.0796875 0.3336111109375
0 0.23937499999999998 0.5145833328125 0.23937499999999998 0.352777778125 0.17281249999999998 0.352777778125 0.17281249999999998 0.5145833328125 0.23937499999999998 0.5145833328125
0 0.260390625 0.497222221875 0.260390625 0.37694444374999997 0.21945312499999997 0.37694444374999997 0.21945312499999997 0.497222221875 0.260390625 0.497222221875
0 0.25960937500000003 0.39180555625 0.25960937500000003 0.467222221875 0.28250000000000003 0.467222221875 0.28250000000000003 0.39180555625 0.25960937500000003 0.39180555625
0 0.0036718750000000002 0.332777778125 0.0036718750000000002 0.7601388890624999 0.08937500000000001 0.7601388890624999 0.08937500000000001 0.332777778125 0.0036718750000000002 0.332777778125
1 0.086328125 0.3645833328125 0.086328125 0.3251388890625 0.052109375 0.3251388890625 0.052109375 0.3645833328125 0.086328125 0.3645833328125
1 0.0546875 0.3758333328125 0.0546875 0.33180555625 0.021249999999999998 0.33180555625 0.021249999999999998 0.3758333328125 0.0546875 0.3758333328125
1 0.42062499999999997 0.106527778125 0.42062499999999997 0.07569444374999999 0.38492187499999997 0.07569444374999999 0.38492187499999997 0.106527778125 0.42062499999999997 0.106527778125