1 0.47015624999999994 0.9914999999999999 0.47015624999999994 0.73 0.26687500000000003 0.73 0.26687500000000003 0.9914999999999999 0.47015624999999994 0.9914999999999999
1 0.5786718750000001 0.811875 0.5786718750000001 0.6681250000000001 0.45890624999999996 0.6681250000000001 0.45890624999999996 0.811875 0.5786718750000001 0.811875
1 0.6385156249999999 0.72775 0.6385156249999999 0.6002500000000001 0.556171875 0.6002500000000001 0.556171875 0.72775 0.6385156249999999 0.72775
1 0.6809375 0.669625 0.6809375 0.5725 0.605546875 0.5725 0.605546875 0.669625 0.6809375 0.669625
1 0.72765625 0.6016250000000001 0.72765625 0.522625 0.6782812500000001 0.522625 0.6782812500000001 0.6016250000000001 0.72765625 0.6016250000000001
1 0.754140625 0.5503750000000001 0.754140625 0.500625 0.713515625 0.500625 0.713515625 0.5503750000000001 0.754140625 0.5503750000000001
1 0.77015625 0.53425 0.77015625 0.4845 0.730078125 0.4845 0.730078125 0.53425 0.77015625 0.53425
1 0.7846875 0.512625 0.7846875 0.47975 0.763671875 0.47975 0.763671875 0.512625 0.7846875 0.512625
1 0.9740624999999999 0.309375 0.9740624999999999 0.2955 0.945078125 0.2955 0.945078125 0.309375 0.9740624999999999 0.309375
1 0.91140625 0.29825 0.91140625 0.309375 0.9444531250000001 0.309375 0.9444531250000001 0.29825 0.91140625 0.29825
1 0.91140625 0.2885 0.91140625 0.29825 0.942734375 0.29825 0.942734375 0.2885 0.91140625 0.2885
1 0.914296875 0.28300000000000003 0.914296875 0.2885 0.942734375 0.2885 0.942734375 0.28300000000000003 0.914296875 0.28300000000000003
1 0.914296875 0.27549999999999997 0.914296875 0.28300000000000003 0.945078125 0.28300000000000003 0.945078125 0.27549999999999997 0.914296875 0.27549999999999997
1 0.9125781249999999 0.263 0.9125781249999999 0.27549999999999997 0.945078125 0.27549999999999997 0.945078125 0.263 0.9125781249999999 0.263
1 0.821328125 0.226625 0.821328125 0.172875 0.68296875 0.172875 0.68296875 0.226625 0.821328125 0.226625
1 0.649453125 0.146375 0.649453125 0.19537500000000002 0.8057812500000001 0.19537500000000002 0.8057812500000001 0.146375 0.649453125 0.146375
1 0.790234375 0.164875 0.790234375 0.10787500000000001 0.62984375 0.10787500000000001 0.62984375 0.164875 0.790234375 0.164875
1 0.54140625 0.0435 0.54140625 0.131125 0.7555468750000001 0.131125 0.7555468750000001 0.0435 0.54140625 0.0435
1 0.7212500000000001 0.006875000000000001 0.7212500000000001 0.06275 0.751328125 0.06275 0.751328125 0.006875000000000001 0.7212500000000001 0.006875000000000001
1 0.5005468750000001 0.004 0.5005468750000001 0.07525 0.727265625 0.07525 0.727265625 0.004 0.5005468750000001 0.004
1 0.588359375 0.134875 0.588359375 0.054125 0.411484375 0.054125 0.411484375 0.134875 0.588359375 0.134875
1 0.151875 0.1325 0.151875 0.06325 0.0703125 0.06325 0.0703125 0.1325 0.151875 0.1325
1 0.242109375 0.15325 0.242109375 0.090875 0.1496875 0.090875 0.1496875 0.15325 0.242109375 0.15325
1 0.003203125 0.039 0.003203125 0.10587500000000001 0.081875 0.10587500000000001 0.081875 0.039 0.003203125 0.039