1 0.8671093750000001 0.23125 0.8671093750000001 0.1975 0.8110156249999999 0.1975 0.8110156249999999 0.23125 0.8671093750000001 0.23125
1 0.830390625 0.2895 0.830390625 0.320875 0.84375 0.320875 0.84375 0.2895 0.830390625 0.2895
1 0.8182812500000001 0.27749999999999997 0.8182812500000001 0.32025000000000003 0.8370312500000001 0.32025000000000003 0.8370312500000001 0.27749999999999997 0.8182812500000001 0.27749999999999997
1 0.8065625000000001 0.27349999999999997 0.8065625000000001 0.32287499999999997 0.825390625 0.32287499999999997 0.825390625 0.27349999999999997 0.8065625000000001 0.27349999999999997
1 0.78609375 0.2595 0.78609375 0.32425000000000004 0.8120312500000001 0.32425000000000004 0.8120312500000001 0.2595 0.78609375 0.2595
1 0.7635156249999999 0.24137499999999998 0.7635156249999999 0.308875 0.791953125 0.308875 0.791953125 0.24137499999999998 0.7635156249999999 0.24137499999999998
1 0.726796875 0.22937500000000002 0.726796875 0.2995 0.766875 0.2995 0.766875 0.22937500000000002 0.726796875 0.22937500000000002
1 0.683359375 0.21200000000000002 0.683359375 0.284125 0.738515625 0.284125 0.738515625 0.21200000000000002 0.683359375 0.21200000000000002
1 0.61890625 0.1695 0.61890625 0.26187499999999997 0.6896875 0.26187499999999997 0.6896875 0.1695 0.61890625 0.1695
1 0.52734375 0.0945 0.52734375 0.244125 0.641640625 0.244125 0.641640625 0.0945 0.52734375 0.0945
1 0.333046875 0.0052499999999999995 0.333046875 0.217625 0.539765625 0.217625 0.539765625 0.0052499999999999995 0.333046875 0.0052499999999999995
1 0.00375 0.0052499999999999995 0.00375 0.124875 0.331796875 0.124875 0.331796875 0.0052499999999999995 0.00375 0.0052499999999999995
1 0.32429687500000004 0.999 0.32429687500000004 0.921125 0.200859375 0.921125 0.200859375 0.999 0.32429687500000004 0.999
1 0.51765625 0.9949999999999999 0.51765625 0.7515 0.24695312500000002 0.7515 0.24695312500000002 0.9949999999999999 0.51765625 0.9949999999999999
1 0.612421875 0.829375 0.612421875 0.65175 0.5014062499999999 0.65175 0.5014062499999999 0.829375 0.612421875 0.829375
1 0.684765625 0.721625 0.684765625 0.587875 0.608671875 0.587875 0.608671875 0.721625 0.684765625 0.721625
1 0.72859375 0.655875 0.72859375 0.5622499999999999 0.674453125 0.5622499999999999 0.674453125 0.655875 0.72859375 0.655875
1 0.761796875 0.60275 0.761796875 0.525375 0.70765625 0.525375 0.70765625 0.60275 0.761796875 0.60275
1 0.78125 0.5715 0.78125 0.51375 0.740859375 0.51375 0.740859375 0.5715 0.78125 0.5715
1 0.786328125 0.548375 0.786328125 0.506875 0.76390625 0.506875 0.76390625 0.548375 0.786328125 0.548375
1 0.8086718749999999 0.53 0.8086718749999999 0.49412500000000004 0.7740625 0.49412500000000004 0.7740625 0.53 0.8086718749999999 0.53
1 0.8103906249999999 0.107625 0.8103906249999999 0.02275 0.618125 0.02275 0.618125 0.107625 0.8103906249999999 0.107625
1 0.5921093749999999 0.00275 0.5921093749999999 0.05600000000000001 0.771953125 0.05600000000000001 0.771953125 0.00275 0.5921093749999999 0.00275
1 0.8474999999999999 0.172875 0.8474999999999999 0.134375 0.754296875 0.134375 0.754296875 0.172875 0.8474999999999999 0.172875