1 0.9941666671875 0.245740740625 0.9941666671875 0.14796296250000002 0.8235416671875001 0.14796296250000002 0.8235416671875001 0.245740740625 0.9941666671875 0.245740740625
1 0.9986458328125 0.33555555625 0.9986458328125 0.29361111093750003 0.9380208328125 0.29361111093750003 0.9380208328125 0.33555555625 0.9986458328125 0.33555555625
1 0.8841666671875 0.35944444375 0.8841666671875 0.3015740734375 0.7954687500000001 0.3015740734375 0.7954687500000001 0.35944444375 0.8841666671875 0.35944444375
1 0.2173958328125 0.36944444375 0.2173958328125 0.239722221875 0.05125 0.239722221875 0.05125 0.36944444375 0.2173958328125 0.36944444375
1 0.056874999999999995 0.3495370375 0.056874999999999995 0.23777777812499998 0.001875 0.23777777812499998 0.001875 0.3495370375 0.056874999999999995 0.3495370375
1 0.0490104171875 0.82444444375 0.0490104171875 0.7206481484375 0.0007291671875 0.7206481484375 0.0007291671875 0.82444444375 0.0490104171875 0.82444444375
1 0.12197916718749999 0.59898148125 0.12197916718749999 0.5490740734374999 0.0243229171875 0.5490740734374999 0.0243229171875 0.59898148125 0.12197916718749999 0.59898148125
1 0.2499479171875 0.8403703703125001 0.2499479171875 0.7525925921875001 0.0557291671875 0.7525925921875001 0.0557291671875 0.8403703703125001 0.2499479171875 0.8403703703125001
0 0.6080729171875 0.42601851875 0.6080729171875 0.80351851875 0.8026562500000001 0.80351851875 0.8026562500000001 0.42601851875 0.6080729171875 0.42601851875
0 0.3293229171875 0.239722221875 0.3293229171875 0.6521296296875 0.45375 0.6521296296875 0.45375 0.239722221875 0.3293229171875 0.239722221875
1 0.3630208328125 0.43916666718749997 0.3630208328125 0.4140740734375 0.3222916671875 0.4140740734375 0.3222916671875 0.43916666718749997 0.3630208328125 0.43916666718749997