1 0.6415625 0.5870833328125 0.6415625 0.5066666671875 0.515234375 0.5066666671875 0.515234375 0.5870833328125 0.6415625 0.5870833328125
1 0.512890625 0.6244444437500001 0.512890625 0.549722221875 0.3625 0.549722221875 0.3625 0.6244444437500001 0.512890625 0.6244444437500001
1 0.36171875 0.5995833328125 0.36171875 0.49555555625 0.21749999999999997 0.49555555625 0.21749999999999997 0.5995833328125 0.36171875 0.5995833328125
1 0.377265625 0.64805555625 0.377265625 0.53305555625 0.21828124999999998 0.53305555625 0.21828124999999998 0.64805555625 0.377265625 0.64805555625
1 0.226796875 0.67444444375 0.226796875 0.549722221875 0.088046875 0.549722221875 0.088046875 0.67444444375 0.226796875 0.67444444375
1 0.348046875 0.39444444375 0.348046875 0.334722221875 0.22140624999999997 0.334722221875 0.22140624999999997 0.39444444375 0.348046875 0.39444444375
1 0.35562499999999997 0.4491666671875 0.35562499999999997 0.370277778125 0.226796875 0.370277778125 0.226796875 0.4491666671875 0.35562499999999997 0.4491666671875
1 0.3615625 0.4770833328125 0.3615625 0.41944444374999995 0.22789062499999999 0.41944444374999995 0.22789062499999999 0.4770833328125 0.3615625 0.4770833328125
1 0.358359375 0.530972221875 0.358359375 0.47625 0.23546874999999998 0.47625 0.23546874999999998 0.530972221875 0.358359375 0.530972221875
1 0.51046875 0.5618055562500001 0.51046875 0.49444444374999996 0.348046875 0.49444444374999996 0.348046875 0.5618055562500001 0.51046875 0.5618055562500001
1 0.36046875 0.44444444375 0.36046875 0.5233333328125 0.50125 0.5233333328125 0.50125 0.44444444375 0.36046875 0.44444444375
1 0.512578125 0.4733333328125 0.512578125 0.40305555625 0.34046875 0.40305555625 0.34046875 0.4733333328125 0.512578125 0.4733333328125
1 0.35671875000000003 0.3501388890625 0.35671875000000003 0.42513888906249997 0.5017968749999999 0.42513888906249997 0.5017968749999999 0.3501388890625 0.35671875000000003 0.3501388890625
1 0.5034375 0.397222221875 0.5034375 0.3029166671875 0.3275 0.3029166671875 0.3275 0.397222221875 0.5034375 0.397222221875
1 0.341015625 0.2538888890625 0.341015625 0.34819444375 0.498515625 0.34819444375 0.498515625 0.2538888890625 0.341015625 0.2538888890625
1 0.490234375 0.2976388890625 0.490234375 0.2158333328125 0.33328125000000003 0.2158333328125 0.33328125000000003 0.2976388890625 0.490234375 0.2976388890625
1 0.34140625 0.15611111093750002 0.34140625 0.23694444374999998 0.5 0.23694444374999998 0.5 0.15611111093750002 0.34140625 0.15611111093750002
1 0.471875 0.1270833328125 0.471875 0.025972221875 0.327890625 0.025972221875 0.327890625 0.1270833328125 0.471875 0.1270833328125
1 0.494140625 0.14819444375 0.494140625 0.0645833328125 0.331171875 0.0645833328125 0.331171875 0.14819444375 0.494140625 0.14819444375
1 0.49140625 0.20888888906249997 0.49140625 0.11555555625 0.32632812499999997 0.11555555625 0.32632812499999997 0.20888888906249997 0.49140625 0.20888888906249997
1 0.088125 0.004444443750000001 0.088125 0.12097222187500001 0.22195312500000003 0.12097222187500001 0.22195312500000003 0.004444443750000001 0.088125 0.004444443750000001
1 0.221015625 0.004444443750000001 0.221015625 0.12430555624999999 0.34164062500000003 0.12430555624999999 0.34164062500000003 0.004444443750000001 0.221015625 0.004444443750000001
1 0.480078125 0.002777778125 0.480078125 0.09430555625 0.6232031250000001 0.09430555625 0.6232031250000001 0.002777778125 0.480078125 0.002777778125
1 0.5873437499999999 0.2613888890625 0.5873437499999999 0.19555555625 0.49312500000000004 0.19555555625 0.49312500000000004 0.2613888890625 0.5873437499999999 0.2613888890625
1 0.60359375 0.29375 0.60359375 0.2348611109375 0.490546875 0.2348611109375 0.490546875 0.29375 0.60359375 0.29375
1 0.5951562499999999 0.3283333328125 0.5951562499999999 0.2798611109375 0.495703125 0.2798611109375 0.495703125 0.3283333328125 0.5951562499999999 0.3283333328125
1 0.60359375 0.36069444375000004 0.60359375 0.29944444375 0.49640625 0.29944444375 0.49640625 0.36069444375000004 0.60359375 0.36069444375000004
1 0.6009375 0.40222222187499995 0.6009375 0.35375 0.5171875 0.35375 0.5171875 0.40222222187499995 0.6009375 0.40222222187499995
1 0.606796875 0.4404166671875 0.606796875 0.373472221875 0.5003124999999999 0.373472221875 0.5003124999999999 0.4404166671875 0.606796875 0.4404166671875
1 0.606171875 0.478472221875 0.606171875 0.4345833328125 0.509375 0.4345833328125 0.509375 0.478472221875 0.606171875 0.478472221875
1 0.61328125 0.52125 0.61328125 0.46805555625000006 0.49765625 0.46805555625000006 0.49765625 0.52125 0.61328125 0.52125
1 0.730859375 0.46805555625000006 0.730859375 0.42305555625 0.61203125 0.42305555625 0.61203125 0.46805555625000006 0.730859375 0.46805555625000006
1 0.72375 0.508472221875 0.72375 0.45541666718749996 0.605546875 0.45541666718749996 0.605546875 0.508472221875 0.72375 0.508472221875
1 0.738046875 0.5536111109374999 0.738046875 0.48305555624999996 0.610703125 0.48305555624999996 0.610703125 0.5536111109374999 0.738046875 0.5536111109374999
1 0.73671875 0.43583333281250003 0.73671875 0.37 0.602890625 0.37 0.602890625 0.43583333281250003 0.73671875 0.43583333281250003
1 0.602890625 0.3445833328125 0.602890625 0.3976388890625 0.737421875 0.3976388890625 0.737421875 0.3445833328125 0.602890625 0.3445833328125
1 0.738671875 0.36069444375000004 0.738671875 0.305277778125 0.5873437499999999 0.305277778125 0.5873437499999999 0.36069444375000004 0.738671875 0.36069444375000004
1 0.602265625 0.2625 0.602265625 0.31680555625 0.73546875 0.31680555625 0.73546875 0.2625 0.602265625 0.2625
1 0.72890625 0.2983333328125 0.72890625 0.23013888906250002 0.5932031249999999 0.23013888906250002 0.5932031249999999 0.2983333328125 0.72890625 0.2983333328125
1 0.602890625 0.189722221875 0.602890625 0.24874999999999997 0.72828125 0.24874999999999997 0.72828125 0.189722221875 0.602890625 0.189722221875
1 0.723125 0.21055555625000003 0.723125 0.154027778125 0.5626562500000001 0.154027778125 0.5626562500000001 0.21055555625000003 0.723125 0.21055555625000003
1 0.74125 0.16555555625 0.74125 0.11125 0.594453125 0.11125 0.594453125 0.16555555625 0.74125 0.16555555625
1 0.710078125 0.047777778124999996 0.710078125 0.0061111109375 0.606171875 0.0061111109375 0.606171875 0.047777778124999996 0.710078125 0.047777778124999996
1 0.621796875 0.008472221875 0.621796875 0.02 0.7075 0.02 0.7075 0.008472221875 0.621796875 0.008472221875
1 0.7821875 0.05 0.7821875 0.001527778125 0.706171875 0.001527778125 0.706171875 0.05 0.7821875 0.05
1 0.71203125 0.00041666718749999997 0.71203125 0.028055556250000002 0.7770312500000001 0.028055556250000002 0.7770312500000001 0.00041666718749999997 0.71203125 0.00041666718749999997
1 0.79 0.09972222187499999 0.79 0.023472221874999998 0.70421875 0.023472221874999998 0.70421875 0.09972222187499999 0.79 0.09972222187499999
1 0.791953125 0.2001388890625 0.791953125 0.14819444375 0.709453125 0.14819444375 0.709453125 0.2001388890625 0.791953125 0.2001388890625
1 0.7971874999999999 0.2429166671875 0.7971874999999999 0.1863888890625 0.7107812499999999 0.1863888890625 0.7107812499999999 0.2429166671875 0.7971874999999999 0.2429166671875
1 0.80296875 0.26944444375 0.80296875 0.229027778125 0.7159375 0.229027778125 0.7159375 0.26944444375 0.80296875 0.26944444375
1 0.80296875 0.30874999999999997 0.80296875 0.2579166671875 0.71921875 0.2579166671875 0.71921875 0.30874999999999997 0.80296875 0.30874999999999997
1 0.80296875 0.33638888906250003 0.80296875 0.2913888890625 0.72765625 0.2913888890625 0.72765625 0.33638888906250003 0.80296875 0.33638888906250003
1 0.812734375 0.373472221875 0.812734375 0.32486111093750003 0.72765625 0.32486111093750003 0.72765625 0.373472221875 0.812734375 0.373472221875
1 0.81078125 0.41041666718750003 0.81078125 0.36069444375000004 0.726328125 0.36069444375000004 0.726328125 0.41041666718750003 0.81078125 0.41041666718750003
1 0.8133593749999999 0.4473611109375 0.8133593749999999 0.39416666718750004 0.72890625 0.39416666718750004 0.72890625 0.4473611109375 0.8133593749999999 0.4473611109375
1 0.808203125 0.502777778125 0.808203125 0.43 0.7328125 0.43 0.7328125 0.502777778125 0.808203125 0.502777778125
1 0.816015625 0.5351388890625 0.816015625 0.45999999999999996 0.738046875 0.45999999999999996 0.738046875 0.5351388890625 0.816015625 0.5351388890625
1 0.8719531249999999 0.50930555625 0.8719531249999999 0.4583333328125 0.797265625 0.4583333328125 0.797265625 0.50930555625 0.8719531249999999 0.50930555625
1 0.9092968750000001 0.4891666671875 0.9092968750000001 0.44875 0.8628125000000001 0.44875 0.8628125000000001 0.4891666671875 0.9092968750000001 0.4891666671875
1 0.8665625 0.42277777812500006 0.8665625 0.45444444375000004 0.913671875 0.45444444375000004 0.913671875 0.42277777812500006 0.8665625 0.42277777812500006
1 0.9120312500000001 0.4313888890625 0.9120312500000001 0.39388888906249997 0.864921875 0.39388888906249997 0.864921875 0.4313888890625 0.9120312500000001 0.4313888890625
1 0.864921875 0.365972221875 0.864921875 0.40055555624999994 0.913671875 0.40055555624999994 0.913671875 0.365972221875 0.864921875 0.365972221875
1 0.911484375 0.38236111093749997 0.911484375 0.3466666671875 0.8497656250000001 0.3466666671875 0.8497656250000001 0.38236111093749997 0.911484375 0.38236111093749997
1 0.860078125 0.31305555625000003 0.860078125 0.35055555625 0.910390625 0.35055555625 0.910390625 0.31305555625000003 0.860078125 0.31305555625000003
1 0.8692968750000001 0.28319444374999997 0.8692968750000001 0.32555555625 0.906640625 0.32555555625 0.906640625 0.28319444374999997 0.8692968750000001 0.28319444374999997
1 0.9044531250000001 0.2898611109375 0.9044531250000001 0.2611111109375 0.8638281250000001 0.2611111109375 0.8638281250000001 0.2898611109375 0.9044531250000001 0.2898611109375
1 0.85625 0.22541666718750003 0.85625 0.26875 0.896875 0.26875 0.896875 0.22541666718750003 0.85625 0.22541666718750003
1 0.9028124999999999 0.22930555625000001 0.9028124999999999 0.198472221875 0.8432812500000001 0.198472221875 0.8432812500000001 0.22930555625000001 0.9028124999999999 0.22930555625000001
1 0.929375 0.20805555625 0.929375 0.1686111109375 0.8839062500000001 0.1686111109375 0.8839062500000001 0.20805555625 0.929375 0.20805555625
1 0.9048437500000001 0.4486111109375 0.9048437500000001 0.475277778125 0.9412499999999999 0.475277778125 0.9412499999999999 0.4486111109375 0.9048437500000001 0.4486111109375
1 0.9048437500000001 0.42555555624999997 0.9048437500000001 0.4486111109375 0.9412499999999999 0.4486111109375 0.9412499999999999 0.42555555624999997 0.9048437500000001 0.42555555624999997
1 0.9399218749999999 0.4220833328125 0.9399218749999999 0.4001388890625 0.91328125 0.4001388890625 0.91328125 0.4220833328125 0.9399218749999999 0.4220833328125
1 0.9087500000000001 0.375972221875 0.9087500000000001 0.4048611109375 0.9405468750000001 0.4048611109375 0.9405468750000001 0.375972221875 0.9087500000000001 0.375972221875
1 0.90546875 0.35055555625 0.90546875 0.375972221875 0.9405468750000001 0.375972221875 0.9405468750000001 0.35055555625 0.90546875 0.35055555625
1 0.9385937500000001 0.344722221875 0.9385937500000001 0.3170833328125 0.90546875 0.3170833328125 0.90546875 0.344722221875 0.9385937500000001 0.344722221875
1 0.9009375000000001 0.2916666671875 0.9009375000000001 0.32625000000000004 0.9373437499999999 0.32625000000000004 0.9373437499999999 0.2916666671875 0.9009375000000001 0.2916666671875
1 0.9360156249999999 0.292777778125 0.9360156249999999 0.2673611109375 0.9028906250000001 0.2673611109375 0.9028906250000001 0.292777778125 0.9360156249999999 0.292777778125
1 0.8970312500000001 0.247777778125 0.8970312500000001 0.2766666671875 0.9334374999999999 0.2766666671875 0.9334374999999999 0.247777778125 0.8970312500000001 0.247777778125
1 0.9314843749999999 0.247777778125 0.9314843749999999 0.2176388890625 0.8970312500000001 0.2176388890625 0.8970312500000001 0.247777778125 0.9314843749999999 0.247777778125
1 0.8925000000000001 0.193472221875 0.8925000000000001 0.22930555625000001 0.9301562499999999 0.22930555625000001 0.9301562499999999 0.193472221875 0.8925000000000001 0.193472221875
1 0.948984375 0.22000000000000003 0.948984375 0.1888888890625 0.9242968749999999 0.1888888890625 0.9242968749999999 0.22000000000000003 0.948984375 0.22000000000000003
1 0.9301562499999999 0.22000000000000003 0.9301562499999999 0.247777778125 0.9477343749999999 0.247777778125 0.9477343749999999 0.22000000000000003 0.9301562499999999 0.22000000000000003
1 0.95875 0.2754166671875 0.95875 0.2304166671875 0.92890625 0.2304166671875 0.92890625 0.2754166671875 0.95875 0.2754166671875
1 0.9275781249999999 0.25694444375000003 0.9275781249999999 0.28930555625 0.95875 0.28930555625 0.95875 0.25694444375000003 0.9275781249999999 0.25694444375000003
1 0.9581250000000001 0.314722221875 0.9581250000000001 0.28472222187499996 0.9307812500000001 0.28472222187499996 0.9307812500000001 0.314722221875 0.9581250000000001 0.314722221875
1 0.92890625 0.30430555625 0.92890625 0.3308333328125 0.9600781250000001 0.3308333328125 0.9600781250000001 0.30430555625 0.92890625 0.30430555625
1 0.961328125 0.35402777812499997 0.961328125 0.33430555625 0.9327343750000001 0.33430555625 0.9327343750000001 0.35402777812499997 0.961328125 0.35402777812499997
1 0.96265625 0.3770833328125 0.96265625 0.3458333328125 0.9412499999999999 0.3458333328125 0.9412499999999999 0.3770833328125 0.96265625 0.3770833328125
1 0.9620312500000001 0.39791666718749996 0.9620312500000001 0.36319444375 0.9385937500000001 0.36319444375 0.9385937500000001 0.39791666718749996 0.9620312500000001 0.39791666718749996
1 0.959375 0.4151388890625 0.959375 0.3920833328125 0.9360156249999999 0.3920833328125 0.9360156249999999 0.4151388890625 0.959375 0.4151388890625
1 0.9600781250000001 0.435972221875 0.9600781250000001 0.39791666718749996 0.9360156249999999 0.39791666718749996 0.9360156249999999 0.435972221875 0.9600781250000001 0.435972221875
1 0.9620312500000001 0.46486111093750004 0.9620312500000001 0.43361111093750004 0.9412499999999999 0.43361111093750004 0.9412499999999999 0.46486111093750004 0.9620312500000001 0.46486111093750004
1 0.985390625 0.45555555625000005 0.985390625 0.43361111093750004 0.9581250000000001 0.43361111093750004 0.9581250000000001 0.45555555625000005 0.985390625 0.45555555625000005
1 0.9639843750000001 0.40819444374999997 0.9639843750000001 0.43361111093750004 0.989296875 0.43361111093750004 0.989296875 0.40819444374999997 0.9639843750000001 0.40819444374999997
1 0.986015625 0.4198611109375 0.986015625 0.389722221875 0.9600781250000001 0.389722221875 0.9600781250000001 0.4198611109375 0.986015625 0.4198611109375
1 0.9620312500000001 0.3770833328125 0.9620312500000001 0.39791666718749996 0.98671875 0.39791666718749996 0.98671875 0.3770833328125 0.9620312500000001 0.3770833328125
1 0.98671875 0.3770833328125 0.98671875 0.3516666671875 0.957421875 0.3516666671875 0.957421875 0.3770833328125 0.98671875 0.3770833328125
1 0.95875 0.33430555625 0.95875 0.35625 0.982109375 0.35625 0.982109375 0.33430555625 0.95875 0.33430555625
1 0.9522656250000001 0.307777778125 0.9522656250000001 0.339027778125 0.98671875 0.339027778125 0.98671875 0.307777778125 0.9522656250000001 0.307777778125
1 0.98015625 0.3136111109375 0.98015625 0.292777778125 0.95546875 0.292777778125 0.95546875 0.3136111109375 0.98015625 0.3136111109375
1 0.956796875 0.26625 0.956796875 0.2951388890625 0.978203125 0.2951388890625 0.978203125 0.26625 0.956796875 0.26625
1 0.974375 0.27319444375 0.974375 0.2523611109375 0.9561718750000001 0.2523611109375 0.9561718750000001 0.27319444375 0.974375 0.27319444375
1 0.9542187500000001 0.2338888890625 0.9542187500000001 0.254722221875 0.98015625 0.254722221875 0.98015625 0.2338888890625 0.9542187500000001 0.2338888890625
1 0.973671875 0.2408333328125 0.973671875 0.208472221875 0.9522656250000001 0.208472221875 0.9522656250000001 0.2408333328125 0.973671875 0.2408333328125
1 0.9828125 0.178472221875 0.9828125 0.21430555624999997 0.99640625 0.21430555624999997 0.99640625 0.178472221875 0.9828125 0.178472221875
1 0.9483593750000001 0.16 0.9483593750000001 0.1991666671875 0.982109375 0.1991666671875 0.982109375 0.16 0.9483593750000001 0.16
1 0.92359375 0.1336111109375 0.92359375 0.174027778125 0.9452343750000001 0.174027778125 0.9452343750000001 0.1336111109375 0.92359375 0.1336111109375
1 0.920859375 0.1201388890625 0.920859375 0.14986111093750001 0.946328125 0.14986111093750001 0.946328125 0.1201388890625 0.920859375 0.1201388890625
1 0.916015625 0.09694444375 0.916015625 0.1316666671875 0.943046875 0.1316666671875 0.943046875 0.09694444375 0.916015625 0.09694444375
1 0.914375 0.07291666718749999 0.914375 0.10847222187500001 0.9457812499999999 0.10847222187500001 0.9457812499999999 0.07291666718749999 0.914375 0.07291666718749999
1 0.928984375 0.0508333328125 0.928984375 0.0123611109375 0.9073437500000001 0.0123611109375 0.9073437500000001 0.0508333328125 0.928984375 0.0508333328125
1 0.9106249999999999 0.056527778125000004 0.9106249999999999 0.08930555625 0.9452343750000001 0.08930555625 0.9452343750000001 0.056527778125000004 0.9106249999999999 0.056527778125000004
1 0.9365625 0.06999999999999999 0.9365625 0.0354166671875 0.912734375 0.0354166671875 0.912734375 0.06999999999999999 0.9365625 0.06999999999999999
1 0.9003125000000001 0.006527778125 0.9003125000000001 0.0354166671875 0.93875 0.0354166671875 0.93875 0.006527778125 0.9003125000000001 0.006527778125
1 0.90359375 0.00069444375 0.90359375 0.0123611109375 0.9295312499999999 0.0123611109375 0.9295312499999999 0.00069444375 0.90359375 0.00069444375
1 0.91328125 0.03444444375 0.91328125 0.0016666671875 0.87328125 0.0016666671875 0.87328125 0.03444444375 0.91328125 0.03444444375
1 0.878125 0.0075 0.878125 0.0508333328125 0.9084375 0.0508333328125 0.9084375 0.0075 0.878125 0.0075
1 0.912734375 0.0748611109375 0.912734375 0.031527778125 0.8797656249999999 0.031527778125 0.8797656249999999 0.0748611109375 0.912734375 0.0748611109375
1 0.8803124999999999 0.052777778124999994 0.8803124999999999 0.095972221875 0.9121874999999999 0.095972221875 0.9121874999999999 0.052777778124999994 0.8803124999999999 0.052777778124999994
1 0.9154687499999999 0.11333333281249999 0.9154687499999999 0.07388888906249999 0.8814062500000001 0.07388888906249999 0.8814062500000001 0.11333333281249999 0.9154687499999999 0.11333333281249999
1 0.88734375 0.09694444375 0.88734375 0.1336111109375 0.91875 0.1336111109375 0.91875 0.09694444375 0.88734375 0.09694444375
1 0.9252343749999999 0.1633333328125 0.9252343749999999 0.127777778125 0.89 0.127777778125 0.89 0.1633333328125 0.9252343749999999 0.1633333328125
1 0.845078125 0.0883333328125 0.845078125 0.13930555625000002 0.8862500000000001 0.13930555625000002 0.8862500000000001 0.0883333328125 0.845078125 0.0883333328125
1 0.8840625 0.10847222187500001 0.8840625 0.06625 0.8456250000000001 0.06625 0.8456250000000001 0.10847222187500001 0.8840625 0.10847222187500001
1 0.8413281250000001 0.046944443749999995 0.8413281250000001 0.0863888890625 0.883515625 0.0863888890625 0.883515625 0.046944443749999995 0.8413281250000001 0.046944443749999995
1 0.882421875 0.06625 0.882421875 0.015138889062499999 0.8396874999999999 0.015138889062499999 0.8396874999999999 0.06625 0.882421875 0.06625
1 0.84078125 0.0026388890625 0.84078125 0.0354166671875 0.8759375 0.0354166671875 0.8759375 0.0026388890625 0.84078125 0.0026388890625
1 0.84453125 0.0354166671875 0.84453125 0.0045833328125 0.7849999999999999 0.0045833328125 0.7849999999999999 0.0354166671875 0.84453125 0.0354166671875
1 0.7817968750000001 0.0045833328125 0.7817968750000001 0.06625 0.8396874999999999 0.06625 0.8396874999999999 0.0045833328125 0.7817968750000001 0.0045833328125
1 0.8413281250000001 0.07194444375 0.8413281250000001 0.023888889062499998 0.7849999999999999 0.023888889062499998 0.7849999999999999 0.07194444375 0.8413281250000001 0.07194444375
1 0.78390625 0.06805555625000001 0.78390625 0.104722221875 0.8434375 0.104722221875 0.8434375 0.06805555625000001 0.78390625 0.06805555625000001