1 0.376328125 0.9005208328125001 0.376328125 0.6760416671875 0.178828125 0.6760416671875 0.178828125 0.9005208328125001 0.376328125 0.9005208328125001
1 0.40718750000000004 0.9911458328125 0.40718750000000004 0.7882291671874999 0.2546875 0.7882291671874999 0.2546875 0.9911458328125 0.40718750000000004 0.9911458328125
1 0.23984375 0.796875 0.23984375 0.6720833328125 0.1234375 0.6720833328125 0.1234375 0.796875 0.23984375 0.796875
1 0.07875 0.6319791671874999 0.07875 0.7234375 0.14945312500000002 0.7234375 0.14945312500000002 0.6319791671874999 0.07875 0.6319791671874999
1 0.1359375 0.6707291671875 0.1359375 0.5959375 0.052734375 0.5959375 0.052734375 0.6707291671875 0.1359375 0.6707291671875
1 0.026796874999999998 0.5764583328125 0.026796874999999998 0.6375 0.053828125000000004 0.6375 0.053828125000000004 0.5764583328125 0.026796874999999998 0.5764583328125
1 0.043437500000000004 0.5959375 0.043437500000000004 0.5390625 0.00703125 0.5390625 0.00703125 0.5959375 0.043437500000000004 0.5959375
1 0.304296875 0.146875 0.304296875 0.055416667187500004 0.044453124999999996 0.055416667187500004 0.044453124999999996 0.146875 0.304296875 0.146875
1 0.24085937500000001 0.19125 0.24085937500000001 0.0984375 0.01640625 0.0984375 0.01640625 0.19125 0.24085937500000001 0.19125
1 0.2284375 0.19958333281250001 0.2284375 0.1303125 0.00390625 0.1303125 0.00390625 0.19958333281250001 0.2284375 0.19958333281250001
1 0.358359375 0.2092708328125 0.358359375 0.1677083328125 0.265859375 0.1677083328125 0.265859375 0.2092708328125 0.358359375 0.2092708328125