1 0.998046875 0.498625 0.998046875 0.473625 0.9859375 0.473625 0.9859375 0.498625 0.998046875 0.498625
1 0.489609375 0.26025 0.489609375 0.21725 0.43851562499999996 0.21725 0.43851562499999996 0.26025 0.489609375 0.26025
1 0.617265625 0.27675 0.617265625 0.23025 0.5465625000000001 0.23025 0.5465625000000001 0.27675 0.617265625 0.27675
1 0.515859375 0.20387499999999997 0.515859375 0.143875 0.40679687500000006 0.143875 0.40679687500000006 0.20387499999999997 0.515859375 0.20387499999999997
1 0.42289062499999996 0.18662499999999999 0.42289062499999996 0.147875 0.351875 0.147875 0.351875 0.18662499999999999 0.42289062499999996 0.18662499999999999
1 0.34976562499999997 0.190625 0.34976562499999997 0.151875 0.29085937500000003 0.151875 0.29085937500000003 0.190625 0.34976562499999997 0.190625
1 0.44171875 0.25012500000000004 0.44171875 0.22875 0.391171875 0.22875 0.391171875 0.25012500000000004 0.44171875 0.25012500000000004
1 0.0032812500000000003 0.002875 0.0032812500000000003 0.071 0.26234375 0.071 0.26234375 0.002875 0.0032812500000000003 0.002875
1 0.14328125 0.112625 0.14328125 0.0017500000000000003 0.000390625 0.0017500000000000003 0.000390625 0.112625 0.14328125 0.112625
1 0.180078125 0.191125 0.180078125 0.15425 0.11515625 0.15425 0.11515625 0.191125 0.180078125 0.191125
1 0.255859375 0.19225 0.255859375 0.146125 0.1771875 0.146125 0.1771875 0.19225 0.255859375 0.19225
1 0.6194531249999999 0.079375 0.6194531249999999 0.0052499999999999995 0.535859375 0.0052499999999999995 0.535859375 0.079375 0.6194531249999999 0.079375
1 0.5623437499999999 0.0755 0.5623437499999999 0.00425 0.47750000000000004 0.00425 0.47750000000000004 0.0755 0.5623437499999999 0.0755
1 0.68140625 0.13899999999999998 0.68140625 0.110125 0.61890625 0.110125 0.61890625 0.13899999999999998 0.68140625 0.13899999999999998