1 0.540546875 0.009270832812500001 0.540546875 0.1720833328125 0.9213281249999999 0.1720833328125 0.9213281249999999 0.009270832812500001 0.540546875 0.009270832812500001
1 0.928515625 0.2846875 0.928515625 0.0595833328125 0.54234375 0.0595833328125 0.54234375 0.2846875 0.928515625 0.2846875
1 0.9375 0.43072916718750004 0.9375 0.22000000000000003 0.5459375 0.22000000000000003 0.5459375 0.43072916718750004 0.9375 0.43072916718750004
1 0.946484375 0.5433333328125001 0.946484375 0.36364583281249996 0.544140625 0.36364583281249996 0.544140625 0.5433333328125001 0.946484375 0.5433333328125001
1 0.94109375 0.718125 0.94109375 0.4594791671875 0.5387500000000001 0.4594791671875 0.5387500000000001 0.718125 0.94109375 0.718125
1 0.94109375 0.8354166671875 0.94109375 0.58875 0.554921875 0.58875 0.554921875 0.8354166671875 0.94109375 0.8354166671875
1 0.928515625 0.9983333328124999 0.928515625 0.718125 0.54234375 0.718125 0.54234375 0.9983333328124999 0.928515625 0.9983333328124999
1 0.8800000000000001 0.9959374999999999 0.8800000000000001 0.7994791671875 0.5603125 0.7994791671875 0.5603125 0.9959374999999999 0.8800000000000001 0.9959374999999999
1 0.700390625 0.9911458328125 0.700390625 0.9096875000000001 0.544140625 0.9096875000000001 0.544140625 0.9911458328125 0.700390625 0.9911458328125
1 0.36453125000000003 0.8330208328125 0.36453125000000003 0.9863541671875 0.554921875 0.9863541671875 0.554921875 0.8330208328125 0.36453125000000003 0.8330208328125
1 0.5962500000000001 0.9528125 0.5962500000000001 0.7564583328125 0.3609375 0.7564583328125 0.3609375 0.9528125 0.5962500000000001 0.9528125
1 0.368125 0.6869791671875001 0.368125 0.8521875 0.5764843749999999 0.8521875 0.5764843749999999 0.6869791671875001 0.368125 0.6869791671875001
1 0.569296875 0.7660416671875 0.569296875 0.6222916671875 0.3609375 0.6222916671875 0.3609375 0.7660416671875 0.569296875 0.7660416671875
1 0.368125 0.5361458328125 0.368125 0.7013541671875 0.5639062499999999 0.7013541671875 0.5639062499999999 0.5361458328125 0.368125 0.5361458328125
1 0.612421875 0.6103125 0.612421875 0.46666666718750005 0.353828125 0.46666666718750005 0.353828125 0.6103125 0.612421875 0.6103125
1 0.339453125 0.39 0.339453125 0.505 0.598046875 0.505 0.598046875 0.39 0.339453125 0.39
1 0.353828125 0.3158333328125 0.353828125 0.41635416718749996 0.5764843749999999 0.41635416718749996 0.5764843749999999 0.3158333328125 0.353828125 0.3158333328125
1 0.554921875 0.3445833328125 0.554921875 0.2295833328125 0.3484375 0.2295833328125 0.3484375 0.3445833328125 0.554921875 0.3445833328125
1 0.346640625 0.11468750000000001 0.346640625 0.25114583281249997 0.5836718750000001 0.25114583281249997 0.5836718750000001 0.11468750000000001 0.346640625 0.11468750000000001
1 0.565703125 0.1720833328125 0.565703125 0.0404166671875 0.353828125 0.0404166671875 0.353828125 0.1720833328125 0.565703125 0.1720833328125
1 0.33765625 0.0140625 0.33765625 0.0907291671875 0.5118750000000001 0.0907291671875 0.5118750000000001 0.0140625 0.33765625 0.0140625
1 0.357421875 0.0859375 0.357421875 0.0044791671875 0.26578124999999997 0.0044791671875 0.26578124999999997 0.0859375 0.357421875 0.0859375
1 0.3896875 0.15531250000000002 0.3896875 0.0452083328125 0.260390625 0.0452083328125 0.260390625 0.15531250000000002 0.3896875 0.15531250000000002
1 0.368125 0.2295833328125 0.368125 0.1075 0.260390625 0.1075 0.260390625 0.2295833328125 0.368125 0.2295833328125
1 0.359140625 0.2822916671875 0.359140625 0.1816666671875 0.26578124999999997 0.1816666671875 0.26578124999999997 0.2822916671875 0.359140625 0.2822916671875
1 0.3609375 0.335 0.3609375 0.25833333281250004 0.26578124999999997 0.25833333281250004 0.26578124999999997 0.335 0.3609375 0.335
1 0.366328125 0.4091666671875 0.366328125 0.3254166671875 0.271171875 0.3254166671875 0.271171875 0.4091666671875 0.366328125 0.4091666671875
1 0.368125 0.4690625 0.368125 0.3852083328125 0.2621875 0.3852083328125 0.2621875 0.4690625 0.368125 0.4690625
1 0.359140625 0.5289583328125 0.359140625 0.4403125 0.267578125 0.4403125 0.267578125 0.5289583328125 0.359140625 0.5289583328125
1 0.357421875 0.6127083328125 0.357421875 0.5073958328125 0.260390625 0.5073958328125 0.260390625 0.6127083328125 0.357421875 0.6127083328125
1 0.359140625 0.6797916671875 0.359140625 0.5648958328125 0.26937500000000003 0.5648958328125 0.26937500000000003 0.6797916671875 0.359140625 0.6797916671875
1 0.368125 0.7564583328125 0.368125 0.631875 0.271171875 0.631875 0.271171875 0.7564583328125 0.368125 0.7564583328125
1 0.285546875 0.6678124999999999 0.285546875 0.8210416671875 0.3609375 0.8210416671875 0.3609375 0.6678124999999999 0.285546875 0.6678124999999999
1 0.36453125000000003 0.8833333328125 0.36453125000000003 0.746875 0.26578124999999997 0.746875 0.26578124999999997 0.8833333328125 0.36453125000000003 0.8833333328125
1 0.19546875 0.6957291671875 0.19546875 0.7954166671875 0.27531249999999996 0.7954166671875 0.27531249999999996 0.6957291671875 0.19546875 0.6957291671875
1 0.2653125 0.7422916671875 0.2653125 0.6391666671875 0.19546875 0.6391666671875 0.19546875 0.7422916671875 0.2653125 0.7422916671875
1 0.19296875 0.5809375 0.19296875 0.6873958328125 0.27531249999999996 0.6873958328125 0.27531249999999996 0.5809375 0.19296875 0.5809375
1 0.295234375 0.6174999999999999 0.295234375 0.529375 0.185546875 0.529375 0.185546875 0.6174999999999999 0.295234375 0.6174999999999999
1 0.181796875 0.49114583281249996 0.181796875 0.5560416671875 0.27156250000000004 0.5560416671875 0.27156250000000004 0.49114583281249996 0.181796875 0.49114583281249996
1 0.2865625 0.4994791671875 0.2865625 0.42458333281250005 0.17679687500000002 0.42458333281250005 0.17679687500000002 0.4994791671875 0.2865625 0.4994791671875
1 0.178046875 0.38635416718750004 0.178046875 0.4529166671875 0.2803125 0.4529166671875 0.2803125 0.38635416718750004 0.178046875 0.38635416718750004
1 0.179296875 0.33479166718750003 0.179296875 0.3963541671875 0.2828125 0.3963541671875 0.2828125 0.33479166718750003 0.179296875 0.33479166718750003
1 0.28671875 0.15875 0.28671875 0.0307291671875 0.183203125 0.0307291671875 0.183203125 0.15875 0.28671875 0.15875
1 0.27796875 0.1969791671875 0.27796875 0.0988541671875 0.185703125 0.0988541671875 0.185703125 0.1969791671875 0.27796875 0.1969791671875
1 0.26796875 0.23854166718749997 0.26796875 0.1520833328125 0.181953125 0.1520833328125 0.181953125 0.23854166718749997 0.26796875 0.23854166718749997
1 0.29296875 0.28010416718750003 0.29296875 0.21031249999999999 0.183203125 0.21031249999999999 0.183203125 0.28010416718750003 0.29296875 0.28010416718750003
1 0.28296875 0.3383333328125 0.28296875 0.2652083328125 0.181953125 0.2652083328125 0.181953125 0.3383333328125 0.28296875 0.3383333328125
1 0.193125 0.2851041671875 0.193125 0.20197916718750003 0.13328125 0.20197916718750003 0.13328125 0.2851041671875 0.193125 0.2851041671875
1 0.195625 0.31677083281249996 0.195625 0.2552083328125 0.14203125 0.2552083328125 0.14203125 0.31677083281249996 0.195625 0.31677083281249996
1 0.181953125 0.3516666671875 0.181953125 0.2934375 0.13578125000000002 0.2934375 0.13578125000000002 0.3516666671875 0.181953125 0.3516666671875
1 0.185703125 0.4015625 0.185703125 0.33999999999999997 0.14328125 0.33999999999999997 0.14328125 0.4015625 0.185703125 0.4015625
1 0.183203125 0.4497916671875 0.183203125 0.3882291671875 0.14078125 0.3882291671875 0.14078125 0.4497916671875 0.183203125 0.4497916671875
1 0.185703125 0.4846875 0.185703125 0.4247916671875 0.14203125 0.4247916671875 0.14203125 0.4846875 0.185703125 0.4846875
1 0.190703125 0.5379166671875 0.190703125 0.46635416718749995 0.14078125 0.46635416718749995 0.14078125 0.5379166671875 0.190703125 0.5379166671875
1 0.188203125 0.5711458328125001 0.188203125 0.5046875 0.14828125 0.5046875 0.14828125 0.5711458328125001 0.188203125 0.5711458328125001
1 0.186953125 0.629375 0.186953125 0.5529166671875 0.14828125 0.5529166671875 0.14828125 0.629375 0.186953125 0.629375
1 0.15328124999999998 0.5978125000000001 0.15328124999999998 0.6742708328125 0.183203125 0.6742708328125 0.183203125 0.5978125000000001 0.15328124999999998 0.5978125000000001
1 0.188203125 0.7175 0.188203125 0.6360416671875 0.14828125 0.6360416671875 0.14828125 0.7175 0.188203125 0.7175
1 0.113359375 0.609375 0.113359375 0.6642708328125 0.161953125 0.6642708328125 0.161953125 0.609375 0.113359375 0.609375
1 0.160703125 0.619375 0.160703125 0.5711458328125001 0.10960937500000001 0.5711458328125001 0.10960937500000001 0.619375 0.160703125 0.619375
1 0.10960937500000001 0.5395833328124999 0.10960937500000001 0.5844791671875 0.155703125 0.5844791671875 0.155703125 0.5395833328124999 0.10960937500000001 0.5395833328124999
1 0.10960937500000001 0.4996875 0.10960937500000001 0.5395833328124999 0.158203125 0.5395833328124999 0.158203125 0.4996875 0.10960937500000001 0.4996875
1 0.108359375 0.46968750000000004 0.108359375 0.4996875 0.158203125 0.4996875 0.158203125 0.46968750000000004 0.108359375 0.46968750000000004
1 0.10710937499999999 0.4314583328125 0.10710937499999999 0.46968750000000004 0.14953125 0.46968750000000004 0.14953125 0.4314583328125 0.10710937499999999 0.4314583328125
1 0.10710937499999999 0.3982291671875 0.10710937499999999 0.4314583328125 0.14953125 0.4314583328125 0.14953125 0.3982291671875 0.10710937499999999 0.3982291671875
1 0.105859375 0.3566666671875 0.105859375 0.39656250000000004 0.15328124999999998 0.39656250000000004 0.15328124999999998 0.3566666671875 0.105859375 0.3566666671875
1 0.10210937499999999 0.31843750000000004 0.10210937499999999 0.3616666671875 0.15453125 0.3616666671875 0.15453125 0.31843750000000004 0.10210937499999999 0.31843750000000004
1 0.103359375 0.2851041671875 0.103359375 0.33166666718750004 0.14078125 0.33166666718750004 0.14078125 0.2851041671875 0.103359375 0.2851041671875
1 0.14328125 0.2851041671875 0.14328125 0.2452083328125 0.10210937499999999 0.2452083328125 0.10210937499999999 0.2851041671875 0.14328125 0.2851041671875
1 0.10210937499999999 0.20197916718750003 0.10210937499999999 0.25354166718750004 0.13828125 0.25354166718750004 0.13828125 0.20197916718750003 0.10210937499999999 0.20197916718750003
1 0.181953125 0.2186458328125 0.181953125 0.1654166671875 0.113359375 0.1654166671875 0.113359375 0.2186458328125 0.181953125 0.2186458328125
1 0.112109375 0.22531249999999997 0.112109375 0.1836458328125 0.058437499999999996 0.1836458328125 0.058437499999999996 0.22531249999999997 0.112109375 0.22531249999999997
1 0.10210937499999999 0.25187499999999996 0.10210937499999999 0.22531249999999997 0.058437499999999996 0.22531249999999997 0.058437499999999996 0.25187499999999996 0.10210937499999999 0.25187499999999996
1 0.104609375 0.2984375 0.104609375 0.25354166718750004 0.0721875 0.25354166718750004 0.0721875 0.2984375 0.104609375 0.2984375
1 0.104609375 0.335 0.104609375 0.2984375 0.0721875 0.2984375 0.0721875 0.335 0.104609375 0.335
1 0.10710937499999999 0.3583333328125 0.10710937499999999 0.335 0.07468749999999999 0.335 0.07468749999999999 0.3583333328125 0.10710937499999999 0.3583333328125
1 0.103359375 0.40489583281249997 0.103359375 0.3583333328125 0.07468749999999999 0.3583333328125 0.07468749999999999 0.40489583281249997 0.103359375 0.40489583281249997
1 0.103359375 0.438125 0.103359375 0.40489583281249997 0.0759375 0.40489583281249997 0.0759375 0.438125 0.103359375 0.438125
1 0.108359375 0.47468750000000004 0.108359375 0.438125 0.0759375 0.438125 0.0759375 0.47468750000000004 0.108359375 0.47468750000000004
1 0.104609375 0.51125 0.104609375 0.46635416718749995 0.0734375 0.46635416718749995 0.0734375 0.51125 0.104609375 0.51125
1 0.103359375 0.5379166671875 0.103359375 0.49802083281250004 0.0696875 0.49802083281250004 0.0696875 0.5379166671875 0.103359375 0.5379166671875
1 0.108359375 0.5694791671874999 0.108359375 0.5295833328125 0.0734375 0.5295833328125 0.0734375 0.5694791671874999 0.108359375 0.5694791671874999
1 0.113359375 0.5961458328125 0.113359375 0.5661458328125 0.07843750000000001 0.5661458328125 0.07843750000000001 0.5961458328125 0.113359375 0.5961458328125
1 0.11460937499999999 0.639375 0.11460937499999999 0.5961458328125 0.0721875 0.5961458328125 0.0721875 0.639375 0.11460937499999999 0.639375
1 0.238046875 0.1188541671875 0.238046875 0.055625 0.08835937499999999 0.055625 0.08835937499999999 0.1188541671875 0.238046875 0.1188541671875
1 0.18070312500000002 0.0057291671875 0.18070312500000002 0.047291667187500004 0.245546875 0.047291667187500004 0.245546875 0.0057291671875 0.18070312500000002 0.0057291671875
1 0.188203125 0.08562499999999999 0.188203125 0.0190625 0.094609375 0.0190625 0.094609375 0.08562499999999999 0.188203125 0.08562499999999999
1 0.09210937500000001 0.0073958328125 0.09210937500000001 0.0373958328125 0.160703125 0.0373958328125 0.160703125 0.0073958328125 0.09210937500000001 0.0073958328125
1 0.09210937500000001 0.045625 0.09210937500000001 0.0090625 0.0609375 0.0090625 0.0609375 0.045625 0.09210937500000001 0.045625
1 0.09210937500000001 0.0938541671875 0.09210937500000001 0.0290625 0.053437500000000006 0.0290625 0.053437500000000006 0.0938541671875 0.09210937500000001 0.0938541671875
1 0.103359375 0.1288541671875 0.103359375 0.06395833281249999 0.0571875 0.06395833281249999 0.0571875 0.1288541671875 0.103359375 0.1288541671875
1 0.118359375 0.14875 0.118359375 0.10218750000000001 0.059687500000000004 0.10218750000000001 0.059687500000000004 0.14875 0.118359375 0.14875