1 0.379921875 0.7633333328125 0.379921875 0.6328125 0.174609375 0.6328125 0.174609375 0.7633333328125 0.379921875 0.7633333328125
1 0.16421875 0.7830208328125 0.16421875 0.7009375 0.002265625 0.7009375 0.002265625 0.7830208328125 0.16421875 0.7830208328125
1 0.163359375 0.7379166671874999 0.163359375 0.6536458328125 0.003125 0.6536458328125 0.003125 0.7379166671874999 0.163359375 0.7379166671874999
1 0.17640625000000001 0.6813541671875 0.17640625000000001 0.5982291671875 0.003125 0.5982291671875 0.003125 0.6813541671875 0.17640625000000001 0.6813541671875
1 0.003984375 0.538125 0.003984375 0.6213541671875 0.161640625 0.6213541671875 0.161640625 0.538125 0.003984375 0.538125
1 0.1703125 0.5566666671875 0.1703125 0.4769791671875 0.003125 0.4769791671875 0.003125 0.5566666671875 0.1703125 0.5566666671875
1 0.004921875 0.4203125 0.004921875 0.5081249999999999 0.16078125000000001 0.5081249999999999 0.16078125000000001 0.4203125 0.004921875 0.4203125
1 0.159921875 0.42885416718749997 0.159921875 0.3695833328125 0.009609375 0.3695833328125 0.009609375 0.42885416718749997 0.159921875 0.42885416718749997
1 0.156796875 0.375625 0.156796875 0.3025 0.0008593750000000001 0.3025 0.0008593750000000001 0.375625 0.156796875 0.375625
1 0.00046875 0.23875000000000002 0.00046875 0.2983333328125 0.155390625 0.2983333328125 0.155390625 0.23875000000000002 0.00046875 0.23875000000000002
1 0.0015625 0.17093750000000002 0.0015625 0.25406249999999997 0.16468750000000001 0.25406249999999997 0.16468750000000001 0.17093750000000002 0.0015625 0.17093750000000002
1 0.15328124999999998 0.1875 0.15328124999999998 0.11687499999999999 0.0046875 0.11687499999999999 0.0046875 0.1875 0.15328124999999998 0.1875
1 0.0035937499999999997 0.0447916671875 0.0035937499999999997 0.1223958328125 0.14390624999999999 0.1223958328125 0.14390624999999999 0.0447916671875 0.0035937499999999997 0.0447916671875
1 0.34140625 0.33718750000000003 0.34140625 0.2789583328125 0.157421875 0.2789583328125 0.157421875 0.33718750000000003 0.34140625 0.33718750000000003
1 0.339296875 0.3939583328125 0.339296875 0.3288541671875 0.158515625 0.3288541671875 0.158515625 0.3939583328125 0.339296875 0.3939583328125
1 0.340390625 0.43562500000000004 0.340390625 0.371875 0.18859375 0.371875 0.18859375 0.43562500000000004 0.340390625 0.43562500000000004
1 0.32999999999999996 0.4882291671875 0.32999999999999996 0.41479166718749994 0.169921875 0.41479166718749994 0.169921875 0.4882291671875 0.32999999999999996 0.4882291671875
1 0.32890625 0.5229166671875001 0.32890625 0.46333333281250005 0.166796875 0.46333333281250005 0.166796875 0.5229166671875001 0.32890625 0.5229166671875001
1 0.34453125 0.5769791671875 0.34453125 0.5007291671874999 0.16890624999999998 0.5007291671874999 0.16890624999999998 0.5769791671875 0.34453125 0.5769791671875
1 0.340390625 0.6282291671875 0.340390625 0.5561458328125 0.18656250000000002 0.5561458328125 0.18656250000000002 0.6282291671875 0.340390625 0.6282291671875
1 0.34765625 0.6726041671874999 0.34765625 0.6032291671875 0.182421875 0.6032291671875 0.182421875 0.6726041671874999 0.34765625 0.6726041671874999
1 0.554453125 0.71 0.554453125 0.6434375 0.348671875 0.6434375 0.348671875 0.71 0.554453125 0.71
1 0.5503125 0.6697916671875 0.5503125 0.6073958328125 0.33515625 0.6073958328125 0.33515625 0.6697916671875 0.5503125 0.6697916671875
1 0.337265625 0.5561458328125 0.337265625 0.6088541671875001 0.539921875 0.6088541671875001 0.539921875 0.5561458328125 0.337265625 0.5561458328125
1 0.5513281250000001 0.5728125000000001 0.5513281250000001 0.5132291671875 0.321640625 0.5132291671875 0.321640625 0.5728125000000001 0.5513281250000001 0.5728125000000001
1 0.32999999999999996 0.4688541671875 0.32999999999999996 0.5201041671875 0.5534375 0.5201041671875 0.5534375 0.4688541671875 0.32999999999999996 0.4688541671875
1 0.558671875 0.4923958328125 0.558671875 0.43562500000000004 0.34968750000000004 0.43562500000000004 0.34968750000000004 0.4923958328125 0.558671875 0.4923958328125
1 0.342421875 0.3829166671875 0.342421875 0.42864583281249996 0.5607031250000001 0.42864583281249996 0.5607031250000001 0.3829166671875 0.342421875 0.3829166671875
1 0.555546875 0.3898958328125 0.555546875 0.3261458328125 0.33203125 0.3261458328125 0.33203125 0.3898958328125 0.555546875 0.3898958328125
1 0.346640625 0.2859375 0.346640625 0.3385416671875 0.554453125 0.3385416671875 0.554453125 0.2859375 0.346640625 0.2859375
1 0.5471874999999999 0.3053125 0.5471874999999999 0.2526041671875 0.34968750000000004 0.2526041671875 0.34968750000000004 0.3053125 0.5471874999999999 0.3053125
1 0.340390625 0.1764583328125 0.340390625 0.2665625 0.5524218750000001 0.2665625 0.5524218750000001 0.1764583328125 0.340390625 0.1764583328125
1 0.692734375 0.29562499999999997 0.692734375 0.231875 0.548203125 0.231875 0.548203125 0.29562499999999997 0.692734375 0.29562499999999997
1 0.696875 0.3482291671875 0.696875 0.2859375 0.549296875 0.2859375 0.549296875 0.3482291671875 0.696875 0.3482291671875
1 0.70203125 0.36770833281250004 0.70203125 0.3233333328125 0.5524218750000001 0.3233333328125 0.5524218750000001 0.36770833281250004 0.70203125 0.36770833281250004
1 0.697890625 0.4203125 0.697890625 0.36906249999999996 0.557578125 0.36906249999999996 0.557578125 0.4203125 0.697890625 0.4203125
1 0.697890625 0.46333333281250005 0.697890625 0.40374999999999994 0.548203125 0.40374999999999994 0.548203125 0.46333333281250005 0.697890625 0.46333333281250005
1 0.6958593750000001 0.4965625 0.6958593750000001 0.44802083281250005 0.5440625 0.44802083281250005 0.5440625 0.4965625 0.6958593750000001 0.4965625
1 0.686484375 0.5561458328125 0.686484375 0.4965625 0.5440625 0.4965625 0.5440625 0.5561458328125 0.686484375 0.5561458328125
1 0.697890625 0.5977083328125 0.697890625 0.5339583328125 0.534765625 0.5339583328125 0.534765625 0.5977083328125 0.697890625 0.5977083328125
1 0.69375 0.653125 0.69375 0.5838541671875 0.531640625 0.5838541671875 0.531640625 0.653125 0.69375 0.653125
1 0.6875 0.6808333328125 0.6875 0.6185416671875 0.5378125 0.6185416671875 0.5378125 0.6808333328125 0.6875 0.6808333328125
1 0.8319531250000001 0.6559375000000001 0.8319531250000001 0.6032291671875 0.697890625 0.6032291671875 0.697890625 0.6559375000000001 0.8319531250000001 0.6559375000000001
1 0.926171875 0.6368750000000001 0.926171875 0.5939583328125 0.8305468749999999 0.5939583328125 0.8305468749999999 0.6368750000000001 0.926171875 0.6368750000000001
1 0.8211718749999999 0.5551041671875 0.8211718749999999 0.5897916671875 0.9334374999999999 0.5897916671875 0.9334374999999999 0.5551041671875 0.8211718749999999 0.5551041671875
1 0.926171875 0.5703125 0.926171875 0.5148958328125001 0.81703125 0.5148958328125001 0.81703125 0.5703125 0.926171875 0.5703125
1 0.818046875 0.4803125 0.818046875 0.54125 0.929296875 0.54125 0.929296875 0.4803125 0.818046875 0.4803125
1 0.923046875 0.4996875 0.923046875 0.4484375 0.8295312499999999 0.4484375 0.8295312499999999 0.4996875 0.923046875 0.4996875
1 0.8295312499999999 0.41656250000000006 0.8295312499999999 0.4608333328125 0.931328125 0.4608333328125 0.931328125 0.41656250000000006 0.8295312499999999 0.41656250000000006
1 0.92515625 0.41656250000000006 0.92515625 0.3777083328125 0.8242968749999999 0.3777083328125 0.8242968749999999 0.41656250000000006 0.92515625 0.41656250000000006
1 0.8305468749999999 0.330625 0.8305468749999999 0.3860416671875 0.9220312500000001 0.3860416671875 0.9220312500000001 0.330625 0.8305468749999999 0.330625
1 0.8242968749999999 0.3001041671875 0.8242968749999999 0.3611458328125 0.916796875 0.3611458328125 0.916796875 0.3001041671875 0.8242968749999999 0.3001041671875
1 0.929296875 0.3154166671875 0.929296875 0.2557291671875 0.788984375 0.2557291671875 0.788984375 0.3154166671875 0.929296875 0.3154166671875
1 0.99578125 0.2571875 0.99578125 0.215625 0.899140625 0.215625 0.899140625 0.2571875 0.99578125 0.2571875
1 0.9916406249999999 0.28625 0.9916406249999999 0.24333333281249997 0.91890625 0.24333333281249997 0.91890625 0.28625 0.9916406249999999 0.28625
1 0.9989062499999999 0.32645833281250003 0.9989062499999999 0.2752083328125 0.9209375 0.2752083328125 0.9209375 0.32645833281250003 0.9989062499999999 0.32645833281250003
1 0.9989062499999999 0.3611458328125 0.9989062499999999 0.31124999999999997 0.910546875 0.31124999999999997 0.910546875 0.3611458328125 0.9989062499999999 0.3611458328125
1 0.9978906249999999 0.3873958328125 0.9978906249999999 0.3458333328125 0.9209375 0.3458333328125 0.9209375 0.3873958328125 0.9978906249999999 0.3873958328125
1 0.9999218750000001 0.4248958328125 0.9999218750000001 0.3888541671875 0.9240625 0.3888541671875 0.9240625 0.4248958328125 0.9999218750000001 0.4248958328125
1 0.994765625 0.46364583281250005 0.994765625 0.4248958328125 0.919921875 0.4248958328125 0.919921875 0.46364583281250005 0.994765625 0.46364583281250005
1 0.9240625 0.45531249999999995 0.9240625 0.4996875 0.99375 0.4996875 0.99375 0.45531249999999995 0.9240625 0.45531249999999995
1 0.99578125 0.534375 0.99578125 0.48302083281249997 0.90953125 0.48302083281249997 0.90953125 0.534375 0.99578125 0.534375
1 0.9989062499999999 0.54125 0.9989062499999999 0.509375 0.923046875 0.509375 0.923046875 0.54125 0.9989062499999999 0.54125
1 0.9978906249999999 0.5841666671875 0.9978906249999999 0.5426041671874999 0.935546875 0.5426041671874999 0.935546875 0.5841666671875 0.9978906249999999 0.5841666671875
1 0.9989062499999999 0.6174999999999999 0.9989062499999999 0.5676041671875 0.9209375 0.5676041671875 0.9209375 0.6174999999999999 0.9989062499999999 0.6174999999999999
1 0.383828125 0.11270833281249999 0.383828125 0.008854167187500001 0.16640625 0.008854167187500001 0.16640625 0.11270833281249999 0.383828125 0.11270833281249999
1 0.162109375 0.0492708328125 0.162109375 0.0030208328124999998 0.001015625 0.0030208328124999998 0.001015625 0.0492708328125 0.162109375 0.0492708328125
1 0.56140625 0.1265625 0.56140625 0.025 0.376015625 0.025 0.376015625 0.1265625 0.56140625 0.1265625
1 0.388984375 0.0041666671875 0.388984375 0.0480208328125 0.556171875 0.0480208328125 0.556171875 0.0041666671875 0.388984375 0.0041666671875
1 0.6852343750000001 0.0838541671875 0.6852343750000001 0.0272916671875 0.551875 0.0272916671875 0.551875 0.0838541671875 0.6852343750000001 0.0838541671875
1 0.52671875 0.0595833328125 0.52671875 0.13468750000000002 0.6809375 0.13468750000000002 0.6809375 0.0595833328125 0.52671875 0.0595833328125
1 0.548359375 0.001875 0.548359375 0.0457291671875 0.6860937500000001 0.0457291671875 0.6860937500000001 0.001875 0.548359375 0.001875
1 0.705 0.0947916671875 0.705 0.16552083281250002 0.834921875 0.16552083281250002 0.834921875 0.0947916671875 0.705 0.0947916671875
1 0.8328125 0.11145833281249999 0.8328125 0.051875000000000004 0.6873437499999999 0.051875000000000004 0.6873437499999999 0.11145833281249999 0.8328125 0.11145833281249999
1 0.6967187499999999 0.02 0.6967187499999999 0.08645833281250001 0.83078125 0.08645833281250001 0.83078125 0.02 0.6967187499999999 0.02
1 0.82453125 0.0421875 0.82453125 0.0019791671875 0.697734375 0.0019791671875 0.697734375 0.0421875 0.82453125 0.0421875
1 0.9253125000000001 0.0754166671875 0.9253125000000001 0.0171875 0.8296875 0.0171875 0.8296875 0.0754166671875 0.9253125000000001 0.0754166671875
1 0.825546875 0.0033333328125 0.825546875 0.039375 0.9242968749999999 0.039375 0.9242968749999999 0.0033333328125 0.825546875 0.0033333328125
1 0.916015625 0.1086458328125 0.916015625 0.0421875 0.8339062500000001 0.0421875 0.8339062500000001 0.1086458328125 0.916015625 0.1086458328125
1 0.8296875 0.1003125 0.8296875 0.1446875 0.9180468749999999 0.1446875 0.9180468749999999 0.1003125 0.8296875 0.1003125
1 0.9346875000000001 0.1820833328125 0.9346875000000001 0.1308333328125 0.8339062500000001 0.1308333328125 0.8339062500000001 0.1820833328125 0.9346875000000001 0.1820833328125
1 0.9960156250000001 0.2001041671875 0.9960156250000001 0.13916666718749998 0.9149218749999999 0.13916666718749998 0.9149218749999999 0.2001041671875 0.9960156250000001 0.2001041671875
1 0.9221875 0.10729166718750001 0.9221875 0.16552083281250002 0.9960156250000001 0.16552083281250002 0.9960156250000001 0.10729166718750001 0.9221875 0.10729166718750001
1 0.9960156250000001 0.1238541671875 0.9960156250000001 0.0726041671875 0.9149218749999999 0.0726041671875 0.9149218749999999 0.1238541671875 0.9960156250000001 0.1238541671875
1 0.92640625 0.0435416671875 0.92640625 0.0919791671875 0.9991406250000001 0.0919791671875 0.9991406250000001 0.0435416671875 0.92640625 0.0435416671875
1 0.9991406250000001 0.0629166671875 0.9991406250000001 0.0171875 0.9242968749999999 0.0171875 0.9242968749999999 0.0629166671875 0.9991406250000001 0.0629166671875
1 0.912890625 0.0005208328124999999 0.912890625 0.0338541671875 0.99703125 0.0338541671875 0.99703125 0.0005208328124999999 0.912890625 0.0005208328124999999