0 0.8403906250000001 0.32675 0.8403906250000001 0.45287499999999997 0.895859375 0.45287499999999997 0.895859375 0.32675 0.8403906250000001 0.32675
1 0.9209375 0.3005 0.9209375 0.268625 0.86203125 0.268625 0.86203125 0.3005 0.9209375 0.3005
1 0.7390625 0.185375 0.7390625 0.23112499999999997 0.8741406250000001 0.23112499999999997 0.8741406250000001 0.185375 0.7390625 0.185375
1 0.54234375 0.011 0.54234375 0.090125 0.77734375 0.090125 0.77734375 0.011 0.54234375 0.011
1 0.18015625 0.006 0.18015625 0.074125 0.41820312499999995 0.074125 0.41820312499999995 0.006 0.18015625 0.006
1 0.636484375 0.17725 0.636484375 0.107375 0.50859375 0.107375 0.50859375 0.17725 0.636484375 0.17725
1 0.708203125 0.222125 0.708203125 0.140625 0.558515625 0.140625 0.558515625 0.222125 0.708203125 0.222125
1 0.44210937499999997 0.9928750000000001 0.44210937499999997 0.770125 0.16375 0.770125 0.16375 0.9928750000000001 0.44210937499999997 0.9928750000000001
1 0.57859375 0.8386250000000001 0.57859375 0.67075 0.43828125 0.67075 0.43828125 0.8386250000000001 0.57859375 0.8386250000000001
1 0.657578125 0.73725 0.657578125 0.614125 0.565078125 0.614125 0.565078125 0.73725 0.657578125 0.73725
1 0.711640625 0.677375 0.711640625 0.5742499999999999 0.649296875 0.5742499999999999 0.649296875 0.677375 0.711640625 0.677375
1 0.748046875 0.6174999999999999 0.748046875 0.537625 0.68984375 0.537625 0.68984375 0.6174999999999999 0.748046875 0.6174999999999999
1 0.7740625 0.572125 0.7740625 0.526 0.7385937499999999 0.526 0.7385937499999999 0.572125 0.7740625 0.572125
1 0.79875 0.5587500000000001 0.79875 0.49712500000000004 0.739765625 0.49712500000000004 0.739765625 0.5587500000000001 0.79875 0.5587500000000001
1 0.8178124999999999 0.540625 0.8178124999999999 0.491625 0.7835156249999999 0.491625 0.7835156249999999 0.540625 0.8178124999999999 0.540625
1 0.8286718750000001 0.516625 0.8286718750000001 0.481 0.801015625 0.481 0.801015625 0.516625 0.8286718750000001 0.516625
1 0.8425 0.505 0.8425 0.472375 0.816640625 0.472375 0.816640625 0.505 0.8425 0.505
1 0.85515625 0.496375 0.85515625 0.464625 0.83046875 0.464625 0.83046875 0.496375 0.85515625 0.496375