1 0.7693749999999999 0.9914583328125 0.7693749999999999 0.8094791671875001 0.36890625 0.8094791671875001 0.36890625 0.9914583328125 0.7693749999999999 0.9914583328125
1 0.041249999999999995 0.1951041671875 0.041249999999999995 0.161875 0.00140625 0.161875 0.00140625 0.1951041671875 0.041249999999999995 0.1951041671875
1 0.041249999999999995 0.25666666718750003 0.041249999999999995 0.2034375 0.00140625 0.2034375 0.00140625 0.25666666718750003 0.041249999999999995 0.25666666718750003
1 0.045 0.2848958328125 0.045 0.25 0.00015625 0.25 0.00015625 0.2848958328125 0.045 0.2848958328125
1 0.045 0.3247916671875 0.045 0.2832291671875 0.0025781249999999997 0.2832291671875 0.0025781249999999997 0.3247916671875 0.045 0.3247916671875
1 0.0063281249999999995 0.318125 0.0063281249999999995 0.3514583328125 0.04625 0.3514583328125 0.04625 0.318125 0.0063281249999999995 0.318125
1 0.05 0.3930208328125 0.05 0.3447916671875 0.00140625 0.3447916671875 0.00140625 0.3930208328125 0.05 0.3930208328125
1 0.05125 0.4279166671875 0.05125 0.3813541671875 0.00015625 0.3813541671875 0.00015625 0.4279166671875 0.05125 0.4279166671875
1 0.052500000000000005 0.4561458328125 0.052500000000000005 0.4179166671875 0.00015625 0.4179166671875 0.00015625 0.4561458328125 0.052500000000000005 0.4561458328125
1 0.05375 0.4811458328125 0.05375 0.44458333281250006 0.0025781249999999997 0.44458333281250006 0.0025781249999999997 0.4811458328125 0.05375 0.4811458328125
1 0.058750000000000004 0.5277083328125001 0.058750000000000004 0.4811458328125 0.00015625 0.4811458328125 0.00015625 0.5277083328125001 0.058750000000000004 0.5277083328125001
1 0.06 0.5526041671875 0.06 0.5177083328125 0.00140625 0.5177083328125 0.00140625 0.5526041671875 0.06 0.5526041671875
1 0.05500000000000001 0.5876041671875 0.05500000000000001 0.5492708328125 0.00015625 0.5492708328125 0.00015625 0.5876041671875 0.05500000000000001 0.5876041671875
1 0.05500000000000001 0.6141666671875 0.05500000000000001 0.5759375 0.005078125 0.5759375 0.005078125 0.6141666671875 0.05500000000000001 0.6141666671875
1 0.172265625 0.6125 0.172265625 0.5609375 0.061250000000000006 0.5609375 0.061250000000000006 0.6125 0.172265625 0.6125
1 0.06875 0.5410416671875 0.06875 0.5742708328125 0.14851562499999998 0.5742708328125 0.14851562499999998 0.5410416671875 0.06875 0.5410416671875
1 0.14851562499999998 0.5410416671875 0.14851562499999998 0.5160416671875 0.074921875 0.5160416671875 0.074921875 0.5410416671875 0.14851562499999998 0.5410416671875
1 0.06375 0.4878125 0.06375 0.514375 0.158515625 0.514375 0.158515625 0.4878125 0.06375 0.4878125
1 0.162265625 0.4828125 0.162265625 0.4594791671875 0.057499999999999996 0.4594791671875 0.057499999999999996 0.4828125 0.162265625 0.4828125
1 0.05625 0.42125 0.05625 0.4611458328125 0.158515625 0.4611458328125 0.158515625 0.42125 0.05625 0.42125
1 0.15726562500000002 0.4295833328125 0.15726562500000002 0.39468749999999997 0.06 0.39468749999999997 0.06 0.4295833328125 0.15726562500000002 0.4295833328125
1 0.052500000000000005 0.3680208328125 0.052500000000000005 0.39468749999999997 0.162265625 0.39468749999999997 0.162265625 0.3680208328125 0.052500000000000005 0.3680208328125
1 0.162265625 0.3646875 0.162265625 0.3414583328125 0.05 0.3414583328125 0.05 0.3646875 0.162265625 0.3646875
1 0.31070312499999997 0.3132291671875 0.31070312499999997 0.2748958328125 0.1834375 0.2748958328125 0.1834375 0.3132291671875 0.31070312499999997 0.3132291671875
1 0.31070312499999997 0.33479166718750003 0.31070312499999997 0.2948958328125 0.172265625 0.2948958328125 0.172265625 0.33479166718750003 0.31070312499999997 0.33479166718750003
1 0.314453125 0.3680208328125 0.314453125 0.323125 0.171015625 0.323125 0.171015625 0.3680208328125 0.314453125 0.3680208328125
1 0.31320312499999997 0.3963541671875 0.31320312499999997 0.3514583328125 0.162265625 0.3514583328125 0.162265625 0.3963541671875 0.31320312499999997 0.3963541671875
1 0.301953125 0.42291666718750004 0.301953125 0.38635416718750004 0.164765625 0.38635416718750004 0.164765625 0.42291666718750004 0.301953125 0.42291666718750004
1 0.309453125 0.45125000000000004 0.309453125 0.4095833328125 0.161015625 0.4095833328125 0.161015625 0.45125000000000004 0.309453125 0.45125000000000004
1 0.31070312499999997 0.4828125 0.31070312499999997 0.44625000000000004 0.163515625 0.44625000000000004 0.163515625 0.4828125 0.31070312499999997 0.4828125
1 0.306953125 0.5060416671875 0.306953125 0.46281249999999996 0.156015625 0.46281249999999996 0.156015625 0.5060416671875 0.306953125 0.5060416671875
1 0.31070312499999997 0.5393749999999999 0.31070312499999997 0.48947916718749995 0.158515625 0.48947916718749995 0.158515625 0.5393749999999999 0.31070312499999997 0.5393749999999999
1 0.319375 0.5676041671875 0.319375 0.5210416671875 0.167265625 0.5210416671875 0.167265625 0.5676041671875 0.319375 0.5676041671875
1 0.309453125 0.5909375 0.309453125 0.5477083328125001 0.158515625 0.5477083328125001 0.158515625 0.5909375 0.309453125 0.5909375
1 0.311953125 0.5609375 0.311953125 0.5892708328125 0.36929687499999997 0.5892708328125 0.36929687499999997 0.5609375 0.311953125 0.5609375
1 0.373046875 0.5676041671875 0.373046875 0.534375 0.299453125 0.534375 0.299453125 0.5676041671875 0.373046875 0.5676041671875
1 0.304453125 0.49114583281249996 0.304453125 0.5360416671875 0.384296875 0.5360416671875 0.384296875 0.49114583281249996 0.304453125 0.49114583281249996
1 0.37679687500000003 0.5010416671875 0.37679687500000003 0.4611458328125 0.29695312500000004 0.4611458328125 0.29695312500000004 0.5010416671875 0.37679687500000003 0.5010416671875
1 0.30070312499999996 0.44125 0.30070312499999996 0.46781249999999996 0.364296875 0.46781249999999996 0.364296875 0.44125 0.30070312499999996 0.44125
1 0.31070312499999997 0.40791666718749997 0.31070312499999997 0.4345833328125 0.370546875 0.4345833328125 0.370546875 0.40791666718749997 0.31070312499999997 0.40791666718749997
1 0.36929687499999997 0.42125 0.36929687499999997 0.3896875 0.299453125 0.3896875 0.299453125 0.42125 0.36929687499999997 0.42125
1 0.30070312499999996 0.3613541671875 0.30070312499999996 0.39468749999999997 0.36929687499999997 0.39468749999999997 0.36929687499999997 0.3613541671875 0.30070312499999996 0.3613541671875
1 0.36929687499999997 0.3630208328125 0.36929687499999997 0.33645833281250004 0.305703125 0.33645833281250004 0.305703125 0.3630208328125 0.36929687499999997 0.3630208328125
1 0.304453125 0.2965625 0.304453125 0.33479166718750003 0.37429687500000003 0.33479166718750003 0.37429687500000003 0.2965625 0.304453125 0.2965625
1 0.13359375 0.0221875 0.13359375 0.0021874999999999998 0.06 0.0021874999999999998 0.06 0.0221875 0.13359375 0.0221875
1 0.13984375 0.05208333281250001 0.13984375 0.0171875 0.058750000000000004 0.0171875 0.058750000000000004 0.05208333281250001 0.13984375 0.05208333281250001
1 0.1909375 0.0953125 0.1909375 0.03875 0.06 0.03875 0.06 0.0953125 0.1909375 0.0953125
1 0.1909375 0.1086458328125 0.1909375 0.06875 0.04375 0.06875 0.04375 0.1086458328125 0.1909375 0.1086458328125
1 0.19468749999999999 0.15020833281249998 0.19468749999999999 0.1019791671875 0.04 0.1019791671875 0.04 0.15020833281249998 0.19468749999999999 0.15020833281249998
1 0.1896875 0.1767708328125 0.1896875 0.1302083328125 0.06 0.1302083328125 0.06 0.1767708328125 0.1896875 0.1767708328125
1 0.2046875 0.22000000000000003 0.2046875 0.161875 0.06 0.161875 0.06 0.22000000000000003 0.2046875 0.22000000000000003
1 0.309453125 0.21677083281249998 0.309453125 0.1767708328125 0.1896875 0.1767708328125 0.1896875 0.21677083281249998 0.309453125 0.21677083281249998
1 0.1896875 0.146875 0.1896875 0.1951041671875 0.31070312499999997 0.1951041671875 0.31070312499999997 0.146875 0.1896875 0.146875
1 0.319375 0.16354166718750002 0.319375 0.12197916718749999 0.1896875 0.12197916718749999 0.1896875 0.16354166718750002 0.319375 0.16354166718750002
1 0.1784375 0.0919791671875 0.1784375 0.13187500000000002 0.304453125 0.13187500000000002 0.304453125 0.0919791671875 0.1784375 0.0919791671875
1 0.311953125 0.1019791671875 0.311953125 0.058750000000000004 0.18843749999999998 0.058750000000000004 0.18843749999999998 0.1019791671875 0.311953125 0.1019791671875
1 0.40796875000000005 0.1153125 0.40796875000000005 0.0836458328125 0.308203125 0.0836458328125 0.308203125 0.1153125 0.40796875000000005 0.1153125
1 0.41296875 0.1435416671875 0.41296875 0.1069791671875 0.299453125 0.1069791671875 0.299453125 0.1435416671875 0.41296875 0.1435416671875
1 0.42296875 0.1801041671875 0.42296875 0.1335416671875 0.299453125 0.1335416671875 0.299453125 0.1801041671875 0.42296875 0.1801041671875
1 0.41796875 0.20677083281250003 0.41796875 0.1535416671875 0.309453125 0.1535416671875 0.309453125 0.20677083281250003 0.41796875 0.20677083281250003
1 0.42421875 0.24 0.42421875 0.18843749999999998 0.306953125 0.18843749999999998 0.306953125 0.24 0.42421875 0.24
1 0.5239843750000001 0.2366666671875 0.5239843750000001 0.2034375 0.427890625 0.2034375 0.427890625 0.2366666671875 0.5239843750000001 0.2366666671875
1 0.40921874999999996 0.171875 0.40921874999999996 0.2084375 0.5239843750000001 0.2084375 0.5239843750000001 0.171875 0.40921874999999996 0.171875
1 0.526484375 0.1851041671875 0.526484375 0.15020833281249998 0.41671874999999997 0.15020833281249998 0.41671874999999997 0.1851041671875 0.526484375 0.1851041671875
1 0.41421875 0.1236458328125 0.41421875 0.15687500000000001 0.5252343749999999 0.15687500000000001 0.5252343749999999 0.1236458328125 0.41421875 0.1236458328125
1 0.54390625 0.13187500000000002 0.54390625 0.0953125 0.41546874999999994 0.0953125 0.41546874999999994 0.13187500000000002 0.54390625 0.13187500000000002
1 0.6287499999999999 0.1485416671875 0.6287499999999999 0.1136458328125 0.5252343749999999 0.1136458328125 0.5252343749999999 0.1485416671875 0.6287499999999999 0.1485416671875
1 0.5639062499999999 0.1702083328125 0.5639062499999999 0.1352083328125 0.512734375 0.1352083328125 0.512734375 0.1702083328125 0.5639062499999999 0.1702083328125
1 0.5189843749999999 0.18843749999999998 0.5189843749999999 0.22000000000000003 0.55390625 0.22000000000000003 0.55390625 0.1951041671875 0.56015625 0.1951041671875 0.56015625 0.161875 0.5239843750000001 0.161875 0.5239843750000001 0.18843749999999998 0.5189843749999999 0.18843749999999998
1 0.568828125 0.23333333281250002 0.568828125 0.21510416718749997 0.515234375 0.21510416718749997 0.515234375 0.23333333281250002 0.568828125 0.23333333281250002
1 0.68234375 0.141875 0.68234375 0.1003125 0.62625 0.1003125 0.62625 0.141875 0.68234375 0.141875
1 0.6810937499999999 0.16854166718750002 0.6810937499999999 0.136875 0.62625 0.136875 0.62625 0.16854166718750002 0.6810937499999999 0.16854166718750002
1 0.6810937499999999 0.19677083281250002 0.6810937499999999 0.151875 0.6275000000000001 0.151875 0.6275000000000001 0.19677083281250002 0.6810937499999999 0.19677083281250002
1 0.668671875 0.2233333328125 0.668671875 0.1784375 0.62375 0.1784375 0.62375 0.2233333328125 0.668671875 0.2233333328125
1 0.7621875 0.22000000000000003 0.7621875 0.1834375 0.6674218749999999 0.1834375 0.6674218749999999 0.22000000000000003 0.7621875 0.22000000000000003
1 0.68359375 0.16854166718750002 0.68359375 0.2001041671875 0.7571875 0.2001041671875 0.7571875 0.16854166718750002 0.68359375 0.16854166718750002
1 0.7709374999999999 0.16854166718750002 0.7709374999999999 0.1352083328125 0.67859375 0.1352083328125 0.67859375 0.16854166718750002 0.7709374999999999 0.16854166718750002
1 0.664921875 0.1153125 0.664921875 0.1452083328125 0.7546875 0.1452083328125 0.7546875 0.1153125 0.664921875 0.1153125
1 0.15703125 0.0030208328124999998 0.15703125 0.0772916671875 0.8035937499999999 0.0772916671875 0.8035937499999999 0.0030208328124999998 0.15703125 0.0030208328124999998