1 0.8780468750000001 0.2241666671875 0.8780468750000001 0.17569444375 0.7377343749999999 0.17569444375 0.7377343749999999 0.2241666671875 0.8780468750000001 0.2241666671875
1 0.7375 0.235972221875 0.7375 0.18402777812499999 0.700703125 0.18402777812499999 0.700703125 0.235972221875 0.7375 0.235972221875
1 0.709375 0.24555555624999997 0.709375 0.2061111109375 0.671484375 0.2061111109375 0.671484375 0.24555555624999997 0.709375 0.24555555624999997
1 0.7169531250000001 0.6325000000000001 0.7169531250000001 0.514027778125 0.463046875 0.514027778125 0.463046875 0.6325000000000001 0.7169531250000001 0.6325000000000001
1 0.42734375 0.528472221875 0.42734375 0.59875 0.46359374999999997 0.59875 0.46359374999999997 0.528472221875 0.42734375 0.528472221875
1 0.450078125 0.55930555625 0.450078125 0.5102777781250001 0.40296875 0.5102777781250001 0.40296875 0.55930555625 0.450078125 0.55930555625
1 0.38625 0.497777778125 0.38625 0.5333333328125 0.410546875 0.5333333328125 0.410546875 0.497777778125 0.38625 0.497777778125
1 0.3878125 0.5304166671874999 0.3878125 0.49000000000000005 0.37374999999999997 0.49000000000000005 0.37374999999999997 0.5304166671874999 0.3878125 0.5304166671874999
1 0.360703125 0.48 0.360703125 0.5188888890625 0.374140625 0.5188888890625 0.374140625 0.48 0.360703125 0.48
1 0.36257812500000003 0.50944444375 0.36257812500000003 0.4770833328125 0.3521875 0.4770833328125 0.3521875 0.50944444375 0.36257812500000003 0.50944444375
1 0.60453125 0.08777777812500001 0.60453125 0.0022222218750000003 0.40265625 0.0022222218750000003 0.40265625 0.08777777812500001 0.60453125 0.08777777812500001
1 0.57484375 0.135277778125 0.57484375 0.0523611109375 0.385 0.0523611109375 0.385 0.135277778125 0.57484375 0.135277778125
1 0.48578124999999994 0.1773611109375 0.48578124999999994 0.1198611109375 0.367734375 0.1198611109375 0.367734375 0.1773611109375 0.48578124999999994 0.1773611109375
1 0.460546875 0.2348611109375 0.460546875 0.1854166671875 0.341796875 0.1854166671875 0.341796875 0.2348611109375 0.460546875 0.2348611109375
1 0.45453124999999994 0.2488888890625 0.45453124999999994 0.211527778125 0.34249999999999997 0.211527778125 0.34249999999999997 0.2488888890625 0.45453124999999994 0.2488888890625
1 0.207421875 0.254722221875 0.207421875 0.27819444375 0.23374999999999999 0.27819444375 0.23374999999999999 0.254722221875 0.207421875 0.254722221875
1 0.173984375 0.1398611109375 0.173984375 0.1838888890625 0.207421875 0.1838888890625 0.207421875 0.1398611109375 0.173984375 0.1398611109375
1 0.15140625000000002 0.065 0.15140625000000002 0.11041666718750001 0.191640625 0.11041666718750001 0.191640625 0.065 0.15140625000000002 0.065
1 0.11984375 0.00680555625 0.11984375 0.043611110937499996 0.17921875 0.043611110937499996 0.17921875 0.00680555625 0.11984375 0.00680555625
1 0.103671875 0.19055555625 0.103671875 0.0695833328125 0.0040625 0.0695833328125 0.0040625 0.19055555625 0.103671875 0.19055555625
1 0.13453125 0.2373611109375 0.13453125 0.1745833328125 0.01984375 0.1745833328125 0.01984375 0.2373611109375 0.13453125 0.2373611109375
1 0.149921875 0.2575 0.149921875 0.20930555625 0.047265625 0.20930555625 0.047265625 0.2575 0.149921875 0.2575
1 0.16312500000000002 0.2754166671875 0.16312500000000002 0.24 0.07132812499999999 0.24 0.07132812499999999 0.2754166671875 0.16312500000000002 0.2754166671875
1 0.1653125 0.28819444375000003 0.1653125 0.2520833328125 0.09765625 0.2520833328125 0.09765625 0.28819444375000003 0.1653125 0.28819444375000003
1 0.178515625 0.30555555624999997 0.178515625 0.2708333328125 0.10593749999999999 0.2708333328125 0.10593749999999999 0.30555555624999997 0.178515625 0.30555555624999997
1 0.098984375 0.6669444437500001 0.098984375 0.5861111109375 0.0008593750000000001 0.5861111109375 0.0008593750000000001 0.6669444437500001 0.098984375 0.6669444437500001
1 0.118125 0.6134722218750001 0.118125 0.5661111109375 0.094140625 0.5661111109375 0.094140625 0.6134722218750001 0.118125 0.6134722218750001
1 0.14070312499999998 0.594722221875 0.14070312499999998 0.5486111109375 0.112109375 0.5486111109375 0.112109375 0.594722221875 0.14070312499999998 0.594722221875
1 0.15914062499999998 0.5713888890625001 0.15914062499999998 0.53 0.123828125 0.53 0.123828125 0.5713888890625001 0.15914062499999998 0.5713888890625001
1 0.168515625 0.5533333328125 0.168515625 0.52194444375 0.147890625 0.52194444375 0.147890625 0.5533333328125 0.168515625 0.5533333328125
1 0.179453125 0.5426388890625 0.179453125 0.50930555625 0.1625 0.50930555625 0.1625 0.5426388890625 0.179453125 0.5426388890625
1 0.19078124999999999 0.5286111109375 0.19078124999999999 0.5061111109375 0.174921875 0.5061111109375 0.174921875 0.5286111109375 0.19078124999999999 0.5286111109375
1 0.200390625 0.5243055562500001 0.200390625 0.49805555625000003 0.18578125 0.49805555625000003 0.18578125 0.5243055562500001 0.200390625 0.5243055562500001