0 0.99484375 0.99125 0.99484375 0.0046875 0.4146875 0.0046875 0.4146875 0.99125 0.99484375 0.99125
1 0.43984375 0.9145833328125 0.43984375 0.6894791671875 0.265625 0.6894791671875 0.265625 0.9145833328125 0.43984375 0.9145833328125
1 0.18843749999999998 0.6942708328125 0.18843749999999998 0.8763541671875 0.26921875 0.8763541671875 0.26921875 0.6942708328125 0.18843749999999998 0.6942708328125
1 0.13273437500000002 0.6584375 0.13273437500000002 0.8116666671875 0.18484375 0.8116666671875 0.18484375 0.6584375 0.13273437500000002 0.6584375
1 0.128046875 0.7070833328125 0.128046875 0.6022916671874999 0.08562499999999999 0.6022916671874999 0.08562499999999999 0.7070833328125 0.128046875 0.7070833328125
1 0.046953125 0.5972916671874999 0.046953125 0.6455208328125 0.079375 0.6455208328125 0.079375 0.5972916671874999 0.046953125 0.5972916671874999
1 0.02953125 0.5757291671875 0.02953125 0.6139583328125 0.046953125 0.6139583328125 0.046953125 0.5757291671875 0.02953125 0.5757291671875
1 0.053203125 0.6072916671875 0.053203125 0.5540625 0.00203125 0.5540625 0.00203125 0.6072916671875 0.053203125 0.6072916671875
1 0.30890625 0.31625000000000003 0.30890625 0.2730208328125 0.28390624999999997 0.2730208328125 0.28390624999999997 0.31625000000000003 0.30890625 0.31625000000000003
1 0.30890625 0.2763541671875 0.30890625 0.3145833328125 0.342578125 0.3145833328125 0.342578125 0.2763541671875 0.30890625 0.2763541671875
1 0.2834375 0.17124999999999999 0.2834375 0.09343749999999999 0.026015624999999997 0.09343749999999999 0.026015624999999997 0.17124999999999999 0.2834375 0.17124999999999999