1 0.99734375 0.958472221875 0.99734375 0.7329166671875 0.785234375 0.7329166671875 0.785234375 0.958472221875 0.99734375 0.958472221875
1 0.6235937500000001 0.6351388890624999 0.6235937500000001 0.8308333328125 0.791953125 0.8308333328125 0.791953125 0.6351388890624999 0.6235937500000001 0.6351388890624999
1 0.51484375 0.5711111109375 0.51484375 0.702777778125 0.636484375 0.702777778125 0.636484375 0.5711111109375 0.51484375 0.5711111109375
1 0.5171875 0.5875 0.5171875 0.5147222218749999 0.427578125 0.5147222218749999 0.427578125 0.5875 0.5171875 0.5875
1 0.456171875 0.559722221875 0.456171875 0.5088888890625001 0.40421874999999996 0.5088888890625001 0.40421874999999996 0.559722221875 0.456171875 0.559722221875
1 0.43742187499999996 0.5436111109375 0.43742187499999996 0.493472221875 0.3878125 0.493472221875 0.3878125 0.5436111109375 0.43742187499999996 0.5436111109375
1 0.375 0.4920833328125 0.375 0.5283333328125 0.3940625 0.5283333328125 0.3940625 0.4920833328125 0.375 0.4920833328125
1 0.393046875 0.5166666671875 0.393046875 0.48180555625 0.36640625 0.48180555625 0.36640625 0.5166666671875 0.393046875 0.5166666671875
1 0.3590625 0.48375 0.3590625 0.505972221875 0.36843750000000003 0.505972221875 0.36843750000000003 0.48375 0.3590625 0.48375
1 0.372109375 0.50319444375 0.372109375 0.479027778125 0.34835937499999997 0.479027778125 0.34835937499999997 0.50319444375 0.372109375 0.50319444375
1 0.345234375 0.47444444375000006 0.345234375 0.49625 0.35335937500000003 0.49625 0.35335937500000003 0.47444444375000006 0.345234375 0.47444444375000006
1 0.40132812500000004 0.0034722218749999997 0.40132812500000004 0.079722221875 0.5982031250000001 0.079722221875 0.5982031250000001 0.0034722218749999997 0.40132812500000004 0.0034722218749999997
1 0.546875 0.1329166671875 0.546875 0.072777778125 0.388359375 0.072777778125 0.388359375 0.1329166671875 0.546875 0.1329166671875
1 0.47976562500000003 0.1801388890625 0.47976562500000003 0.12 0.372421875 0.12 0.372421875 0.1801388890625 0.47976562500000003 0.1801388890625
1 0.479296875 0.2026388890625 0.479296875 0.15527777812500002 0.3625 0.15527777812500002 0.3625 0.2026388890625 0.479296875 0.2026388890625
1 0.44234375000000004 0.2211111109375 0.44234375000000004 0.19055555625 0.348515625 0.19055555625 0.348515625 0.2211111109375 0.44234375000000004 0.2211111109375
1 0.44859375 0.2483333328125 0.44859375 0.2058333328125 0.34578125000000004 0.2058333328125 0.34578125000000004 0.2483333328125 0.44859375 0.2483333328125
1 0.182109375 0.05680555625 0.182109375 0.0120833328125 0.13703125 0.0120833328125 0.13703125 0.05680555625 0.182109375 0.05680555625
1 0.210390625 0.1163888890625 0.210390625 0.0870833328125 0.193515625 0.0870833328125 0.193515625 0.1163888890625 0.210390625 0.1163888890625
1 0.30203125000000003 0.385972221875 0.30203125000000003 0.3725 0.28140624999999997 0.3725 0.28140624999999997 0.385972221875 0.30203125000000003 0.385972221875
1 0.30546875 0.46305555624999994 0.30546875 0.44819444375 0.28695312500000003 0.44819444375 0.28695312500000003 0.46305555624999994 0.30546875 0.46305555624999994
1 0.28835937500000003 0.46430555625 0.28835937500000003 0.45263888906250005 0.27046875 0.45263888906250005 0.27046875 0.46430555625 0.28835937500000003 0.46430555625
1 0.27296875 0.46527777812500004 0.27296875 0.45555555625000005 0.248359375 0.45555555625000005 0.248359375 0.46527777812500004 0.27296875 0.46527777812500004
1 0.07179687500000001 0.7066666671874999 0.07179687500000001 0.6123611109375 0.01015625 0.6123611109375 0.01015625 0.7066666671874999 0.07179687500000001 0.7066666671874999
1 0.10304687500000001 0.6537499999999999 0.10304687500000001 0.5836111109375001 0.047734375 0.5836111109375001 0.047734375 0.6537499999999999 0.10304687500000001 0.6537499999999999
1 0.129375 0.61569444375 0.129375 0.5648611109375 0.091015625 0.5648611109375 0.091015625 0.61569444375 0.129375 0.61569444375
1 0.14890625 0.5876388890625 0.14890625 0.5429166671875 0.10828125 0.5429166671875 0.10828125 0.5876388890625 0.14890625 0.5876388890625
1 0.16390625 0.5676388890624999 0.16390625 0.5381944437499999 0.14359375000000002 0.5381944437499999 0.14359375000000002 0.5676388890624999 0.16390625 0.5676388890624999
1 0.185546875 0.5459722218749999 0.185546875 0.5173611109375 0.1546875 0.5173611109375 0.1546875 0.5459722218749999 0.185546875 0.5459722218749999
1 0.196015625 0.5301388890625 0.196015625 0.5061111109375 0.180546875 0.5061111109375 0.180546875 0.5301388890625 0.196015625 0.5301388890625
1 0.20859375 0.51694444375 0.20859375 0.49833333281250003 0.1896875 0.49833333281250003 0.1896875 0.51694444375 0.20859375 0.51694444375
1 0.093046875 0.20277777812500003 0.093046875 0.086527778125 0.00546875 0.086527778125 0.00546875 0.20277777812500003 0.093046875 0.20277777812500003
1 0.118203125 0.23694444374999998 0.118203125 0.134027778125 0.016015625 0.134027778125 0.016015625 0.23694444374999998 0.118203125 0.23694444374999998
1 0.14078125 0.26430555624999996 0.14078125 0.17805555625 0.04265625 0.17805555625 0.04265625 0.26430555624999996 0.14078125 0.26430555624999996
1 0.1546875 0.2716666671875 0.1546875 0.20750000000000002 0.064453125 0.20750000000000002 0.064453125 0.2716666671875 0.1546875 0.2716666671875
1 0.16484375 0.27694444375 0.16484375 0.24097222187499998 0.095703125 0.24097222187499998 0.095703125 0.27694444375 0.16484375 0.27694444375
1 0.176640625 0.28944444375 0.176640625 0.2508333328125 0.09984375 0.2508333328125 0.09984375 0.28944444375 0.176640625 0.28944444375
1 0.09359375 0.265 0.09359375 0.30305555625 0.1853125 0.30305555625 0.1853125 0.265 0.09359375 0.265
1 0.393671875 0.27430555624999997 0.393671875 0.25347222187499996 0.33210937500000004 0.25347222187499996 0.33210937500000004 0.27430555624999997 0.393671875 0.27430555624999997