0 0.64734375 0.2976851859375 0.64734375 0.6108333328125 0.7541145828125 0.6108333328125 0.7541145828125 0.2976851859375 0.64734375 0.2976851859375
0 0.6623958328125 0.5445370375 0.6623958328125 0.4463888890625 0.6028125 0.4463888890625 0.6028125 0.5445370375 0.6623958328125 0.5445370375
0 0.51078125 0.4723148140625 0.51078125 0.55805555625 0.5519270828125 0.55805555625 0.5519270828125 0.4723148140625 0.51078125 0.4723148140625
1 0.9961458328124999 0.1540740734375 0.9961458328124999 0.026388889062499997 0.7390625 0.026388889062499997 0.7390625 0.1540740734375 0.9961458328124999 0.1540740734375
1 0.9646874999999999 0.2259259265625 0.9646874999999999 0.1421296296875 0.7054166671875 0.1421296296875 0.7054166671875 0.2259259265625 0.9646874999999999 0.2259259265625
1 0.9602083328125 0.2638888890625 0.9602083328125 0.18601851875 0.665 0.18601851875 0.665 0.2638888890625 0.9602083328125 0.2638888890625
1 0.8053125 0.297777778125 0.8053125 0.2299074078125 0.6425520828125 0.2299074078125 0.6425520828125 0.297777778125 0.8053125 0.297777778125
1 0.26989583281249996 0.0623148140625 0.26989583281249996 0.1521296296875 0.3271354171875 0.1521296296875 0.3271354171875 0.0623148140625 0.26989583281249996 0.0623148140625
1 0.2686979171875 0.008518518749999999 0.2686979171875 0.041759259375 0.38875000000000004 0.041759259375 0.38875000000000004 0.008518518749999999 0.2686979171875 0.008518518749999999
1 0.2664583328125 0.3198148140625 0.2664583328125 0.37851851875000003 0.38395833281249997 0.37851851875000003 0.38395833281249997 0.3198148140625 0.2664583328125 0.3198148140625
1 0.1998958328125 0.3006481484375 0.1998958328125 0.3449074078125 0.3747395828125 0.3449074078125 0.3747395828125 0.3006481484375 0.1998958328125 0.3006481484375
1 0.0413020828125 0.1495370375 0.0413020828125 0.26305555625 0.3038020828125 0.26305555625 0.3038020828125 0.1495370375 0.0413020828125 0.1495370375
1 0.3606770828125 0.33231481406249996 0.3606770828125 0.26981481406249996 0.2226041671875 0.26981481406249996 0.2226041671875 0.33231481406249996 0.3606770828125 0.33231481406249996
1 0.1386979171875 0.21685185156250003 0.1386979171875 0.298703703125 0.3314583328125 0.298703703125 0.3314583328125 0.21685185156250003 0.1386979171875 0.21685185156250003
1 0.028177082812499997 0.06 0.028177082812499997 0.19583333281249998 0.23630208281249998 0.19583333281249998 0.23630208281249998 0.06 0.028177082812499997 0.06
1 0.0001041671875 0.001759259375 0.0001041671875 0.09462962968750001 0.1630208328125 0.09462962968750001 0.1630208328125 0.001759259375 0.0001041671875 0.001759259375