1 0.7121875 0.5941666671875 0.7121875 0.8936111109375 0.99375 0.8936111109375 0.99375 0.5941666671875 0.7121875 0.5941666671875
1 0.8765625 0.77625 0.8765625 0.5798611109375 0.5734375 0.5798611109375 0.5734375 0.77625 0.8765625 0.77625
1 0.609140625 0.67930555625 0.609140625 0.561527778125 0.49296875 0.561527778125 0.49296875 0.67930555625 0.609140625 0.67930555625
1 0.5078125 0.61694444375 0.5078125 0.5338888890625 0.44312500000000005 0.5338888890625 0.44312500000000005 0.61694444375 0.5078125 0.61694444375
1 0.4103125 0.5213888890625 0.4103125 0.61694444375 0.44312500000000005 0.61694444375 0.44312500000000005 0.5213888890625 0.4103125 0.5213888890625
1 0.4103125 0.5740277781249999 0.4103125 0.51305555625 0.387734375 0.51305555625 0.387734375 0.5740277781249999 0.4103125 0.5740277781249999
1 0.3675 0.49083333281249997 0.3675 0.5518055562499999 0.391640625 0.5518055562499999 0.391640625 0.49083333281249997 0.3675 0.49083333281249997
1 0.37296874999999996 0.5186111109375 0.37296874999999996 0.47430555625000004 0.34484375 0.47430555625000004 0.34484375 0.5186111109375 0.37296874999999996 0.5186111109375
1 0.3271875 0.3858333328125 0.3271875 0.36583333281249997 0.31046874999999996 0.36583333281249997 0.31046874999999996 0.3858333328125 0.3271875 0.3858333328125
1 0.31140625 0.360972221875 0.31140625 0.377777778125 0.368671875 0.377777778125 0.368671875 0.360972221875 0.31140625 0.360972221875
1 0.32804687499999996 0.372222221875 0.32804687499999996 0.346527778125 0.318125 0.346527778125 0.318125 0.372222221875 0.32804687499999996 0.372222221875
1 0.32671875 0.327222221875 0.32671875 0.369027778125 0.33976562499999996 0.369027778125 0.33976562499999996 0.327222221875 0.32671875 0.327222221875
1 0.36140625000000004 0.3554166671875 0.36140625000000004 0.31680555625 0.341171875 0.31680555625 0.341171875 0.3554166671875 0.36140625000000004 0.3554166671875
1 0.351953125 0.2951388890625 0.351953125 0.3473611109375 0.379921875 0.3473611109375 0.379921875 0.2951388890625 0.351953125 0.2951388890625
1 0.520703125 0.327222221875 0.520703125 0.2736111109375 0.37679687500000003 0.2736111109375 0.37679687500000003 0.327222221875 0.520703125 0.327222221875
1 0.44507812500000005 0.297777778125 0.44507812500000005 0.2173611109375 0.404609375 0.2173611109375 0.404609375 0.297777778125 0.44507812500000005 0.297777778125
1 0.48796875 0.2783333328125 0.48796875 0.1675 0.42328124999999994 0.1675 0.42328124999999994 0.2783333328125 0.48796875 0.2783333328125
1 0.769453125 0.25986111093750003 0.769453125 0.08625000000000001 0.46976562499999996 0.08625000000000001 0.46976562499999996 0.25986111093750003 0.769453125 0.25986111093750003
1 0.70265625 0.121527778125 0.70265625 0.0066666671875 0.570078125 0.0066666671875 0.570078125 0.121527778125 0.70265625 0.121527778125
1 0.691328125 0.00375 0.691328125 0.0641666671875 0.8400000000000001 0.0641666671875 0.8400000000000001 0.00375 0.691328125 0.00375
1 0.5743750000000001 0.13944444375 0.5743750000000001 0.0229166671875 0.384453125 0.0229166671875 0.384453125 0.13944444375 0.5743750000000001 0.13944444375
1 0.033671875000000004 0.7647222218749999 0.033671875000000004 0.656527778125 0.001875 0.656527778125 0.001875 0.7647222218749999 0.033671875000000004 0.7647222218749999
1 0.07296875 0.714722221875 0.07296875 0.6166666671875001 0.016796875 0.6166666671875001 0.016796875 0.714722221875 0.07296875 0.714722221875
1 0.091640625 0.656527778125 0.091640625 0.5883333328125 0.043046875 0.5883333328125 0.043046875 0.656527778125 0.091640625 0.656527778125
1 0.1234375 0.6216666671875 0.1234375 0.5651388890625 0.07390624999999999 0.5651388890625 0.07390624999999999 0.6216666671875 0.1234375 0.6216666671875
1 0.135546875 0.594722221875 0.135546875 0.5466666671875 0.11171875 0.5466666671875 0.11171875 0.594722221875 0.135546875 0.594722221875
1 0.148046875 0.5745833328125001 0.148046875 0.53805555625 0.1290625 0.53805555625 0.1290625 0.5745833328125001 0.148046875 0.5745833328125001
1 0.1615625 0.564027778125 0.1615625 0.5263888890625 0.135 0.5263888890625 0.135 0.564027778125 0.1615625 0.564027778125
1 0.17671874999999998 0.5273611109375 0.17671874999999998 0.49277777812499995 0.15726562500000002 0.49277777812499995 0.15726562500000002 0.5273611109375 0.17671874999999998 0.5273611109375
1 0.1696875 0.55430555625 0.1696875 0.5197222218750001 0.157734375 0.5197222218750001 0.157734375 0.55430555625 0.1696875 0.55430555625
1 0.17781249999999998 0.5427777781249999 0.17781249999999998 0.5148611109375001 0.1675 0.5148611109375001 0.1675 0.5427777781249999 0.17781249999999998 0.5427777781249999
1 0.185390625 0.5138888890625 0.185390625 0.4966666671875 0.171328125 0.4966666671875 0.171328125 0.5138888890625 0.185390625 0.5138888890625
1 0.183203125 0.48125 0.183203125 0.50625 0.22328125000000001 0.50625 0.22328125000000001 0.48125 0.183203125 0.48125
1 0.256796875 0.5023611109375 0.256796875 0.47930555625000004 0.223828125 0.47930555625000004 0.223828125 0.5023611109375 0.256796875 0.5023611109375
1 0.258984375 0.46486111093750004 0.258984375 0.49749999999999994 0.30125 0.49749999999999994 0.30125 0.46486111093750004 0.258984375 0.46486111093750004
1 0.29578125 0.33680555624999997 0.29578125 0.300277778125 0.2503125 0.300277778125 0.2503125 0.33680555624999997 0.29578125 0.33680555624999997
1 0.2546875 0.35611111093750003 0.2546875 0.2983333328125 0.21351562500000001 0.2983333328125 0.21351562500000001 0.35611111093750003 0.2546875 0.35611111093750003
1 0.17781249999999998 0.31180555625 0.17781249999999998 0.3570833328125 0.22218749999999998 0.3570833328125 0.22218749999999998 0.31180555625 0.17781249999999998 0.31180555625
1 0.17671874999999998 0.3320833328125 0.17671874999999998 0.277222221875 0.08359375 0.277222221875 0.08359375 0.3320833328125 0.17671874999999998 0.3320833328125
1 0.12203125 0.37819444375 0.12203125 0.33680555624999997 0.053828125000000004 0.33680555624999997 0.053828125000000004 0.37819444375 0.12203125 0.37819444375
1 0.050546875000000005 0.3301388890625 0.050546875000000005 0.352222221875 0.09875 0.352222221875 0.09875 0.3301388890625 0.050546875000000005 0.3301388890625
1 0.094921875 0.2008333328125 0.094921875 0.0761111109375 0.000390625 0.0761111109375 0.000390625 0.2008333328125 0.094921875 0.2008333328125
1 0.065234375 0.041249999999999995 0.065234375 0.11055555624999999 0.180546875 0.11055555624999999 0.180546875 0.041249999999999995 0.065234375 0.041249999999999995
1 0.075546875 0.00375 0.075546875 0.0461111109375 0.171328125 0.0461111109375 0.171328125 0.00375 0.075546875 0.00375
1 0.253671875 0.19430555625 0.253671875 0.149027778125 0.20812499999999998 0.149027778125 0.20812499999999998 0.19430555625 0.253671875 0.19430555625
1 0.3803125 0.074027778125 0.3803125 0.03069444375 0.307734375 0.03069444375 0.307734375 0.074027778125 0.3803125 0.074027778125
1 0.0021874999999999998 0.0029166671875000003 0.0021874999999999998 0.05625 0.038671875 0.05625 0.038671875 0.0029166671875000003 0.0021874999999999998 0.0029166671875000003