1 0.7434375 0.9764583328124999 0.7434375 0.7104166671875001 0.210859375 0.7104166671875001 0.210859375 0.9764583328124999 0.7434375 0.9764583328124999
1 0.325625 0.8833333328125 0.325625 0.6837500000000001 0.136015625 0.6837500000000001 0.136015625 0.8833333328125 0.325625 0.8833333328125
1 0.24578125 0.7702083328125 0.24578125 0.6571875 0.08609375 0.6571875 0.08609375 0.7702083328125 0.24578125 0.7702083328125
1 0.034999999999999996 0.6371875 0.034999999999999996 0.7203125 0.08484375 0.7203125 0.08484375 0.6371875 0.034999999999999996 0.6371875
1 0.072421875 0.6455208328125 0.072421875 0.5722916671875 0.02 0.5722916671875 0.02 0.6455208328125 0.072421875 0.6455208328125
0 0.137265625 0.6122916671875 0.137265625 0.2114583328125 0.0025781249999999997 0.2114583328125 0.0025781249999999997 0.6122916671875 0.137265625 0.6122916671875
1 0.383046875 0.1371875 0.383046875 0.029166667187500002 0.031328125 0.029166667187500002 0.031328125 0.1371875 0.383046875 0.1371875
1 0.05625 0.0058333328125 0.05625 0.0757291671875 0.39671875 0.0757291671875 0.39671875 0.0058333328125 0.05625 0.0058333328125
1 0.7646875 0.1854166671875 0.7646875 0.027500000000000004 0.45414062499999996 0.027500000000000004 0.45414062499999996 0.1854166671875 0.7646875 0.1854166671875
1 0.8881249999999999 0.1421875 0.8881249999999999 0.0008333328124999999 0.566328125 0.0008333328124999999 0.566328125 0.1421875 0.8881249999999999 0.1421875
1 0.379296875 0.08562499999999999 0.379296875 0.21375000000000002 0.6325000000000001 0.21375000000000002 0.6325000000000001 0.08562499999999999 0.379296875 0.08562499999999999