0 0.232265625 0.3675 0.232265625 0.470972221875 0.256640625 0.470972221875 0.256640625 0.3675 0.232265625 0.3675
1 0.553671875 0.5861111109375 0.553671875 0.77569444375 0.690234375 0.77569444375 0.690234375 0.9286111109374999 0.9998437499999999 0.9286111109374999 0.9998437499999999 0.6676388890625 0.73234375 0.6676388890625 0.73234375 0.5861111109375 0.553671875 0.5861111109375
1 0.482578125 0.562777778125 0.482578125 0.6709722218749999 0.566796875 0.6709722218749999 0.566796875 0.562777778125 0.482578125 0.562777778125
1 0.49406249999999996 0.5995833328125 0.49406249999999996 0.53805555625 0.43234374999999997 0.53805555625 0.43234374999999997 0.5995833328125 0.49406249999999996 0.5995833328125
1 0.41015625 0.5138888890625 0.41015625 0.57555555625 0.43453125000000004 0.57555555625 0.43453125000000004 0.5138888890625 0.41015625 0.5138888890625
1 0.41015625 0.5495833328125 0.41015625 0.5138888890625 0.39125 0.5138888890625 0.39125 0.5495833328125 0.41015625 0.5495833328125
1 0.377734375 0.49083333281249997 0.377734375 0.5341666671875 0.392890625 0.5341666671875 0.392890625 0.49083333281249997 0.377734375 0.49083333281249997
1 0.377734375 0.5263888890625 0.377734375 0.4879166671875 0.36578125 0.4879166671875 0.36578125 0.5263888890625 0.377734375 0.5263888890625
1 0.586171875 0.2601388890625 0.586171875 0.2408333328125 0.563671875 0.2408333328125 0.563671875 0.2601388890625 0.586171875 0.2601388890625
1 0.59375 0.280277778125 0.59375 0.24680555625 0.5587500000000001 0.24680555625 0.5587500000000001 0.280277778125 0.59375 0.280277778125
1 0.808828125 0.1436111109375 0.7555468750000001 0.1436111109375 0.7555468750000001 0.1551388890625 0.7059375 0.1551388890625 0.7059375 0.19513888906250001 0.76109375 0.19513888906250001 0.76109375 0.18847222187499998 0.808828125 0.18847222187499998 0.808828125 0.1436111109375
1 0.9126562500000001 0.18680555625 0.9126562500000001 0.11361111093750001 0.806953125 0.11361111093750001 0.806953125 0.18680555625 0.9126562500000001 0.18680555625
1 0.9783593749999999 0.13805555625000002 0.9783593749999999 0.0698611109375 0.9063281249999999 0.0698611109375 0.9063281249999999 0.13805555625000002 0.9783593749999999 0.13805555625000002
1 0.410625 0.0020833328125000002 0.410625 0.05055555625 0.6234375 0.05055555625 0.6234375 0.0020833328125000002 0.410625 0.0020833328125000002
1 0.529921875 0.14750000000000002 0.529921875 0.057499999999999996 0.377890625 0.057499999999999996 0.377890625 0.14750000000000002 0.529921875 0.14750000000000002
1 0.489375 0.17805555625 0.489375 0.1198611109375 0.35609375 0.1198611109375 0.35609375 0.17805555625 0.489375 0.17805555625
1 0.462109375 0.23625 0.462109375 0.17805555625 0.34750000000000003 0.17805555625 0.34750000000000003 0.23625 0.462109375 0.23625
1 0.679609375 0.1336111109375 0.679609375 0.0325 0.524453125 0.0325 0.524453125 0.1336111109375 0.679609375 0.1336111109375
1 0.10218750000000001 0.197222221875 0.10218750000000001 0.0886111109375 0.010624999999999999 0.0886111109375 0.010624999999999999 0.197222221875 0.10218750000000001 0.197222221875
1 0.169140625 0.287222221875 0.169140625 0.2376388890625 0.06515625 0.2376388890625 0.06515625 0.287222221875 0.169140625 0.287222221875
1 0.19343749999999998 0.319722221875 0.19343749999999998 0.28055555625 0.12171875000000001 0.28055555625 0.12171875000000001 0.319722221875 0.19343749999999998 0.319722221875
1 0.07640625 0.7026388890625 0.07640625 0.6091666671875 0.019296874999999998 0.6091666671875 0.019296874999999998 0.7026388890625 0.07640625 0.7026388890625
1 0.033984375 0.724722221875 0.033984375 0.6498611109375 0.0008593750000000001 0.6498611109375 0.0008593750000000001 0.724722221875 0.033984375 0.724722221875
1 0.10874999999999999 0.647222221875 0.10874999999999999 0.57430555625 0.065546875 0.57430555625 0.065546875 0.647222221875 0.10874999999999999 0.647222221875
1 0.134375 0.6158333328125 0.134375 0.5509722218750001 0.097109375 0.5509722218750001 0.097109375 0.6158333328125 0.134375 0.6158333328125
1 0.14710937500000001 0.58444444375 0.14710937500000001 0.5395833328124999 0.120390625 0.5395833328124999 0.120390625 0.58444444375 0.14710937500000001 0.58444444375
1 0.16328125 0.5704166671875 0.16328125 0.5269444437499999 0.133203125 0.5269444437499999 0.133203125 0.5704166671875 0.16328125 0.5704166671875
1 0.17421875 0.5516666671875 0.17421875 0.51694444375 0.158359375 0.51694444375 0.158359375 0.5516666671875 0.17421875 0.5516666671875
1 0.18734375 0.5436111109375 0.18734375 0.50680555625 0.17078125 0.50680555625 0.17078125 0.5436111109375 0.18734375 0.5436111109375
1 0.19632812500000002 0.5395833328124999 0.19632812500000002 0.49611111093750004 0.182109375 0.49611111093750004 0.182109375 0.5395833328124999 0.19632812500000002 0.5395833328124999
1 0.20054687499999999 0.51944444375 0.20054687499999999 0.49513888906250003 0.19140625 0.49513888906250003 0.19140625 0.51944444375 0.20054687499999999 0.51944444375
1 0.20859375 0.5120833328125001 0.20859375 0.49472222187500003 0.2009375 0.49472222187500003 0.2009375 0.5120833328125001 0.20859375 0.5120833328125001