1 0.6793750000000001 0.590277778125 0.6793750000000001 0.8776388890625 0.94609375 0.8776388890625 0.94609375 0.590277778125 0.6793750000000001 0.590277778125
1 0.9985937500000001 0.930277778125 0.9985937500000001 0.75305555625 0.8921875 0.75305555625 0.8921875 0.930277778125 0.9985937500000001 0.930277778125
1 0.706953125 0.7263888890625 0.706953125 0.5833333328125 0.54421875 0.5833333328125 0.54421875 0.7263888890625 0.706953125 0.7263888890625
1 0.570390625 0.65319444375 0.570390625 0.53680555625 0.48250000000000004 0.53680555625 0.48250000000000004 0.65319444375 0.570390625 0.65319444375
1 0.53859375 0.616527778125 0.53859375 0.52680555625 0.430078125 0.52680555625 0.430078125 0.616527778125 0.53859375 0.616527778125
1 0.44601562499999997 0.51180555625 0.44601562499999997 0.475277778125 0.39640624999999996 0.475277778125 0.39640624999999996 0.51180555625 0.44601562499999997 0.51180555625
1 0.39171875 0.52180555625 0.39171875 0.48194444374999995 0.32156250000000003 0.48194444374999995 0.32156250000000003 0.52180555625 0.39171875 0.52180555625
1 0.32156250000000003 0.538472221875 0.32156250000000003 0.48194444374999995 0.26265625 0.48194444374999995 0.26265625 0.538472221875 0.32156250000000003 0.538472221875
1 0.27015625 0.543472221875 0.27015625 0.49680555625 0.1990625 0.49680555625 0.1990625 0.543472221875 0.27015625 0.543472221875
1 0.198125 0.5599999999999999 0.198125 0.518472221875 0.13265625 0.518472221875 0.13265625 0.5599999999999999 0.198125 0.5599999999999999
1 0.13265625 0.5666666671875 0.13265625 0.538472221875 0.07179687500000001 0.538472221875 0.07179687500000001 0.5666666671875 0.13265625 0.5666666671875
1 0.055937499999999994 0.7445833328125 0.055937499999999994 0.6365277781249999 0.0025781249999999997 0.6365277781249999 0.0025781249999999997 0.7445833328125 0.055937499999999994 0.7445833328125
1 0.0438970578125 0.2711111109375 0.04328125 0.26574074062499997 0.0393489578125 0.266635803125 0.0398621328125 0.2711111109375 0.03582720625 0.2711111109375 0.0354166671875 0.2675308640625 0.031484374999999995 0.26842592656250003 0.0317922796875 0.2711111109375 0.027757353125000002 0.2711111109375 0.0275520828125 0.2693209875 0.023722426562500003 0.2711111109375 0.023619790625 0.27021605000000004 0.0196875 0.2711111109375 0.0196875 0.30569444375 0.08828125 0.30569444375 0.08828125 0.2711111109375 0.121796875 0.2704166671875 0.121796875 0.28625 0.19664062499999999 0.28625 0.19664062499999999 0.2308333328125 0.1219270828125 0.24783950625 0.121796875 0.2308333328125 0.117994790625 0.24873456875 0.047213540625 0.2648456796875 0.0479319859375 0.2711111109375 0.0438970578125 0.2711111109375
1 0.13390625 0.0025 0.13390625 0.045277778125 0.20406249999999998 0.045277778125 0.20406249999999998 0.0025 0.13390625 0.0025
1 0.094921875 0.08680555625 0.094921875 0.030277778124999998 0.036484375 0.030277778124999998 0.036484375 0.08680555625 0.094921875 0.08680555625
1 0.2534375 0.0036111109374999998 0.2534375 0.03944444375 0.31710937499999997 0.03944444375 0.31710937499999997 0.0036111109374999998 0.2534375 0.0036111109374999998
1 0.38070312500000003 0.23930555625 0.38070312500000003 0.20458333281250002 0.31710937499999997 0.20458333281250002 0.31710937499999997 0.23930555625 0.38070312500000003 0.23930555625
1 0.436640625 0.233472221875 0.436640625 0.1976388890625 0.379453125 0.1976388890625 0.379453125 0.233472221875 0.436640625 0.233472221875
1 0.503515625 0.23236111093749998 0.503515625 0.1941666671875 0.441796875 0.1941666671875 0.441796875 0.23236111093749998 0.503515625 0.23236111093749998
1 0.557421875 0.2311111109375 0.557421875 0.1976388890625 0.507421875 0.1976388890625 0.507421875 0.2311111109375 0.557421875 0.2311111109375