0 0.3011979171875 0.34203703750000003 0.3011979171875 0.7688888890625 0.43453125000000004 0.7688888890625 0.43453125000000004 0.34203703750000003 0.3011979171875 0.34203703750000003
0 0.5226041671874999 0.4108333328125 0.5226041671874999 0.5978703703125 0.5700520828125 0.5978703703125 0.5700520828125 0.4108333328125 0.5226041671874999 0.4108333328125
1 0.5636979171875 0.653796296875 0.5636979171875 0.61444444375 0.5505729171875 0.61444444375 0.5505729171875 0.653796296875 0.5636979171875 0.653796296875
1 0.5754166671875 0.665 0.5754166671875 0.6233333328125 0.5596354171875 0.6233333328125 0.5596354171875 0.665 0.5754166671875 0.665
1 0.5853125 0.6850925921875 0.5853125 0.63851851875 0.56953125 0.63851851875 0.56953125 0.6850925921875 0.5853125 0.6850925921875
1 0.6056250000000001 0.7123148140625 0.6056250000000001 0.66101851875 0.5853125 0.66101851875 0.5853125 0.7123148140625 0.6056250000000001 0.7123148140625
1 0.6349479171875 0.7484259265625 0.6349479171875 0.6698148140625 0.6002083328125 0.6698148140625 0.6002083328125 0.7484259265625 0.6349479171875 0.7484259265625
1 0.6588541671875 0.779722221875 0.6588541671875 0.6946296296875001 0.6268229171875 0.6946296296875001 0.6268229171875 0.779722221875 0.6588541671875 0.779722221875
1 0.70625 0.85351851875 0.70625 0.74148148125 0.6575 0.74148148125 0.6575 0.85351851875 0.70625 0.85351851875
1 0.78328125 0.9645370375000001 0.78328125 0.8049074078125 0.7000520828125001 0.8049074078125 0.7000520828125001 0.9645370375000001 0.78328125 0.9645370375000001
1 0.8730729171875 0.9961111109375 0.8730729171875 0.90305555625 0.7777083328125001 0.90305555625 0.7777083328125001 0.9961111109375 0.8730729171875 0.9961111109375
1 0.7780208328125 0.2838888890625 0.7780208328125 0.1984259265625 0.6104166671875 0.1984259265625 0.6104166671875 0.2838888890625 0.7780208328125 0.2838888890625
1 0.7286458328125 0.316203703125 0.7286458328125 0.2434259265625 0.58765625 0.2434259265625 0.58765625 0.316203703125 0.7286458328125 0.316203703125
1 0.7383854171875 0.331203703125 0.7383854171875 0.2758333328125 0.5740104171875 0.2758333328125 0.5740104171875 0.331203703125 0.7383854171875 0.331203703125
1 0.665625 0.34851851875 0.665625 0.3024074078125 0.5655729171874999 0.3024074078125 0.5655729171874999 0.34851851875 0.665625 0.34851851875
1 0.67015625 0.3716666671875 0.67015625 0.3231481484375 0.5526041671875 0.3231481484375 0.5526041671875 0.3716666671875 0.67015625 0.3716666671875
1 0.7444791671875 0.0051851859375000005 0.7444791671875 0.08 0.99703125 0.08 0.99703125 0.0051851859375000005 0.7444791671875 0.0051851859375000005
1 0.9097395828125 0.3220370375 0.9097395828125 0.2596296296875 0.7583854171875 0.2596296296875 0.7583854171875 0.3220370375 0.9097395828125 0.3220370375
1 0.0018229171874999998 0.0016666671875 0.0018229171874999998 0.190277778125 0.10359375 0.190277778125 0.10359375 0.0016666671875 0.0018229171874999998 0.0016666671875
1 0.1717708328125 0.2326851859375 0.1717708328125 0.095 0.0018229171874999998 0.095 0.0018229171874999998 0.2326851859375 0.1717708328125 0.2326851859375
1 0.2286458328125 0.2778703703125 0.2286458328125 0.1759259265625 0.040781250000000005 0.1759259265625 0.040781250000000005 0.2778703703125 0.2286458328125 0.2778703703125
1 0.2697916671875 0.32601851875 0.2697916671875 0.23944444374999999 0.0992708328125 0.23944444374999999 0.0992708328125 0.32601851875 0.2697916671875 0.32601851875
1 0.3173958328125 0.35972222187499997 0.3173958328125 0.3076851859375 0.1929166671875 0.3076851859375 0.1929166671875 0.35972222187499997 0.3173958328125 0.35972222187499997
1 0.2881770828125 0.0838888890625 0.2881770828125 0.1254629625 0.34796875 0.1254629625 0.34796875 0.0838888890625 0.2881770828125 0.0838888890625
1 0.24854166718749998 0.046944443749999995 0.24854166718749998 0.09657407343749999 0.3453645828125 0.09657407343749999 0.3453645828125 0.046944443749999995 0.24854166718749998 0.046944443749999995
1 0.2453125 0.000740740625 0.2453125 0.046944443749999995 0.33171875 0.046944443749999995 0.33171875 0.000740740625 0.2453125 0.000740740625
1 0.28500000000000003 0.8524074078125 0.28500000000000003 0.7498148140625001 0.0940104171875 0.7498148140625001 0.0940104171875 0.8524074078125 0.28500000000000003 0.8524074078125
1 0.3142708328125 0.7808333328125 0.3142708328125 0.7115740734375 0.26125 0.7115740734375 0.26125 0.7808333328125 0.3142708328125 0.7808333328125
1 0.3007291671875 0.6922129625 0.3007291671875 0.7346296296875 0.33541666718749996 0.7346296296875 0.33541666718749996 0.6875 0.3007291671875 0.6875 0.2332994484375 0.5990751890625 0.1599479171875 0.45814814843749996 0.1599479171875 0.42453703750000005 0.1258333328125 0.42453703750000005 0.1258333328125 0.45814814843749996 0.23119226875 0.5963119140625001 0.3007291671875 0.6922129625
1 0.5479166671875 0.2808333328125 0.5479166671875 0.246203703125 0.50515625 0.246203703125 0.50515625 0.2808333328125 0.5479166671875 0.2808333328125
1 0.5574479171875 0.1400925921875 0.5574479171875 0.0974074078125 0.48989583281250004 0.0974074078125 0.48989583281250004 0.1400925921875 0.5574479171875 0.1400925921875
1 0.7768229171875001 0.40592592656250004 0.7768229171875001 0.385 0.7619791671875 0.385 0.7619791671875 0.40592592656250004 0.7768229171875001 0.40592592656250004
1 0.7630208328125 0.41148148124999995 0.7630208328125 0.3873148140625 0.7436979171875 0.3873148140625 0.7436979171875 0.41148148124999995 0.7630208328125 0.41148148124999995
1 0.7465625 0.41981481406250004 0.7465625 0.39796296249999996 0.7212500000000001 0.39796296249999996 0.7212500000000001 0.41981481406250004 0.7465625 0.41981481406250004
1 0.7256770828125 0.42259259218749995 0.7256770828125 0.401759259375 0.7071354171875 0.401759259375 0.7071354171875 0.42259259218749995 0.7256770828125 0.42259259218749995
1 0.70921875 0.42537037031249997 0.70921875 0.40546296249999997 0.6917187499999999 0.40546296249999997 0.6917187499999999 0.42537037031249997 0.70921875 0.42537037031249997