1 0.969765625 0.2214583328125 0.969765625 0.13968750000000002 0.8159375000000001 0.13968750000000002 0.8159375000000001 0.2214583328125 0.969765625 0.2214583328125
1 0.8253125000000001 0.23395833281249998 0.8253125000000001 0.1590625 0.738046875 0.1590625 0.738046875 0.23395833281249998 0.8253125000000001 0.23395833281249998
1 0.738046875 0.2588541671875 0.738046875 0.19375 0.66109375 0.19375 0.66109375 0.2588541671875 0.738046875 0.2588541671875
1 0.6528125 0.24635416718749997 0.6528125 0.2144791671875 0.617421875 0.2144791671875 0.617421875 0.24635416718749997 0.6528125 0.24635416718749997
1 0.617421875 0.276875 0.617421875 0.213125 0.546796875 0.213125 0.546796875 0.276875 0.617421875 0.276875
1 0.547890625 0.9946875000000001 0.547890625 0.8845833328125 0.3915625 0.8845833328125 0.3915625 0.9946875000000001 0.547890625 0.9946875000000001
1 0.20484375 0.7216666671875 0.20484375 0.8294791671875 0.27125 0.8294791671875 0.27125 0.7216666671875 0.20484375 0.7216666671875
1 0.400546875 0.9898958328124999 0.400546875 0.7695833328125 0.273046875 0.7695833328125 0.273046875 0.9898958328124999 0.400546875 0.9898958328124999
1 0.14195312499999999 0.6594791671875 0.14195312499999999 0.7647916671874999 0.2228125 0.7647916671874999 0.2228125 0.6594791671875 0.14195312499999999 0.6594791671875
1 0.16171875 0.6690625 0.16171875 0.5947916671875 0.080859375 0.5947916671875 0.080859375 0.6690625 0.16171875 0.6690625
1 0.085390625 0.6325000000000001 0.085390625 0.5759375 0.05421875 0.5759375 0.05421875 0.6325000000000001 0.085390625 0.6325000000000001
1 0.037734375 0.5666666671875 0.037734375 0.6105208328125 0.059375 0.6105208328125 0.059375 0.5666666671875 0.037734375 0.5666666671875
1 0.323984375 0.1666666671875 0.323984375 0.0748958328125 0.06953125 0.0748958328125 0.06953125 0.1666666671875 0.323984375 0.1666666671875
1 0.298515625 0.2126041671875 0.298515625 0.11281250000000001 0.02015625 0.11281250000000001 0.02015625 0.2126041671875 0.298515625 0.2126041671875