1 0.9412499999999999 0.35924999999999996 0.9412499999999999 0.3465 0.9024218749999999 0.3465 0.9024218749999999 0.35924999999999996 0.9412499999999999 0.35924999999999996
1 0.8999218750000001 0.3325 0.8999218750000001 0.3485 0.943359375 0.3485 0.943359375 0.3325 0.8999218750000001 0.3325
1 0.9764062499999999 0.36312500000000003 0.9764062499999999 0.338875 0.9403124999999999 0.338875 0.9403124999999999 0.36312500000000003 0.9764062499999999 0.36312500000000003
1 0.9994531249999999 0.36425 0.9994531249999999 0.348 0.974921875 0.348 0.974921875 0.36425 0.9994531249999999 0.36425
1 0.9994531249999999 0.301875 0.9994531249999999 0.28337500000000004 0.980703125 0.28337500000000004 0.980703125 0.301875 0.9994531249999999 0.301875
1 0.9842968750000001 0.304125 0.9842968750000001 0.288 0.9425000000000001 0.288 0.9425000000000001 0.304125 0.9842968750000001 0.304125
1 0.9309375 0.428875 0.9309375 0.40700000000000003 0.8970312500000001 0.40700000000000003 0.8970312500000001 0.428875 0.9309375 0.428875
1 0.971328125 0.43925000000000003 0.971328125 0.40812499999999996 0.9330468749999999 0.40812499999999996 0.9330468749999999 0.43925000000000003 0.971328125 0.43925000000000003
1 0.9994531249999999 0.4405 0.9994531249999999 0.40812499999999996 0.967734375 0.40812499999999996 0.967734375 0.4405 0.9994531249999999 0.4405
1 0.5759375 0.056499999999999995 0.5759375 0.131375 0.7650781249999999 0.131375 0.7650781249999999 0.056499999999999995 0.5759375 0.056499999999999995
1 0.475390625 0.908625 0.475390625 0.625875 0.050234375 0.625875 0.050234375 0.908625 0.475390625 0.908625
1 0.27375 0.998375 0.27375 0.69575 0.00140625 0.69575 0.00140625 0.998375 0.27375 0.998375
1 0.57515625 0.763875 0.57515625 0.5676249999999999 0.330859375 0.5676249999999999 0.330859375 0.763875 0.57515625 0.763875
1 0.6375 0.69575 0.6375 0.576 0.378671875 0.576 0.378671875 0.69575 0.6375 0.69575
1 0.686328125 0.6375 0.686328125 0.559375 0.628125 0.559375 0.628125 0.6375 0.686328125 0.6375
1 0.719375 0.596375 0.719375 0.5415 0.68265625 0.5415 0.68265625 0.596375 0.719375 0.596375
1 0.7478125 0.569625 0.7478125 0.5195000000000001 0.715234375 0.5195000000000001 0.715234375 0.569625 0.7478125 0.569625
1 0.774140625 0.553625 0.774140625 0.5041249999999999 0.7423437500000001 0.5041249999999999 0.7423437500000001 0.553625 0.774140625 0.553625
1 0.7903125 0.530375 0.7903125 0.487875 0.772265625 0.487875 0.772265625 0.530375 0.7903125 0.530375
1 0.7848437500000001 0.479 0.7848437500000001 0.5158750000000001 0.804375 0.5158750000000001 0.804375 0.479 0.7848437500000001 0.479