1 0.9478125000000001 0.258875 0.9478125000000001 0.222875 0.875 0.222875 0.875 0.258875 0.9478125000000001 0.258875
1 0.8715624999999999 0.488875 0.8715624999999999 0.44175000000000003 0.8204687500000001 0.44175000000000003 0.8204687500000001 0.488875 0.8715624999999999 0.488875
1 0.9356249999999999 0.4765 0.9356249999999999 0.43624999999999997 0.872421875 0.43624999999999997 0.872421875 0.4765 0.9356249999999999 0.4765
1 0.999765625 0.49437499999999995 0.999765625 0.448125 0.9434374999999999 0.448125 0.9434374999999999 0.49437499999999995 0.999765625 0.49437499999999995
1 0.8236718749999999 0.529 0.8236718749999999 0.481625 0.78609375 0.481625 0.78609375 0.529 0.8236718749999999 0.529
1 0.7817968750000001 0.578625 0.7817968750000001 0.520875 0.751484375 0.520875 0.751484375 0.578625 0.7817968750000001 0.578625
1 0.75578125 0.613375 0.75578125 0.5347500000000001 0.63453125 0.5347500000000001 0.63453125 0.613375 0.75578125 0.613375
1 0.68796875 0.738 0.68796875 0.57175 0.59484375 0.57175 0.59484375 0.738 0.68796875 0.738
1 0.622109375 0.869125 0.622109375 0.643625 0.400078125 0.643625 0.400078125 0.869125 0.622109375 0.869125
1 0.51234375 0.9848750000000001 0.51234375 0.685625 0.3040625 0.685625 0.3040625 0.9848750000000001 0.51234375 0.9848750000000001
1 0.318984375 0.9948750000000001 0.318984375 0.8891249999999999 0.191796875 0.8891249999999999 0.191796875 0.9948750000000001 0.318984375 0.9948750000000001
1 0.489921875 0.002125 0.489921875 0.058625000000000003 0.738359375 0.058625000000000003 0.738359375 0.002125 0.489921875 0.002125
1 0.5543750000000001 0.12675 0.5543750000000001 0.017 0.395390625 0.017 0.395390625 0.12675 0.5543750000000001 0.12675
1 0.317421875 0.16499999999999998 0.317421875 0.206625 0.3725 0.206625 0.3725 0.16499999999999998 0.317421875 0.16499999999999998
1 0.7700781250000001 0.133125 0.7700781250000001 0.017625 0.57640625 0.017625 0.57640625 0.133125 0.7700781250000001 0.133125
1 0.78453125 0.135 0.78453125 0.063875 0.6233593749999999 0.063875 0.6233593749999999 0.135 0.78453125 0.135
1 0.8110156249999999 0.15912500000000002 0.8110156249999999 0.094625 0.6378125 0.094625 0.6378125 0.15912500000000002 0.8110156249999999 0.15912500000000002
1 0.7153906250000001 0.209125 0.7153906250000001 0.15237499999999998 0.587265625 0.15237499999999998 0.587265625 0.209125 0.7153906250000001 0.209125