1 0.9916406249999999 0.2796875 0.9916406249999999 0.2408333328125 0.9178124999999999 0.2408333328125 0.9178124999999999 0.2796875 0.9916406249999999 0.2796875
1 0.38468749999999996 0.9439583328125 0.38468749999999996 0.6894791671875 0.17015625 0.6894791671875 0.17015625 0.9439583328125 0.38468749999999996 0.9439583328125
1 0.6790625 0.9988541671875 0.6790625 0.7992708328125 0.24874999999999997 0.7992708328125 0.24874999999999997 0.9988541671875 0.6790625 0.9988541671875
1 0.8259375 0.9919791671875 0.8259375 0.8602083328125 0.40031249999999996 0.8602083328125 0.40031249999999996 0.9919791671875 0.8259375 0.9919791671875
1 0.2940625 0.7455208328125 0.2940625 0.6221875 0.079921875 0.6221875 0.079921875 0.7455208328125 0.2940625 0.7455208328125
1 0.090546875 0.6803125 0.090546875 0.6105208328125 0.050234375 0.6105208328125 0.050234375 0.6803125 0.090546875 0.6803125
1 0.018359375 0.576875 0.018359375 0.6417708328125 0.0484375 0.6417708328125 0.0484375 0.576875 0.018359375 0.576875
1 0.031015625 0.6105208328125 0.031015625 0.5591666671875 0.0009375 0.5591666671875 0.0009375 0.6105208328125 0.031015625 0.6105208328125
1 0.278515625 0.1405208328125 0.278515625 0.0411458328125 0.017499999999999998 0.0411458328125 0.017499999999999998 0.1405208328125 0.278515625 0.1405208328125
1 0.355078125 0.11260416718749999 0.355078125 0.0029166671875000003 0.054531249999999996 0.0029166671875000003 0.054531249999999996 0.11260416718749999 0.355078125 0.11260416718749999
1 0.185234375 0.2211458328125 0.185234375 0.12645833281250002 0.0035937499999999997 0.12645833281250002 0.0035937499999999997 0.2211458328125 0.185234375 0.2211458328125
1 0.49921875 0.2784375 0.49921875 0.2430208328125 0.385390625 0.2430208328125 0.385390625 0.2784375 0.49921875 0.2784375
1 0.676484375 0.10260416718750001 0.676484375 0.0069791671875 0.389609375 0.0069791671875 0.389609375 0.10260416718750001 0.676484375 0.10260416718750001
1 0.63796875 0.2009375 0.63796875 0.08875 0.31375000000000003 0.08875 0.31375000000000003 0.2009375 0.63796875 0.2009375