1 0.624296875 0.9257291671875001 0.624296875 0.7079166671875 0.23015625 0.7079166671875 0.23015625 0.9257291671875001 0.624296875 0.9257291671875001
1 0.9310937499999999 0.9955208328125 0.9310937499999999 0.7610416671875 0.38359375 0.7610416671875 0.38359375 0.9955208328125 0.9310937499999999 0.9955208328125
1 0.037578125000000004 0.6202083328125 0.037578125000000004 0.5670833328125 0.002890625 0.5670833328125 0.002890625 0.6202083328125 0.037578125000000004 0.6202083328125
1 0.31124999999999997 0.2783333328125 0.31124999999999997 0.2460416671875 0.13539062500000001 0.2460416671875 0.13539062500000001 0.2783333328125 0.31124999999999997 0.2783333328125
1 0.31124999999999997 0.3210416671875 0.31124999999999997 0.2748958328125 0.13109375 0.2748958328125 0.13109375 0.3210416671875 0.31124999999999997 0.3210416671875
1 0.297421875 0.3384375 0.297421875 0.30375 0.12765625 0.30375 0.12765625 0.3384375 0.297421875 0.3384375
1 0.3078125 0.3627083328125 0.3078125 0.33375 0.181328125 0.33375 0.181328125 0.3627083328125 0.3078125 0.3627083328125
1 0.2921875 0.3927083328125 0.2921875 0.3627083328125 0.181328125 0.3627083328125 0.181328125 0.3927083328125 0.2921875 0.3927083328125
1 0.30085937500000004 0.4261458328125 0.30085937500000004 0.3984375 0.196953125 0.3984375 0.196953125 0.4261458328125 0.30085937500000004 0.4261458328125
1 0.40828125000000004 0.42385416718749996 0.40828125000000004 0.39729166718750003 0.304296875 0.39729166718750003 0.304296875 0.42385416718749996 0.40828125000000004 0.42385416718749996
1 0.30085937500000004 0.3638541671875 0.30085937500000004 0.40541666718749997 0.405625 0.40541666718749997 0.405625 0.3638541671875 0.30085937500000004 0.3638541671875
1 0.299140625 0.3384375 0.299140625 0.3661458328125 0.40132812500000004 0.3661458328125 0.40132812500000004 0.3384375 0.299140625 0.3384375
1 0.297421875 0.31302083281250004 0.297421875 0.3384375 0.40132812500000004 0.3384375 0.40132812500000004 0.31302083281250004 0.297421875 0.31302083281250004
1 0.297421875 0.2921875 0.297421875 0.31302083281250004 0.40828125000000004 0.31302083281250004 0.40828125000000004 0.2921875 0.297421875 0.2921875
1 0.30257812500000003 0.250625 0.30257812500000003 0.2921875 0.40828125000000004 0.2921875 0.40828125000000004 0.250625 0.30257812500000003 0.250625
1 0.500078125 0.2921875 0.500078125 0.2633333328125 0.4134375 0.2633333328125 0.4134375 0.2921875 0.500078125 0.2921875
1 0.5017968749999999 0.3222916671875 0.5017968749999999 0.2921875 0.4290625 0.2921875 0.4290625 0.3222916671875 0.5017968749999999 0.3222916671875
1 0.5017968749999999 0.3488541671875 0.5017968749999999 0.3222916671875 0.4290625 0.3222916671875 0.4290625 0.3488541671875 0.5017968749999999 0.3488541671875
1 0.5017968749999999 0.3754166671875 0.5017968749999999 0.3488541671875 0.435078125 0.3488541671875 0.435078125 0.3754166671875 0.5017968749999999 0.3754166671875
1 0.498359375 0.40072916718749996 0.498359375 0.3754166671875 0.43421875 0.3754166671875 0.43421875 0.40072916718749996 0.498359375 0.40072916718749996
1 0.498359375 0.42385416718749996 0.498359375 0.40072916718749996 0.4290625 0.40072916718749996 0.4290625 0.42385416718749996 0.498359375 0.42385416718749996
1 0.51046875 0.2321875 0.51046875 0.1940625 0.42648437499999997 0.1940625 0.42648437499999997 0.2321875 0.51046875 0.2321875
1 0.7711718750000001 0.1813541671875 0.7711718750000001 0.1386458328125 0.7062547828125 0.1780973640625 0.7070572921875 0.1813541671875 0.7030501296875 0.1813541671875 0.7026482781250001 0.180289115625 0.6990429687499999 0.1813541671875 0.6990417734375 0.1824808671875 0.6954352671875 0.18467261875000002 0.6950358078125001 0.1813541671875 0.675 0.1813541671875 0.675 0.1386458328125 0.6737962375000001 0.1978231296875 0.6918287624999999 0.1868643703125 0.711064453125 0.1813541671875 0.7711718750000001 0.1813541671875
1 0.5017968749999999 0.2460416671875 0.594453125 0.2460416671875 0.6593702171875 0.20659013593750003 0.594453125 0.21135416718750002 0.594453125 0.19979166718750002 0.5017968749999999 0.19979166718750002 0.5017968749999999 0.2460416671875
1 0.85453125 0.1392708328125 0.85453125 0.16125 0.9246874999999999 0.16125 0.9246874999999999 0.1392708328125 0.85453125 0.1392708328125
1 0.91859375 0.1427083328125 0.91859375 0.1185416671875 0.8596875 0.1185416671875 0.8596875 0.1427083328125 0.91859375 0.1427083328125
1 0.85625 0.09427083281250001 0.85625 0.108125 0.9246874999999999 0.108125 0.9246874999999999 0.09427083281250001 0.85625 0.09427083281250001
1 0.42062499999999997 0.0079166671875 0.42062499999999997 0.0740625 0.7826562499999999 0.0740625 0.7826562499999999 0.0079166671875 0.42062499999999997 0.0079166671875
1 0.40945312500000003 0.09322916718749999 0.40945312500000003 0.0516666671875 0.30343749999999997 0.0516666671875 0.30343749999999997 0.09322916718749999 0.40945312500000003 0.09322916718749999
1 0.30843750000000003 0.0682291671875 0.30843750000000003 0.118125 0.40570312499999994 0.118125 0.40570312499999994 0.0682291671875 0.30843750000000003 0.0682291671875
1 0.42195312500000004 0.1447916671875 0.42195312500000004 0.0998958328125 0.3121875 0.0998958328125 0.3121875 0.1447916671875 0.42195312500000004 0.1447916671875
1 0.415703125 0.1596875 0.415703125 0.1297916671875 0.31843750000000004 0.1297916671875 0.31843750000000004 0.1596875 0.415703125 0.1596875
1 0.401953125 0.1896875 0.401953125 0.1530208328125 0.3109375 0.1530208328125 0.3109375 0.1896875 0.401953125 0.1896875
1 0.3071875 0.1863541671875 0.3071875 0.2195833328125 0.40695312499999997 0.2195833328125 0.40695312499999997 0.1863541671875 0.3071875 0.1863541671875
1 0.204921875 0.1746875 0.204921875 0.21625 0.30843750000000003 0.21625 0.30843750000000003 0.1746875 0.204921875 0.1746875
1 0.3121875 0.1746875 0.3121875 0.1397916671875 0.20242187500000003 0.1397916671875 0.20242187500000003 0.1746875 0.3121875 0.1746875
1 0.208671875 0.1164583328125 0.208671875 0.1563541671875 0.3121875 0.1563541671875 0.3121875 0.1164583328125 0.208671875 0.1164583328125
1 0.30843750000000003 0.128125 0.30843750000000003 0.0865625 0.197421875 0.0865625 0.197421875 0.128125 0.30843750000000003 0.128125
1 0.20242187500000003 0.0566666671875 0.20242187500000003 0.10645833281249999 0.3134375 0.10645833281249999 0.3134375 0.0566666671875 0.20242187500000003 0.0566666671875
1 0.3209375 0.0732291671875 0.3209375 0.0283333328125 0.20242187500000003 0.0283333328125 0.20242187500000003 0.0732291671875 0.3209375 0.0732291671875
1 0.0378125 0.0034375000000000005 0.0378125 0.05 0.1825 0.05 0.1825 0.0034375000000000005 0.0378125 0.0034375000000000005
1 0.17625 0.0865625 0.17625 0.03 0.0303125 0.03 0.0303125 0.0865625 0.17625 0.0865625
1 0.1775 0.10645833281249999 0.1775 0.0682291671875 0.047734375 0.0682291671875 0.047734375 0.10645833281249999 0.1775 0.10645833281249999
1 0.197421875 0.1397916671875 0.197421875 0.0948958328125 0.0390625 0.0948958328125 0.0390625 0.1397916671875 0.197421875 0.1397916671875
1 0.193671875 0.1696875 0.193671875 0.118125 0.062734375 0.118125 0.062734375 0.1696875 0.193671875 0.1696875
1 0.189921875 0.21625 0.189921875 0.1530208328125 0.0440625 0.1530208328125 0.0440625 0.21625 0.189921875 0.21625