1 0.596640625 0.24635416718749997 0.596640625 0.2047916671875 0.5540625 0.2047916671875 0.5540625 0.24635416718749997 0.596640625 0.24635416718749997
1 0.5603125 0.2588541671875 0.5603125 0.213125 0.503125 0.213125 0.503125 0.2588541671875 0.5603125 0.2588541671875
1 0.595625 0.200625 0.595625 0.2366666671875 0.633046875 0.2366666671875 0.633046875 0.200625 0.595625 0.200625
1 0.490625 0.2796875 0.490625 0.2325 0.43140625000000005 0.2325 0.43140625000000005 0.2796875 0.490625 0.2796875
1 0.29390625 0.1144791671875 0.29390625 0.0107291671875 0.06789062500000001 0.0107291671875 0.06789062500000001 0.1144791671875 0.29390625 0.1144791671875
1 0.25796874999999997 0.164375 0.25796874999999997 0.054583332812499996 0.03796875 0.054583332812499996 0.03796875 0.164375 0.25796874999999997 0.164375
1 0.16218749999999998 0.2182291671875 0.16218749999999998 0.1384375 0.008046875 0.1384375 0.008046875 0.2182291671875 0.16218749999999998 0.2182291671875
1 0.48546875 0.1563541671875 0.48546875 0.0705208328125 0.246015625 0.0705208328125 0.246015625 0.1563541671875 0.48546875 0.1563541671875
1 0.455703125 0.0035416671875 0.455703125 0.12322916718750002 0.725078125 0.12322916718750002 0.725078125 0.0035416671875 0.455703125 0.0035416671875
1 0.14937499999999998 0.653125 0.14937499999999998 0.5861458328125 0.054140625 0.5861458328125 0.054140625 0.653125 0.14937499999999998 0.653125
1 0.03328125 0.5769791671875 0.03328125 0.6196875000000001 0.061875 0.6196875000000001 0.061875 0.5769791671875 0.03328125 0.5769791671875
1 0.419609375 0.28479166718750004 0.419609375 0.2547916671875 0.39015625 0.2547916671875 0.39015625 0.28479166718750004 0.419609375 0.28479166718750004
1 0.40140624999999996 0.2870833328125 0.40140624999999996 0.2616666671875 0.3728125 0.2616666671875 0.3728125 0.2870833328125 0.40140624999999996 0.2870833328125
1 0.27015625 0.3095833328125 0.27015625 0.2882291671875 0.2440625 0.2882291671875 0.2440625 0.3095833328125 0.27015625 0.3095833328125
1 0.166484375 0.3388541671875 0.166484375 0.30281250000000004 0.125 0.30281250000000004 0.125 0.3388541671875 0.166484375 0.3388541671875
1 0.037343749999999995 0.6026041671875 0.037343749999999995 0.5480208328125 0.01390625 0.5480208328125 0.01390625 0.6026041671875 0.037343749999999995 0.6026041671875
1 0.039765625 0.5785416671875 0.039765625 0.5304166671874999 0.00125 0.5304166671874999 0.00125 0.5785416671875 0.039765625 0.5785416671875
1 0.383203125 0.7589583328125 0.383203125 0.6442708328125 0.11796875 0.6442708328125 0.11796875 0.7589583328125 0.383203125 0.7589583328125
1 0.6697656249999999 0.9961458328124999 0.6697656249999999 0.7339583328125 0.2384375 0.7339583328125 0.2384375 0.9961458328124999 0.6697656249999999 0.9961458328124999
1 0.7184375000000001 0.9983333328124999 0.7184375000000001 0.8303125 0.390390625 0.8303125 0.390390625 0.9983333328124999 0.7184375000000001 0.9983333328124999