1 0.76765625 0.608125 0.76765625 0.51525 0.5528125 0.51525 0.5528125 0.608125 0.76765625 0.608125
1 0.801171875 0.561125 0.801171875 0.518625 0.7575000000000001 0.518625 0.7575000000000001 0.561125 0.801171875 0.561125
1 0.81765625 0.541125 0.81765625 0.495375 0.7946093750000001 0.495375 0.7946093750000001 0.541125 0.81765625 0.541125
1 0.8311718750000001 0.517 0.8311718750000001 0.481 0.811171875 0.481 0.811171875 0.517 0.8311718750000001 0.517
1 0.8452343750000001 0.50825 0.8452343750000001 0.472125 0.8267187500000001 0.472125 0.8267187500000001 0.50825 0.8452343750000001 0.50825
1 0.852265625 0.501875 0.852265625 0.471375 0.8286718750000001 0.471375 0.8286718750000001 0.501875 0.852265625 0.501875
1 0.49945312499999994 0.002875 0.49945312499999994 0.0605 0.749140625 0.0605 0.749140625 0.002875 0.49945312499999994 0.002875
1 0.785234375 0.11712499999999999 0.785234375 0.00975 0.55359375 0.00975 0.55359375 0.11712499999999999 0.785234375 0.11712499999999999
1 0.8032812500000001 0.1345 0.8032812500000001 0.05600000000000001 0.640859375 0.05600000000000001 0.640859375 0.1345 0.8032812500000001 0.1345
1 0.8162499999999999 0.137875 0.8162499999999999 0.1045 0.6798437500000001 0.1045 0.6798437500000001 0.137875 0.8162499999999999 0.137875
1 0.82640625 0.19225 0.82640625 0.12875 0.6813281250000001 0.12875 0.6813281250000001 0.19225 0.82640625 0.19225
1 0.864609375 0.217625 0.864609375 0.17024999999999998 0.7477343750000001 0.17024999999999998 0.7477343750000001 0.217625 0.864609375 0.217625
1 0.21046874999999998 0.1645 0.21046874999999998 0.094 0.10078125 0.094 0.10078125 0.1645 0.21046874999999998 0.1645
1 0.2790625 0.174875 0.2790625 0.113625 0.20328125 0.113625 0.20328125 0.174875 0.2790625 0.174875
1 0.32890625 0.176 0.32890625 0.134375 0.270390625 0.134375 0.270390625 0.176 0.32890625 0.176
1 0.382265625 0.198 0.382265625 0.150625 0.32890625 0.150625 0.32890625 0.198 0.382265625 0.198
1 0.42125 0.201375 0.42125 0.165625 0.382265625 0.165625 0.382265625 0.201375 0.42125 0.201375
1 0.46460937500000005 0.21875 0.46460937500000005 0.18525 0.41984374999999996 0.18525 0.41984374999999996 0.21875 0.46460937500000005 0.21875
1 0.2884375 0.5121249999999999 0.2884375 0.45899999999999996 0.21414062500000003 0.45899999999999996 0.21414062500000003 0.5121249999999999 0.2884375 0.5121249999999999
1 0.21554687499999997 0.52825 0.21554687499999997 0.469375 0.13328125 0.469375 0.13328125 0.52825 0.21554687499999997 0.52825
1 0.560078125 0.621875 0.560078125 0.5255 0.31484375 0.5255 0.31484375 0.621875 0.560078125 0.621875
1 0.164296875 0.20550000000000002 0.164296875 0.246375 0.20640624999999999 0.246375 0.20640624999999999 0.20550000000000002 0.164296875 0.20550000000000002
1 0.174375 0.24162499999999998 0.174375 0.20625 0.11171875 0.20625 0.11171875 0.24162499999999998 0.174375 0.24162499999999998
1 0.270625 0.24312499999999998 0.270625 0.21275 0.21546875000000001 0.21275 0.21546875000000001 0.24312499999999998 0.270625 0.24312499999999998
1 0.381640625 0.27175 0.381640625 0.250875 0.34203125 0.250875 0.34203125 0.27175 0.381640625 0.27175
1 0.5450781250000001 0.22625 0.5450781250000001 0.25187499999999996 0.56421875 0.25187499999999996 0.56421875 0.22625 0.5450781250000001 0.22625
1 0.5982031250000001 0.260625 0.5982031250000001 0.238875 0.565078125 0.238875 0.565078125 0.260625 0.5982031250000001 0.260625
0 0.154296875 0.990875 0.154296875 0.008125 0.00703125 0.008125 0.00703125 0.990875 0.154296875 0.990875