0 0.39828125000000003 0.9486111109375001 0.39828125000000003 0.4576851859375 0.08171874999999999 0.4576851859375 0.08171874999999999 0.9486111109375001 0.39828125000000003 0.9486111109375001
0 0.44765625 0.7091666671875 0.44765625 0.423796296875 0.35109375 0.423796296875 0.35109375 0.7091666671875 0.44765625 0.7091666671875
0 0.4147395828125 0.4674074078125 0.4147395828125 0.6174999999999999 0.4732291671875 0.6174999999999999 0.4732291671875 0.4674074078125 0.4147395828125 0.4674074078125
0 0.46671874999999996 0.4604629625 0.46671874999999996 0.56555555625 0.5095833328125 0.56555555625 0.5095833328125 0.4604629625 0.46671874999999996 0.4604629625
1 0.7817708328124999 0.6463888890625 0.7817708328124999 0.588703703125 0.6869270828125 0.588703703125 0.6869270828125 0.6463888890625 0.7817708328124999 0.6463888890625
1 0.7434375 0.3853703703125 0.7434375 0.32768518593749996 0.6823958328125 0.32768518593749996 0.6823958328125 0.3853703703125 0.7434375 0.3853703703125
1 0.8421875 0.34731481406250003 0.8421875 0.30805555625 0.7531770828125001 0.30805555625 0.7531770828125001 0.34731481406250003 0.8421875 0.34731481406250003
1 0.9181770828125 0.3415740734375 0.9181770828125 0.29648148124999996 0.82984375 0.29648148124999996 0.82984375 0.3415740734375 0.9181770828125 0.3415740734375
1 0.9929166671875 0.3426851859375 0.9929166671875 0.30222222187500003 0.9104166671874999 0.30222222187500003 0.9104166671874999 0.3426851859375 0.9929166671875 0.3426851859375
1 0.993125 0.7883333328125001 0.993125 0.6768518515624999 0.7639583328125 0.6768518515624999 0.7639583328125 0.7883333328125001 0.993125 0.7883333328125001
1 0.8815625 0.0991666671875 0.8815625 0.2390740734375 0.9938020828124999 0.2390740734375 0.9938020828124999 0.0991666671875 0.8815625 0.0991666671875
1 0.756875 0.0783333328125 0.756875 0.01601851875 0.7054166671875 0.01601851875 0.7054166671875 0.0783333328125 0.756875 0.0783333328125
1 0.7093229171875 0.08527777812500001 0.7093229171875 0.0118518515625 0.6516145828125001 0.0118518515625 0.6516145828125001 0.08527777812500001 0.7093229171875 0.08527777812500001
1 0.33265625 0.15305555625 0.33265625 0.058333332812500006 0.24171874999999998 0.058333332812500006 0.24171874999999998 0.15305555625 0.33265625 0.15305555625
1 0.1852083328125 0.054907407812499996 0.1852083328125 0.15305555625 0.2625 0.15305555625 0.2625 0.054907407812499996 0.1852083328125 0.054907407812499996
1 0.0039583328125 0.180740740625 0.0039583328125 0.3343518515625 0.13453125 0.3343518515625 0.13453125 0.180740740625 0.0039583328125 0.180740740625
1 0.10203124999999999 0.42555555624999997 0.10203124999999999 0.371296296875 0.0286458328125 0.371296296875 0.0286458328125 0.42555555624999997 0.10203124999999999 0.42555555624999997
1 0.18390625 0.41518518593750003 0.18390625 0.3701851859375 0.0988020828125 0.3701851859375 0.0988020828125 0.41518518593750003 0.18390625 0.41518518593750003
1 0.28328125000000004 0.41518518593750003 0.28328125000000004 0.36555555625 0.1786979171875 0.36555555625 0.1786979171875 0.41518518593750003 0.28328125000000004 0.41518518593750003
1 0.40052083281249995 0.2791666671875 0.40052083281249995 0.230740740625 0.35375 0.230740740625 0.35375 0.2791666671875 0.40052083281249995 0.2791666671875
1 0.068125 0.8721296296875 0.068125 0.7806481484375001 0.00421875 0.7806481484375001 0.00421875 0.8721296296875 0.068125 0.8721296296875