1 0.99640625 0.5959375 0.99640625 0.5360416671875 0.9215625 0.5360416671875 0.9215625 0.5959375 0.99640625 0.5959375
1 0.8067968750000001 0.509375 0.8067968750000001 0.5959375 0.9215625 0.5959375 0.9215625 0.509375 0.8067968750000001 0.509375
1 0.801796875 0.5592708328125 0.801796875 0.5044791671875 0.741953125 0.5044791671875 0.741953125 0.5592708328125 0.801796875 0.5592708328125
1 0.668359375 0.49781250000000005 0.668359375 0.5609375 0.735703125 0.5609375 0.735703125 0.49781250000000005 0.668359375 0.49781250000000005
1 0.668359375 0.534375 0.668359375 0.4828125 0.602265625 0.4828125 0.602265625 0.534375 0.668359375 0.534375
1 0.56859375 0.4828125 0.56859375 0.5327083328125 0.6060156250000001 0.5327083328125 0.6060156250000001 0.4828125 0.56859375 0.4828125
1 0.692109375 0.2316666671875 0.692109375 0.1867708328125 0.592265625 0.1867708328125 0.592265625 0.2316666671875 0.692109375 0.2316666671875
1 0.9165625000000001 0.1867708328125 0.9165625000000001 0.1352083328125 0.791875 0.1352083328125 0.791875 0.1867708328125 0.9165625000000001 0.1867708328125
1 0.9103125000000001 0.10364583281249999 0.9103125000000001 0.1702083328125 0.98515625 0.1702083328125 0.98515625 0.10364583281249999 0.9103125000000001 0.10364583281249999
1 0.5175 0.2815625 0.5175 0.2316666671875 0.43265624999999996 0.2316666671875 0.43265624999999996 0.2815625 0.5175 0.2815625
1 0.60828125 0.9091666671875 0.60828125 0.715625 0.255078125 0.715625 0.255078125 0.9091666671875 0.60828125 0.9091666671875
1 0.45859375 0.8114583328125 0.45859375 0.64375 0.190703125 0.64375 0.190703125 0.8114583328125 0.45859375 0.8114583328125
1 0.30890625 0.7376041671875 0.30890625 0.6278125 0.1353125 0.6278125 0.1353125 0.7376041671875 0.30890625 0.7376041671875
1 0.100859375 0.5959375 0.100859375 0.6777083328125 0.17570312500000002 0.6777083328125 0.17570312500000002 0.5959375 0.100859375 0.5959375
1 0.07664062499999999 0.5863541671875 0.07664062499999999 0.6336458328125001 0.10609375000000001 0.6336458328125001 0.10609375000000001 0.5863541671875 0.07664062499999999 0.5863541671875
1 0.057578125 0.564375 0.057578125 0.6186458328125 0.078359375 0.6186458328125 0.078359375 0.564375 0.057578125 0.564375
1 0.061015625 0.5967708328125 0.061015625 0.5389583328125 0.03421875 0.5389583328125 0.03421875 0.5967708328125 0.061015625 0.5967708328125
1 0.8572656249999999 0.9972916671875 0.8572656249999999 0.7122916671875 0.36335937500000004 0.7122916671875 0.36335937500000004 0.9972916671875 0.8572656249999999 0.9972916671875
1 0.377734375 0.1328125 0.377734375 0.0297916671875 0.077734375 0.0297916671875 0.077734375 0.1328125 0.377734375 0.1328125
1 0.574296875 0.1328125 0.574296875 0.0463541671875 0.4184375 0.0463541671875 0.4184375 0.1328125 0.574296875 0.1328125
1 0.44460937500000003 0.0895833328125 0.44460937500000003 0.003125 0.1240625 0.003125 0.1240625 0.0895833328125 0.44460937500000003 0.0895833328125
1 0.26749999999999996 0.2242708328125 0.26749999999999996 0.1394791671875 0.019296874999999998 0.1394791671875 0.019296874999999998 0.2242708328125 0.26749999999999996 0.2242708328125
1 0.18140625 0.2242708328125 0.18140625 0.169375 0.006796874999999999 0.169375 0.006796874999999999 0.2242708328125 0.18140625 0.2242708328125