1 0.33406250000000004 0.1735416671875 0.33406250000000004 0.043125000000000004 0.0759375 0.043125000000000004 0.0759375 0.1735416671875 0.33406250000000004 0.1735416671875
1 0.334921875 0.17822916718749998 0.334921875 0.1042708328125 0.05515625 0.1042708328125 0.05515625 0.17822916718749998 0.334921875 0.17822916718749998
1 0.129609375 0.2336458328125 0.129609375 0.1851041671875 0.016171875 0.1851041671875 0.016171875 0.2336458328125 0.129609375 0.2336458328125
1 0.11578124999999999 0.2497916671875 0.11578124999999999 0.2036458328125 0.00140625 0.2036458328125 0.00140625 0.2497916671875 0.11578124999999999 0.2497916671875
1 0.33921875 0.37447916718749996 0.33921875 0.3075 0.09328125000000001 0.3075 0.09328125000000001 0.37447916718749996 0.33921875 0.37447916718749996
1 0.09929687499999999 0.3710416671875 0.09929687499999999 0.31677083281249996 0.0715625 0.31677083281249996 0.0715625 0.3710416671875 0.09929687499999999 0.3710416671875
1 0.07765625000000001 0.3710416671875 0.07765625000000001 0.3317708328125 0.051640624999999996 0.3317708328125 0.051640624999999996 0.3710416671875 0.07765625000000001 0.3710416671875
1 0.056015625 0.3664583328125 0.056015625 0.3329166671875 0.039531250000000004 0.3329166671875 0.039531250000000004 0.3664583328125 0.056015625 0.3664583328125
1 0.036953124999999996 0.3780208328125 0.036953124999999996 0.33406250000000004 0.02484375 0.33406250000000004 0.02484375 0.3780208328125 0.036953124999999996 0.3780208328125
1 0.0221875 0.38375 0.0221875 0.3398958328125 0.0109375 0.3398958328125 0.0109375 0.38375 0.0221875 0.38375
1 0.158203125 0.6747916671875 0.158203125 0.6101041671874999 0.094140625 0.6101041671874999 0.094140625 0.6747916671875 0.158203125 0.6747916671875
1 0.070703125 0.5651041671875 0.070703125 0.64125 0.10796874999999999 0.64125 0.10796874999999999 0.5651041671875 0.070703125 0.5651041671875
1 0.07765625000000001 0.6123958328125 0.07765625000000001 0.5592708328125 0.049062499999999995 0.5592708328125 0.049062499999999995 0.6123958328125 0.07765625000000001 0.6123958328125
1 0.038671875 0.5535416671875 0.038671875 0.5996875 0.057734375000000004 0.5996875 0.057734375000000004 0.5535416671875 0.038671875 0.5535416671875
1 0.043046875 0.5789583328125001 0.043046875 0.5315624999999999 0.02484375 0.5315624999999999 0.02484375 0.5789583328125001 0.043046875 0.5789583328125001
1 0.019609375000000002 0.5246875 0.019609375000000002 0.5639583328125 0.030859375 0.5639583328125 0.030859375 0.5246875 0.019609375000000002 0.5246875