1 0.6153906250000001 0.16458333281249998 0.6153906250000001 0.1286458328125 0.505234375 0.1286458328125 0.505234375 0.16458333281249998 0.6153906250000001 0.16458333281249998
1 0.617421875 0.20208333281250002 0.617421875 0.15770833281250002 0.503125 0.15770833281250002 0.503125 0.20208333281250002 0.617421875 0.20208333281250002
1 0.6849999999999999 0.20760416718750002 0.6849999999999999 0.1660416671875 0.605 0.1660416671875 0.605 0.20760416718750002 0.6849999999999999 0.20760416718750002
1 0.9084375 0.2297916671875 0.9084375 0.20208333281250002 0.8263281250000001 0.20208333281250002 0.8263281250000001 0.2297916671875 0.9084375 0.2297916671875
1 0.9874218750000001 0.9517708328125 0.9874218750000001 0.7424999999999999 0.451171875 0.7424999999999999 0.451171875 0.9517708328125 0.9874218750000001 0.9517708328125
1 0.47921874999999997 0.8048958328125 0.47921874999999997 0.6538541671875 0.28585937499999997 0.6538541671875 0.28585937499999997 0.8048958328125 0.47921874999999997 0.8048958328125
1 0.2765625 0.6178125 0.2765625 0.55125 0.0853125 0.55125 0.0853125 0.6178125 0.2765625 0.6178125
1 0.40335937499999996 0.5817708328125 0.40335937499999996 0.5443749999999999 0.305625 0.5443749999999999 0.305625 0.5817708328125 0.40335937499999996 0.5817708328125
1 0.489609375 0.5734375 0.489609375 0.5346875 0.405390625 0.5346875 0.405390625 0.5734375 0.489609375 0.5734375
1 0.612265625 0.2948958328125 0.612265625 0.2616666671875 0.5571875000000001 0.2616666671875 0.5571875000000001 0.2948958328125 0.612265625 0.2948958328125
1 0.505234375 0.2575 0.505234375 0.2935416671875 0.5603125 0.2935416671875 0.5603125 0.2575 0.505234375 0.2575
1 0.660078125 0.29072916718749997 0.660078125 0.2630208328125 0.61328125 0.2630208328125 0.61328125 0.29072916718749997 0.660078125 0.29072916718749997
1 0.27234375 0.2658333328125 0.27234375 0.22697916718750002 0.140390625 0.22697916718750002 0.140390625 0.2658333328125 0.27234375 0.2658333328125
1 0.48148437499999996 0.008749999999999999 0.48148437499999996 0.0986458328125 0.82203125 0.0986458328125 0.82203125 0.008749999999999999 0.48148437499999996 0.008749999999999999