1 0.9153125 0.4325 0.9153125 0.41325 0.8744531249999999 0.41325 0.8744531249999999 0.4325 0.9153125 0.4325
1 0.9526562500000001 0.437375 0.9526562500000001 0.41425 0.91171875 0.41425 0.91171875 0.437375 0.9526562500000001 0.437375
1 0.949609375 0.41712499999999997 0.949609375 0.43537499999999996 0.9887499999999999 0.43537499999999996 0.9887499999999999 0.41712499999999997 0.949609375 0.41712499999999997
1 0.81609375 0.35075 0.81609375 0.319 0.770390625 0.319 0.770390625 0.35075 0.81609375 0.35075
1 0.8142968749999999 0.37675000000000003 0.8142968749999999 0.34500000000000003 0.765 0.34500000000000003 0.765 0.37675000000000003 0.8142968749999999 0.37675000000000003
1 0.81546875 0.397875 0.81546875 0.36225 0.761328125 0.36225 0.761328125 0.397875 0.81546875 0.397875
1 0.8130468750000001 0.421875 0.8130468750000001 0.38537499999999997 0.7661718750000001 0.38537499999999997 0.7661718750000001 0.421875 0.8130468750000001 0.421875
1 0.81546875 0.44312500000000005 0.81546875 0.410375 0.765 0.410375 0.765 0.44312500000000005 0.81546875 0.44312500000000005
1 0.8125 0.46425 0.8125 0.4335 0.765 0.4335 0.765 0.46425 0.8125 0.46425
1 0.81125 0.48637499999999995 0.81125 0.45462499999999995 0.7715625 0.45462499999999995 0.7715625 0.48637499999999995 0.81125 0.48637499999999995
1 0.813671875 0.524 0.813671875 0.488375 0.769765625 0.488375 0.769765625 0.524 0.813671875 0.524
1 0.7796093749999999 0.550125 0.7796093749999999 0.51825 0.7631249999999999 0.51825 0.7631249999999999 0.550125 0.7796093749999999 0.550125
1 0.766640625 0.5695 0.766640625 0.534875 0.738046875 0.534875 0.738046875 0.5695 0.766640625 0.5695
1 0.735390625 0.496125 0.735390625 0.53625 0.77265625 0.53625 0.77265625 0.496125 0.735390625 0.496125
1 0.768359375 0.507125 0.768359375 0.47525000000000006 0.7423437500000001 0.47525000000000006 0.7423437500000001 0.507125 0.768359375 0.507125
1 0.73890625 0.43375 0.73890625 0.4725 0.7770312500000001 0.4725 0.7770312500000001 0.43375 0.73890625 0.43375
1 0.7709374999999999 0.44625000000000004 0.7709374999999999 0.40462499999999996 0.7423437500000001 0.40462499999999996 0.7423437500000001 0.44625000000000004 0.7709374999999999 0.44625000000000004
1 0.744921875 0.371375 0.744921875 0.4185 0.773515625 0.4185 0.773515625 0.371375 0.744921875 0.371375
1 0.73109375 0.113625 0.73109375 0.174625 0.758828125 0.174625 0.758828125 0.113625 0.73109375 0.113625
1 0.7614062500000001 0.21200000000000002 0.7614062500000001 0.15375 0.72765625 0.15375 0.72765625 0.21200000000000002 0.7614062500000001 0.21200000000000002
1 0.733671875 0.187 0.733671875 0.234125 0.7596875 0.234125 0.7596875 0.187 0.733671875 0.187
1 0.752734375 0.286875 0.752734375 0.228625 0.733671875 0.228625 0.733671875 0.286875 0.752734375 0.286875
1 0.7561718749999999 0.3145 0.7561718749999999 0.26749999999999996 0.728515625 0.26749999999999996 0.728515625 0.3145 0.7561718749999999 0.3145
1 0.7561718749999999 0.346375 0.7561718749999999 0.3035 0.729375 0.3035 0.729375 0.346375 0.7561718749999999 0.346375
1 0.752734375 0.3935 0.752734375 0.34362499999999996 0.726796875 0.34362499999999996 0.726796875 0.3935 0.752734375 0.3935
1 0.751875 0.42262500000000003 0.751875 0.3755 0.731953125 0.3755 0.731953125 0.42262500000000003 0.751875 0.42262500000000003
1 0.751875 0.45862499999999995 0.751875 0.42262500000000003 0.725859375 0.42262500000000003 0.725859375 0.45862499999999995 0.751875 0.45862499999999995
1 0.749296875 0.492 0.749296875 0.453125 0.726796875 0.453125 0.726796875 0.492 0.749296875 0.492
1 0.7553124999999999 0.52525 0.7553124999999999 0.480875 0.718125 0.480875 0.718125 0.52525 0.7553124999999999 0.52525
1 0.752734375 0.555625 0.752734375 0.508625 0.717265625 0.508625 0.717265625 0.555625 0.752734375 0.555625
1 0.744921875 0.59175 0.744921875 0.5515 0.725 0.5515 0.725 0.59175 0.744921875 0.59175
1 0.724140625 0.62775 0.724140625 0.572375 0.673046875 0.572375 0.673046875 0.62775 0.724140625 0.62775
1 0.6756249999999999 0.537625 0.6756249999999999 0.60275 0.731953125 0.60275 0.731953125 0.537625 0.6756249999999999 0.537625
1 0.728515625 0.555625 0.728515625 0.496125 0.6799999999999999 0.496125 0.6799999999999999 0.555625 0.728515625 0.555625
1 0.6834374999999999 0.4615 0.6834374999999999 0.522375 0.731953125 0.522375 0.731953125 0.4615 0.6834374999999999 0.4615
1 0.735390625 0.47525000000000006 0.735390625 0.42400000000000004 0.684296875 0.42400000000000004 0.684296875 0.47525000000000006 0.735390625 0.47525000000000006
1 0.68515625 0.3825 0.68515625 0.43925000000000003 0.735390625 0.43925000000000003 0.735390625 0.3825 0.68515625 0.3825
1 0.7371875 0.3935 0.7371875 0.34362499999999996 0.6878124999999999 0.34362499999999996 0.6878124999999999 0.3935 0.7371875 0.3935
1 0.7371875 0.34362499999999996 0.7371875 0.29100000000000004 0.6869531249999999 0.29100000000000004 0.6869531249999999 0.34362499999999996 0.7371875 0.34362499999999996
1 0.688671875 0.2425 0.688671875 0.313125 0.7345312500000001 0.313125 0.7345312500000001 0.2425 0.688671875 0.2425
1 0.7457812500000001 0.2605 0.7457812500000001 0.2065 0.690390625 0.2065 0.690390625 0.2605 0.7457812500000001 0.2605
1 0.69734375 0.16212500000000002 0.69734375 0.21749999999999997 0.739765625 0.21749999999999997 0.739765625 0.16212500000000002 0.69734375 0.16212500000000002
1 0.7345312500000001 0.18425 0.7345312500000001 0.11775 0.690390625 0.11775 0.690390625 0.18425 0.7345312500000001 0.18425
1 0.69734375 0.06787499999999999 0.69734375 0.13999999999999999 0.7371875 0.13999999999999999 0.7371875 0.06787499999999999 0.69734375 0.06787499999999999
1 0.6267968749999999 0.003875 0.6267968749999999 0.10225 0.70046875 0.10225 0.70046875 0.003875 0.6267968749999999 0.003875
1 0.6978125000000001 0.0025 0.6978125000000001 0.051000000000000004 0.744609375 0.051000000000000004 0.744609375 0.0025 0.6978125000000001 0.0025
1 0.703046875 0.161875 0.703046875 0.060625 0.618125 0.060625 0.618125 0.161875 0.703046875 0.161875
1 0.628515625 0.123 0.628515625 0.200625 0.69265625 0.200625 0.69265625 0.123 0.628515625 0.123
1 0.694375 0.2575 0.694375 0.167375 0.618125 0.167375 0.618125 0.2575 0.694375 0.2575
1 0.6978125000000001 0.2935 0.6978125000000001 0.21587499999999998 0.6233593749999999 0.21587499999999998 0.6233593749999999 0.2935 0.6978125000000001 0.2935
1 0.683984375 0.343375 0.683984375 0.27825 0.619921875 0.27825 0.619921875 0.343375 0.683984375 0.343375
1 0.695234375 0.403 0.695234375 0.32125 0.625078125 0.32125 0.625078125 0.403 0.695234375 0.403
1 0.68828125 0.45425000000000004 0.68828125 0.37525 0.62765625 0.37525 0.62765625 0.45425000000000004 0.68828125 0.45425000000000004
1 0.6935156250000001 0.501375 0.6935156250000001 0.434875 0.6216406250000001 0.434875 0.6216406250000001 0.501375 0.6935156250000001 0.501375
1 0.680546875 0.5623750000000001 0.680546875 0.48612500000000003 0.6224999999999999 0.48612500000000003 0.6224999999999999 0.5623750000000001 0.680546875 0.5623750000000001
1 0.68140625 0.610875 0.68140625 0.5277499999999999 0.6146874999999999 0.5277499999999999 0.6146874999999999 0.610875 0.68140625 0.610875
1 0.687421875 0.6523749999999999 0.687421875 0.574875 0.6129687500000001 0.574875 0.6129687500000001 0.6523749999999999 0.687421875 0.6523749999999999
1 0.6857031250000001 0.698125 0.6857031250000001 0.61775 0.62421875 0.61775 0.62421875 0.698125 0.6857031250000001 0.698125
1 0.632890625 0.779875 0.632890625 0.662125 0.532421875 0.662125 0.532421875 0.779875 0.632890625 0.779875
1 0.54109375 0.6052500000000001 0.54109375 0.741125 0.62765625 0.741125 0.62765625 0.6052500000000001 0.54109375 0.6052500000000001
1 0.63203125 0.6523749999999999 0.63203125 0.559625 0.548828125 0.559625 0.548828125 0.6523749999999999 0.63203125 0.6523749999999999
1 0.54453125 0.506875 0.54453125 0.598375 0.632890625 0.598375 0.632890625 0.506875 0.54453125 0.506875
1 0.6346093749999999 0.531875 0.6346093749999999 0.44312500000000005 0.547109375 0.44312500000000005 0.547109375 0.531875 0.6346093749999999 0.531875
1 0.549765625 0.38225 0.549765625 0.468125 0.63375 0.468125 0.63375 0.38225 0.549765625 0.38225
1 0.54625 0.32125 0.54625 0.40025000000000005 0.6346093749999999 0.40025000000000005 0.6346093749999999 0.32125 0.54625 0.32125
1 0.6267968749999999 0.33925 0.6267968749999999 0.256125 0.554921875 0.256125 0.554921875 0.33925 0.6267968749999999 0.33925
1 0.5540625 0.1715 0.5540625 0.281 0.6259375 0.281 0.6259375 0.1715 0.5540625 0.1715
1 0.6233593749999999 0.22425 0.6233593749999999 0.12025 0.561015625 0.12025 0.561015625 0.22425 0.6233593749999999 0.22425
1 0.56015625 0.052375000000000005 0.56015625 0.1605 0.619921875 0.1605 0.619921875 0.052375000000000005 0.56015625 0.052375000000000005
1 0.617265625 0.091125 0.617265625 0.006625000000000001 0.5696875 0.006625000000000001 0.5696875 0.091125 0.617265625 0.091125
1 0.39640624999999996 0.003875 0.39640624999999996 0.10225 0.561875 0.10225 0.561875 0.003875 0.39640624999999996 0.003875
1 0.572265625 0.174375 0.572265625 0.016375 0.39296875 0.016375 0.39296875 0.174375 0.572265625 0.174375
1 0.40679687500000006 0.106375 0.40679687500000006 0.2325 0.561875 0.2325 0.561875 0.106375 0.40679687500000006 0.106375
1 0.56703125 0.33925 0.56703125 0.177125 0.390390625 0.177125 0.390390625 0.33925 0.56703125 0.33925
1 0.561015625 0.394625 0.561015625 0.301875 0.38953125 0.301875 0.38953125 0.394625 0.561015625 0.394625
1 0.55578125 0.49024999999999996 0.55578125 0.39049999999999996 0.39468749999999997 0.39049999999999996 0.39468749999999997 0.49024999999999996 0.55578125 0.49024999999999996
1 0.554921875 0.595625 0.554921875 0.45837500000000003 0.398125 0.45837500000000003 0.398125 0.595625 0.554921875 0.595625
1 0.551484375 0.6635 0.551484375 0.531875 0.397265625 0.531875 0.397265625 0.6635 0.551484375 0.6635
1 0.561015625 0.748 0.561015625 0.60675 0.40078125 0.60675 0.40078125 0.748 0.561015625 0.748
1 0.5378125 0.8532500000000001 0.5378125 0.668875 0.3975 0.668875 0.3975 0.8532500000000001 0.5378125 0.8532500000000001
1 0.54296875 0.9585000000000001 0.54296875 0.741 0.393125 0.741 0.393125 0.9585000000000001 0.54296875 0.9585000000000001
1 0.37710937499999997 0.9977499999999999 0.37710937499999997 0.904875 0.281796875 0.904875 0.281796875 0.9977499999999999 0.37710937499999997 0.9977499999999999
1 0.3796875 0.992125 0.3796875 0.8092499999999999 0.11374999999999999 0.8092499999999999 0.11374999999999999 0.992125 0.3796875 0.992125
1 0.37882812499999996 0.9963749999999999 0.37882812499999996 0.708125 0.002890625 0.708125 0.002890625 0.9963749999999999 0.37882812499999996 0.9963749999999999
1 0.008984375 0.598625 0.008984375 0.90625 0.383984375 0.90625 0.383984375 0.598625 0.008984375 0.598625
1 0.38484375000000004 0.731625 0.38484375000000004 0.503 0.010703124999999999 0.503 0.010703124999999999 0.731625 0.38484375000000004 0.731625
1 0.007265625 0.386625 0.007265625 0.598625 0.39437500000000003 0.598625 0.39437500000000003 0.386625 0.007265625 0.386625
1 0.38875000000000004 0.46025 0.38875000000000004 0.24737499999999998 0.009375 0.24737499999999998 0.009375 0.46025 0.38875000000000004 0.46025
1 0.013515625 0.0795 0.013515625 0.29725 0.404296875 0.29725 0.404296875 0.0795 0.013515625 0.0795
1 0.021796875 0.00625 0.021796875 0.190875 0.392890625 0.190875 0.392890625 0.00625 0.021796875 0.00625
1 0.17984375 0.004625 0.17984375 0.076125 0.4178125 0.076125 0.4178125 0.004625 0.17984375 0.004625