1 0.739296875 0.6995833328125001 0.739296875 0.554027778125 0.601328125 0.554027778125 0.601328125 0.6995833328125001 0.739296875 0.6995833328125001
1 0.879609375 0.7563888890625 0.879609375 0.5790277781250001 0.71046875 0.5790277781250001 0.71046875 0.7563888890625 0.879609375 0.7563888890625
1 0.9959374999999999 0.8054166671875 0.9959374999999999 0.6375 0.872421875 0.6375 0.872421875 0.8054166671875 0.9959374999999999 0.8054166671875
1 0.613359375 0.6125 0.613359375 0.522777778125 0.527265625 0.522777778125 0.527265625 0.6125 0.613359375 0.6125
1 0.48796875 0.50944444375 0.48796875 0.57930555625 0.528203125 0.57930555625 0.528203125 0.50944444375 0.48796875 0.50944444375
1 0.494765625 0.5520833328125 0.494765625 0.5013888890625 0.45320312500000004 0.5013888890625 0.45320312500000004 0.5520833328125 0.494765625 0.5520833328125
1 0.432421875 0.4920833328125 0.432421875 0.52444444375 0.462265625 0.52444444375 0.462265625 0.4920833328125 0.432421875 0.4920833328125
1 0.46164062499999997 0.5186111109375 0.46164062499999997 0.46902777812499996 0.41421875 0.46902777812499996 0.41421875 0.5186111109375 0.46164062499999997 0.5186111109375
1 0.394765625 0.47361111093749997 0.394765625 0.5175 0.415546875 0.5175 0.415546875 0.47361111093749997 0.394765625 0.47361111093749997
1 0.49632812499999995 0.2273611109375 0.49632812499999995 0.18819444375 0.38656250000000003 0.18819444375 0.38656250000000003 0.2273611109375 0.49632812499999995 0.2273611109375
1 0.38390625 0.1558333328125 0.38390625 0.2054166671875 0.504765625 0.2054166671875 0.504765625 0.1558333328125 0.38390625 0.1558333328125
1 0.40734375 0.11888888906249999 0.40734375 0.17541666718749999 0.5365624999999999 0.17541666718749999 0.5365624999999999 0.11888888906249999 0.40734375 0.11888888906249999
1 0.5639062499999999 0.15125 0.5639062499999999 0.054166667187499996 0.430078125 0.054166667187499996 0.430078125 0.15125 0.5639062499999999 0.15125
1 0.623125 0.094027778125 0.623125 0.0008333328124999999 0.4575 0.0008333328124999999 0.4575 0.094027778125 0.623125 0.094027778125
1 0.1328125 0.27388888906250003 0.1328125 0.2325 0.07648437500000001 0.2325 0.07648437500000001 0.27388888906250003 0.1328125 0.27388888906250003
1 0.07265625 0.3066666671875 0.07265625 0.25666666718750003 0.019609375000000002 0.25666666718750003 0.019609375000000002 0.3066666671875 0.07265625 0.3066666671875
1 0.116015625 0.3595833328125 0.116015625 0.325 0.075390625 0.325 0.075390625 0.3595833328125 0.116015625 0.3595833328125
1 0.204765625 0.18444444375 0.204765625 0.13819444375 0.15765625 0.13819444375 0.15765625 0.18444444375 0.204765625 0.18444444375
1 0.15640625 0.571527778125 0.15640625 0.5113888890625 0.082421875 0.5113888890625 0.082421875 0.571527778125 0.15640625 0.571527778125
1 0.078359375 0.6901388890625 0.078359375 0.57944444375 0.017890625 0.57944444375 0.017890625 0.6901388890625 0.078359375 0.6901388890625
1 0.026484374999999998 0.7126388890625 0.026484374999999998 0.6076388890625 0.0016406250000000002 0.6076388890625 0.0016406250000000002 0.7126388890625 0.026484374999999998 0.7126388890625
1 0.1253125 0.0523611109375 0.1253125 0.013888889062500001 0.079296875 0.013888889062500001 0.079296875 0.0523611109375 0.1253125 0.0523611109375
1 0.38703125 0.07069444375 0.38703125 0.037777778125 0.3578125 0.037777778125 0.3578125 0.07069444375 0.38703125 0.07069444375
1 0.36953125 0.0011111109375000002 0.36953125 0.025138889062500003 0.393359375 0.025138889062500003 0.393359375 0.0011111109375000002 0.36953125 0.0011111109375000002
1 0.41804687500000004 0.289722221875 0.41804687500000004 0.25805555625 0.354140625 0.25805555625 0.354140625 0.289722221875 0.41804687500000004 0.289722221875
1 0.411796875 0.30763888906250003 0.411796875 0.2786111109375 0.346328125 0.2786111109375 0.346328125 0.30763888906250003 0.411796875 0.30763888906250003
1 0.400234375 0.48527777812500006 0.400234375 0.45861111093750007 0.36921875000000004 0.45861111093750007 0.36921875000000004 0.48527777812500006 0.400234375 0.48527777812500006
1 0.25578124999999996 0.23194444375 0.25578124999999996 0.2208333328125 0.23734375000000002 0.2208333328125 0.23734375000000002 0.23194444375 0.25578124999999996 0.23194444375