1 0.2384375 0.1654166671875 0.2384375 0.012222221875 0.10640625 0.012222221875 0.10640625 0.1654166671875 0.2384375 0.1654166671875
1 0.00671875 0.04335069375 0.008 0.04981944375 0.00671875 0.050532406249999995 0.0083203125 0.0568229171875 0.00671875 0.05771412031249999 0.008640625 0.0638263890625 0.00671875 0.0648958328125 0.0089609375 0.0708298609375 0.00671875 0.0720775453125 0.009281250000000001 0.0778333328125 0.00671875 0.079259259375 0.009601562499999999 0.08483680625 0.00671875 0.086440971875 0.009921875 0.091840278125 0.00671875 0.093622684375 0.0102421875 0.09884375 0.00671875 0.1008043984375 0.010562499999999999 0.105847221875 0.0108828125 0.11285069375000001 0.00671875 0.10798611093749999 0.00671875 0.1941666671875 0.0107139015625 0.1941666671875 0.01440625 0.1898888890625 0.0230546875 0.3789826390625 0.0013281249999999999 0.5820833328125 0.0013281249999999999 0.69944444375 0.03234375 0.69944444375 0.03234375 0.5820833328125 0.023375 0.3859861109375 0.022699353125 0.1941666671875 0.12257812500000001 0.1941666671875 0.12257812500000001 0.02180555625 0.00671875 0.02180555625 0.007359375 0.035812500000000004 0.00671875 0.036168981249999996 0.0076796875 0.042815971875 0.00671875 0.04335069375
1 0.361015625 0.13430555625 0.361015625 0.0026388890625 0.2303125 0.0026388890625 0.2303125 0.13430555625 0.361015625 0.13430555625
1 0.49164062499999994 0.1270833328125 0.49164062499999994 0.0026388890625 0.3125 0.0026388890625 0.3125 0.1270833328125 0.49164062499999994 0.1270833328125
1 0.604765625 0.1366666671875 0.604765625 0.0098611109375 0.43375 0.0098611109375 0.43375 0.1366666671875 0.604765625 0.1366666671875
1 0.741328125 0.135 0.741328125 0.0601388890625 0.5932031249999999 0.0601388890625 0.5932031249999999 0.135 0.741328125 0.135
1 0.796640625 0.1711111109375 0.796640625 0.080972221875 0.674296875 0.080972221875 0.674296875 0.1711111109375 0.796640625 0.1711111109375
1 0.90890625 0.2098611109375 0.90890625 0.16833333281250001 0.8052343750000001 0.16833333281250001 0.8052343750000001 0.2098611109375 0.90890625 0.2098611109375
1 0.961640625 0.42430555625000005 0.961640625 0.4029166671875 0.9507031250000001 0.4029166671875 0.9507031250000001 0.42430555625000005 0.961640625 0.42430555625000005
1 0.95484375 0.43041666718749994 0.95484375 0.4076388890625 0.936796875 0.4076388890625 0.936796875 0.43041666718749994 0.95484375 0.43041666718749994
1 0.9405468750000001 0.44180555625 0.9405468750000001 0.4076388890625 0.9146093750000001 0.4076388890625 0.9146093750000001 0.44180555625 0.9405468750000001 0.44180555625
1 0.8800000000000001 0.4611111109375 0.8800000000000001 0.4216666671875 0.8484375 0.4216666671875 0.8484375 0.4611111109375 0.8800000000000001 0.4611111109375
1 0.9258593749999999 0.4463888890625 0.9258593749999999 0.41569444375 0.898828125 0.41569444375 0.898828125 0.4463888890625 0.9258593749999999 0.4463888890625
1 0.9044531250000001 0.4511111109375 0.9044531250000001 0.419722221875 0.8755468750000001 0.419722221875 0.8755468750000001 0.4511111109375 0.9044531250000001 0.4511111109375
1 0.84921875 0.4791666671875 0.84921875 0.42902777812500004 0.796953125 0.42902777812500004 0.796953125 0.4791666671875 0.84921875 0.4791666671875
1 0.8150000000000001 0.48847222187500006 0.8150000000000001 0.44444444375 0.761640625 0.44444444375 0.761640625 0.48847222187500006 0.8150000000000001 0.48847222187500006
1 0.765703125 0.51805555625 0.765703125 0.4529166671875 0.699453125 0.4529166671875 0.699453125 0.51805555625 0.765703125 0.51805555625
1 0.699453125 0.54444444375 0.699453125 0.4626388890625 0.5778125000000001 0.4626388890625 0.5778125000000001 0.54444444375 0.699453125 0.54444444375
1 0.625390625 0.5611111109375 0.625390625 0.47930555625000004 0.51078125 0.47930555625000004 0.51078125 0.5611111109375 0.625390625 0.5611111109375
1 0.5142187500000001 0.6012500000000001 0.5142187500000001 0.5147222218749999 0.351171875 0.5147222218749999 0.351171875 0.6012500000000001 0.5142187500000001 0.6012500000000001
1 0.385 0.6336111109375 0.385 0.51819444375 0.2296875 0.51819444375 0.2296875 0.6336111109375 0.385 0.6336111109375
1 0.260234375 0.6601388890625 0.260234375 0.54694444375 0.11085937500000001 0.54694444375 0.11085937500000001 0.6601388890625 0.260234375 0.6601388890625