1 0.994921875 0.994027778125 0.994921875 0.6636111109375 0.718515625 0.6636111109375 0.718515625 0.994027778125 0.994921875 0.994027778125
1 0.880234375 0.8543055562499999 0.880234375 0.632777778125 0.56703125 0.632777778125 0.56703125 0.8543055562499999 0.880234375 0.8543055562499999
1 0.63890625 0.7086111109375001 0.63890625 0.5688888890625 0.48507812499999997 0.5688888890625 0.48507812499999997 0.7086111109375001 0.63890625 0.7086111109375001
1 0.6115625 0.6356944437500001 0.6115625 0.535972221875 0.45015625000000004 0.535972221875 0.45015625000000004 0.6356944437500001 0.6115625 0.6356944437500001
1 0.504765625 0.5913888890625 0.504765625 0.52069444375 0.41742187499999994 0.52069444375 0.41742187499999994 0.5913888890625 0.504765625 0.5913888890625
1 0.443203125 0.5618055562500001 0.443203125 0.5145833328125 0.398203125 0.5145833328125 0.398203125 0.5618055562500001 0.443203125 0.5618055562500001
1 0.43304687499999994 0.5454166671875 0.43304687499999994 0.505972221875 0.385078125 0.505972221875 0.385078125 0.5454166671875 0.43304687499999994 0.5454166671875
1 0.432109375 0.5276388890625 0.432109375 0.48805555624999997 0.373828125 0.48805555624999997 0.373828125 0.5276388890625 0.432109375 0.5276388890625
1 0.056406250000000005 0.0698611109375 0.056406250000000005 0.15819444375 0.09609375 0.15819444375 0.09609375 0.0698611109375 0.056406250000000005 0.0698611109375
1 0.0038281250000000004 0.009722221875000001 0.0038281250000000004 0.11236111093750001 0.054609375 0.11236111093750001 0.054609375 0.009722221875000001 0.0038281250000000004 0.009722221875000001
1 0.0921875 0.1726388890625 0.0921875 0.21875 0.14546874999999998 0.21875 0.14546874999999998 0.1726388890625 0.0921875 0.1726388890625
1 0.05515625 0.23611111093749998 0.05515625 0.29041666718750003 0.09929687499999999 0.29041666718750003 0.09929687499999999 0.23611111093749998 0.05515625 0.23611111093749998
1 0.13046875 0.10930555625 0.13046875 0.1526388890625 0.220859375 0.1526388890625 0.220859375 0.10930555625 0.13046875 0.10930555625
1 0.13374999999999998 0.0698611109375 0.13374999999999998 0.11708333281250001 0.212734375 0.11708333281250001 0.212734375 0.0698611109375 0.13374999999999998 0.0698611109375
1 0.140234375 0.04194444375 0.140234375 0.07944444375000001 0.20414062500000002 0.07944444375000001 0.20414062500000002 0.04194444375 0.140234375 0.04194444375
1 0.154296875 0.2488888890625 0.154296875 0.29694444375 0.197578125 0.29694444375 0.197578125 0.2488888890625 0.154296875 0.2488888890625
1 0.169453125 0.2854166671875 0.169453125 0.3133333328125 0.21328125 0.3133333328125 0.21328125 0.2854166671875 0.169453125 0.2854166671875
1 0.188984375 0.34805555625 0.188984375 0.375 0.2284375 0.375 0.2284375 0.34805555625 0.188984375 0.34805555625
1 0.32687499999999997 0.478472221875 0.32687499999999997 0.45069444374999995 0.27749999999999997 0.45069444374999995 0.27749999999999997 0.478472221875 0.32687499999999997 0.478472221875
1 0.54125 0.19375 0.54125 0.1158333328125 0.36710937499999996 0.1158333328125 0.36710937499999996 0.19375 0.54125 0.19375
1 0.522265625 0.14319444374999998 0.522265625 0.07819444375 0.38289062500000004 0.07819444375 0.38289062500000004 0.14319444374999998 0.522265625 0.14319444374999998
1 0.5809375 0.0845833328125 0.5809375 0.0019444437500000002 0.403671875 0.0019444437500000002 0.403671875 0.0845833328125 0.5809375 0.0845833328125
1 0.487109375 0.19444444375 0.487109375 0.16 0.364375 0.16 0.364375 0.19444444375 0.487109375 0.19444444375
1 0.244921875 0.49277777812499995 0.244921875 0.47805555625 0.231015625 0.47805555625 0.231015625 0.49277777812499995 0.244921875 0.49277777812499995
1 0.231015625 0.47263888906249996 0.231015625 0.485 0.24578125 0.485 0.24578125 0.47263888906249996 0.231015625 0.47263888906249996
1 0.2440625 0.47305555625 0.2440625 0.460972221875 0.2296875 0.460972221875 0.2296875 0.47305555625 0.2440625 0.47305555625
1 0.231015625 0.4529166671875 0.231015625 0.46486111093750004 0.24539062500000003 0.46486111093750004 0.24539062500000003 0.4529166671875 0.231015625 0.4529166671875
1 0.24320312500000002 0.4525 0.24320312500000002 0.44013888906250004 0.23015625 0.44013888906250004 0.23015625 0.4525 0.24320312500000002 0.4525