1 0.0089583328125 0.00148148125 0.0089583328125 0.1940740734375 0.21421874999999999 0.1940740734375 0.21421874999999999 0.00148148125 0.0089583328125 0.00148148125
1 0.0816666671875 0.5446296296875001 0.0816666671875 0.40379629687499996 0.0025 0.40379629687499996 0.0025 0.5446296296875001 0.0816666671875 0.5446296296875001
1 0.2109895828125 0.541759259375 0.2109895828125 0.426759259375 0.07682291718749999 0.426759259375 0.07682291718749999 0.541759259375 0.2109895828125 0.541759259375
1 0.2627083328125 0.5129629625 0.2627083328125 0.44120370312499996 0.1867708328125 0.44120370312499996 0.1867708328125 0.5129629625 0.2627083328125 0.5129629625
1 0.3208854171875 0.5331481484375 0.3208854171875 0.4526851859375 0.2497916671875 0.4526851859375 0.2497916671875 0.5331481484375 0.3208854171875 0.5331481484375
1 0.1039583328125 0.24194444375000002 0.1039583328125 0.3306481484375 0.33468749999999997 0.3306481484375 0.33468749999999997 0.24194444375000002 0.1039583328125 0.24194444375000002
1 0.33317708281249997 0.2821296296875 0.33317708281249997 0.33898148125 0.3697916671875 0.33898148125 0.3697916671875 0.2821296296875 0.33317708281249997 0.2821296296875
1 0.33703125 0.5343518515625 0.33703125 0.44574074062499996 0.29963541718750003 0.44574074062499996 0.29963541718750003 0.5343518515625 0.33703125 0.5343518515625
1 0.3768229171875 0.5247222218750001 0.3768229171875 0.45814814843749996 0.32927083281249997 0.45814814843749996 0.32927083281249997 0.5247222218750001 0.3768229171875 0.5247222218750001
1 0.37078125 0.7920370375 0.37078125 0.6805555562500001 0.3408333328125 0.6805555562500001 0.3408333328125 0.7920370375 0.37078125 0.7920370375
1 0.3445833328125 0.8036111109374999 0.3445833328125 0.7271296296875 0.3202604171875 0.7271296296875 0.3202604171875 0.8036111109374999 0.3445833328125 0.8036111109374999
1 0.3268229171875 0.8618518515625 0.3268229171875 0.743796296875 0.2734895828125 0.743796296875 0.2734895828125 0.8618518515625 0.3268229171875 0.8618518515625
1 0.2847395828125 0.945 0.2847395828125 0.8102777781249999 0.2173958328125 0.8102777781249999 0.2173958328125 0.945 0.2847395828125 0.945
1 0.22671875 0.9982407406249999 0.22671875 0.9100925921874999 0.1500520828125 0.9100925921874999 0.1500520828125 0.9982407406249999 0.22671875 0.9982407406249999
1 0.8805208328124999 0.9985185187500001 0.8805208328124999 0.8433333328125 0.7713541671875 0.8433333328125 0.7713541671875 0.9985185187500001 0.8805208328124999 0.9985185187500001
1 0.7277083328125 0.7754629625 0.7277083328125 0.8918518515624999 0.7931770828125 0.8918518515624999 0.7931770828125 0.7754629625 0.7277083328125 0.7754629625
1 0.6825 0.729722221875 0.6825 0.8059259265625001 0.7238020828125 0.8059259265625001 0.7238020828125 0.729722221875 0.6825 0.729722221875
1 0.7136458328125 0.76 0.7136458328125 0.6945370375000001 0.6552083328125 0.6945370375000001 0.6552083328125 0.76 0.7136458328125 0.76
1 0.6378645828125 0.663796296875 0.6378645828125 0.7234259265625 0.6579166671875 0.7234259265625 0.6579166671875 0.663796296875 0.6378645828125 0.663796296875
1 0.6481770828125 0.6984259265625 0.6481770828125 0.6454629625 0.6254166671875 0.6454629625 0.6254166671875 0.6984259265625 0.6481770828125 0.6984259265625
1 0.60703125 0.6329629625 0.60703125 0.6675925921875 0.628125 0.6675925921875 0.628125 0.6329629625 0.60703125 0.6329629625
1 0.6059375 0.6300925921875 0.6059375 0.599259259375 0.59078125 0.599259259375 0.59078125 0.6300925921875 0.6059375 0.6300925921875
1 0.9693229171875 0.3640740734375 0.9693229171875 0.3170370375 0.9334374999999999 0.3170370375 0.9334374999999999 0.3640740734375 0.9693229171875 0.3640740734375
1 0.8453645828124999 0.4056481484375 0.8453645828124999 0.3654629625 0.7915625000000001 0.3654629625 0.7915625000000001 0.4056481484375 0.8453645828124999 0.4056481484375
1 0.7931250000000001 0.42092592656249994 0.7931250000000001 0.38074074062499996 0.7736458328125 0.38074074062499996 0.7736458328125 0.42092592656249994 0.7931250000000001 0.42092592656249994
1 0.7736458328125 0.42092592656249994 0.7736458328125 0.3876851859375 0.7627604171875 0.3876851859375 0.7627604171875 0.42092592656249994 0.7736458328125 0.42092592656249994
1 0.7611979171875001 0.43203703750000005 0.7611979171875001 0.3918518515625 0.74015625 0.3918518515625 0.74015625 0.43203703750000005 0.7611979171875001 0.43203703750000005
1 0.9569791671875001 0.24962962968750002 0.9569791671875001 0.052777778124999994 0.6942708328125 0.052777778124999994 0.6942708328125 0.24962962968750002 0.9569791671875001 0.24962962968750002
1 0.8790104171875001 0.25509259218749997 0.8790104171875001 0.15398148125 0.6677604171875 0.15398148125 0.6677604171875 0.25509259218749997 0.8790104171875001 0.25509259218749997
1 0.8813541671875 0.2800925921875 0.8813541671875 0.20249999999999999 0.6560937499999999 0.20249999999999999 0.6560937499999999 0.2800925921875 0.8813541671875 0.2800925921875
1 0.78703125 0.320277778125 0.78703125 0.253796296875 0.6225520828125 0.253796296875 0.6225520828125 0.320277778125 0.78703125 0.320277778125
1 0.7504166671875 0.343796296875 0.7504166671875 0.2856481484375 0.6022916671874999 0.2856481484375 0.6022916671874999 0.343796296875 0.7504166671875 0.343796296875
1 0.6740104171875 0.3771296296875 0.6740104171875 0.34101851875 0.57890625 0.34101851875 0.57890625 0.3771296296875 0.6740104171875 0.3771296296875
1 0.6413020828125 0.399259259375 0.6413020828125 0.363240740625 0.5633333328125001 0.363240740625 0.5633333328125001 0.399259259375 0.6413020828125 0.399259259375
1 0.60421875 0.22472222187500002 0.60421875 0.1798148140625 0.56046875 0.1798148140625 0.56046875 0.22472222187500002 0.60421875 0.22472222187500002
1 0.59609375 0.2551851859375 0.59609375 0.2199074078125 0.54421875 0.2199074078125 0.54421875 0.2551851859375 0.59609375 0.2551851859375
0 0.5298437500000001 0.3436111109375 0.5298437500000001 0.5665740734375 0.5677604171875 0.5665740734375 0.5677604171875 0.3436111109375 0.5298437500000001 0.3436111109375
1 0.9989062499999999 0.3375925921875 0.9989062499999999 0.2950925921875 0.96640625 0.2950925921875 0.96640625 0.3375925921875 0.9989062499999999 0.3375925921875