1 0.855859375 0.026979167187500003 0.855859375 0.1446875 0.9296093750000001 0.1446875 0.9296093750000001 0.026979167187500003 0.855859375 0.026979167187500003
1 0.9129687499999999 0.2389583328125 0.9129687499999999 0.1004166671875 0.8631249999999999 0.1004166671875 0.8631249999999999 0.2389583328125 0.9129687499999999 0.2389583328125
1 0.9327343750000001 0.2541666671875 0.9327343750000001 0.17250000000000001 0.8672656249999999 0.17250000000000001 0.8672656249999999 0.2541666671875 0.9327343750000001 0.2541666671875
1 0.92546875 0.34427083281250004 0.92546875 0.2541666671875 0.869375 0.2541666671875 0.869375 0.34427083281250004 0.92546875 0.34427083281250004
1 0.926484375 0.3983333328125 0.926484375 0.31656249999999997 0.869375 0.31656249999999997 0.869375 0.3983333328125 0.926484375 0.3983333328125
1 0.9213281249999999 0.46624999999999994 0.9213281249999999 0.3775 0.876640625 0.3775 0.876640625 0.46624999999999994 0.9213281249999999 0.46624999999999994
1 0.918203125 0.53 0.918203125 0.4495833328125 0.86625 0.4495833328125 0.86625 0.53 0.918203125 0.53
1 0.9057031249999999 0.5867708328125001 0.9057031249999999 0.5147916671874999 0.8724999999999999 0.5147916671874999 0.8724999999999999 0.5867708328125001 0.9057031249999999 0.5867708328125001
1 0.90984375 0.7129166671875 0.90984375 0.5882291671875 0.8682812500000001 0.5882291671875 0.8682812500000001 0.7129166671875 0.90984375 0.7129166671875
1 0.915078125 0.7821875 0.915078125 0.6880208328124999 0.861015625 0.6880208328124999 0.861015625 0.7821875 0.915078125 0.7821875
1 0.9317187499999999 0.8404166671875 0.9317187499999999 0.753125 0.87765625 0.753125 0.87765625 0.8404166671875 0.9317187499999999 0.8404166671875
1 0.8836718749999999 0.9890625 0.8836718749999999 0.8194791671875 0.80140625 0.8194791671875 0.80140625 0.9890625 0.8836718749999999 0.9890625
1 0.8836718749999999 0.9411458328125001 0.8836718749999999 0.7495833328125 0.353828125 0.7495833328125 0.353828125 0.9411458328125001 0.8836718749999999 0.9411458328125001
1 0.876171875 0.765625 0.876171875 0.6279166671875 0.394296875 0.6279166671875 0.394296875 0.765625 0.876171875 0.765625
1 0.8821875 0.6658333328125 0.8821875 0.5340625 0.379296875 0.5340625 0.379296875 0.6658333328125 0.8821875 0.6658333328125
1 0.8702343750000001 0.869375 0.8702343750000001 0.7016666671875 0.382265625 0.7016666671875 0.382265625 0.869375 0.8702343750000001 0.869375
1 0.8836718749999999 0.5839583328125 0.8836718749999999 0.4542708328125 0.35539062499999996 0.4542708328125 0.35539062499999996 0.5839583328125 0.8836718749999999 0.5839583328125
1 0.88515625 0.5021875 0.88515625 0.3564583328125 0.382265625 0.3564583328125 0.382265625 0.5021875 0.88515625 0.5021875
1 0.90015625 0.414375 0.90015625 0.28260416718750003 0.382265625 0.28260416718750003 0.382265625 0.414375 0.90015625 0.414375
1 0.8702343750000001 0.3265625 0.8702343750000001 0.19885416718749999 0.39875 0.19885416718749999 0.39875 0.3265625 0.8702343750000001 0.3265625
1 0.365859375 0.1070833328125 0.365859375 0.2627083328125 0.898671875 0.2627083328125 0.898671875 0.1070833328125 0.365859375 0.1070833328125
1 0.8702343750000001 0.1829166671875 0.8702343750000001 0.01125 0.400234375 0.01125 0.400234375 0.1829166671875 0.8702343750000001 0.1829166671875
1 0.383828125 0.0053124999999999995 0.383828125 0.083125 0.8746875 0.083125 0.8746875 0.0053124999999999995 0.383828125 0.0053124999999999995
1 0.12789062499999998 0.6118750000000001 0.12789062499999998 0.5619791671875001 0.042578125 0.5619791671875001 0.042578125 0.6118750000000001 0.12789062499999998 0.6118750000000001
1 0.042578125 0.6398958328125001 0.042578125 0.5660416671874999 0.005156249999999999 0.5660416671874999 0.005156249999999999 0.6398958328125001 0.042578125 0.6398958328125001
1 0.201171875 0.6039583328125 0.201171875 0.5340625 0.11890624999999999 0.5340625 0.11890624999999999 0.6039583328125 0.201171875 0.6039583328125
1 0.208671875 0.2966666671875 0.208671875 0.2446875 0.15632812499999998 0.2446875 0.15632812499999998 0.2966666671875 0.208671875 0.2966666671875
1 0.06351562499999999 0.23479166718750002 0.06351562499999999 0.2886458328125 0.144296875 0.2886458328125 0.144296875 0.23479166718750002 0.06351562499999999 0.23479166718750002
1 0.9529687499999999 0.5195833328125 0.9529687499999999 0.44614583281250003 0.903046875 0.44614583281250003 0.903046875 0.5195833328125 0.9529687499999999 0.5195833328125
1 0.9071875 0.39625 0.9071875 0.4683333328125 0.96125 0.4683333328125 0.96125 0.39625 0.9071875 0.39625
1 0.9165625000000001 0.3421875 0.9165625000000001 0.39625 0.96125 0.39625 0.96125 0.3421875 0.9165625000000001 0.3421875
1 0.977890625 0.3519791671875 0.977890625 0.27989583281249997 0.9155468750000001 0.27989583281249997 0.9155468750000001 0.3519791671875 0.977890625 0.3519791671875
1 0.92796875 0.23552083281249997 0.92796875 0.30062500000000003 0.96125 0.30062500000000003 0.96125 0.23552083281249997 0.92796875 0.23552083281249997
1 0.94359375 0.5597916671875 0.94359375 0.4988541671875 0.8936718750000001 0.4988541671875 0.8936718750000001 0.5597916671875 0.94359375 0.5597916671875
1 0.9539843749999999 0.6069791671875 0.9539843749999999 0.5348958328125 0.89578125 0.5348958328125 0.89578125 0.6069791671875 0.9539843749999999 0.6069791671875
1 0.971640625 0.6637500000000001 0.971640625 0.5847916671875 0.8936718750000001 0.5847916671875 0.8936718750000001 0.6637500000000001 0.971640625 0.6637500000000001
1 0.95609375 0.7066666671874999 0.95609375 0.6360416671875 0.8989062499999999 0.6360416671875 0.8989062499999999 0.7066666671874999 0.95609375 0.7066666671874999
1 0.950859375 0.7580208328125 0.950859375 0.6817708328125 0.896796875 0.6817708328125 0.896796875 0.7580208328125 0.950859375 0.7580208328125