1 0.266171875 0.7383333328125 0.266171875 0.6288541671875 0.172578125 0.6288541671875 0.172578125 0.7383333328125 0.266171875 0.7383333328125
1 0.40960937499999994 0.8159375000000001 0.40960937499999994 0.6496875 0.24742187499999999 0.6496875 0.24742187499999999 0.8159375000000001 0.40960937499999994 0.8159375000000001
1 0.46359374999999997 0.889375 0.46359374999999997 0.7259375 0.312890625 0.7259375 0.312890625 0.889375 0.46359374999999997 0.889375
1 0.713828125 0.9981249999999999 0.713828125 0.8352083328125 0.47140624999999997 0.8352083328125 0.47140624999999997 0.9981249999999999 0.713828125 0.9981249999999999
1 0.555078125 0.1164583328125 0.555078125 0.0014583328125 0.17570312500000002 0.0014583328125 0.17570312500000002 0.1164583328125 0.555078125 0.1164583328125
1 0.261953125 0.0001041671875 0.261953125 0.0540625 0.5623437499999999 0.0540625 0.5623437499999999 0.0001041671875 0.261953125 0.0001041671875
1 0.18812500000000001 0.0458333328125 0.18812500000000001 0.0014583328125 0.085234375 0.0014583328125 0.085234375 0.0458333328125 0.18812500000000001 0.0458333328125
1 0.213125 0.2107291671875 0.213125 0.14416666718749999 0.046796875 0.14416666718749999 0.046796875 0.2107291671875 0.213125 0.2107291671875
1 0.211015625 0.2314583328125 0.211015625 0.18572916718750002 0.01875 0.18572916718750002 0.01875 0.2314583328125 0.211015625 0.2314583328125
1 0.18812500000000001 0.5973958328125 0.18812500000000001 0.5391666671875 0.060312500000000005 0.5391666671875 0.060312500000000005 0.5973958328125 0.18812500000000001 0.5973958328125
1 0.017734375 0.5266666671875 0.017734375 0.566875 0.0478125 0.566875 0.0478125 0.5266666671875 0.017734375 0.5266666671875