1 0.373359375 0.0043749999999999995 0.373359375 0.06949999999999999 0.695546875 0.06949999999999999 0.695546875 0.0043749999999999995 0.373359375 0.0043749999999999995
1 0.68859375 0.141625 0.68859375 0.025124999999999998 0.35945312500000004 0.025124999999999998 0.35945312500000004 0.141625 0.68859375 0.141625
1 0.6946875 0.19975 0.6946875 0.059750000000000004 0.35945312500000004 0.059750000000000004 0.35945312500000004 0.19975 0.6946875 0.19975
1 0.693828125 0.2455 0.693828125 0.140125 0.371640625 0.140125 0.371640625 0.2455 0.693828125 0.2455
1 0.68515625 0.274625 0.68515625 0.19012500000000002 0.36296875 0.19012500000000002 0.36296875 0.274625 0.68515625 0.274625
1 0.681640625 0.350875 0.681640625 0.262125 0.36296875 0.262125 0.36296875 0.350875 0.681640625 0.350875
1 0.687734375 0.395125 0.687734375 0.31475 0.3725 0.31475 0.3725 0.395125 0.687734375 0.395125
1 0.678203125 0.4575 0.678203125 0.3675 0.370703125 0.3675 0.370703125 0.4575 0.678203125 0.4575
1 0.679921875 0.507375 0.679921875 0.42837500000000006 0.365546875 0.42837500000000006 0.365546875 0.507375 0.679921875 0.507375
1 0.682578125 0.5738749999999999 0.682578125 0.46449999999999997 0.36124999999999996 0.46449999999999997 0.36124999999999996 0.5738749999999999 0.682578125 0.5738749999999999
1 0.684296875 0.6155 0.684296875 0.51025 0.36296875 0.51025 0.36296875 0.6155 0.684296875 0.6155
1 0.681640625 0.675125 0.681640625 0.565625 0.36726562500000004 0.565625 0.36726562500000004 0.675125 0.681640625 0.675125
1 0.681640625 0.73325 0.681640625 0.628 0.362109375 0.628 0.362109375 0.73325 0.681640625 0.73325
1 0.3003125 0.989875 0.3003125 0.74275 0.007578125 0.74275 0.007578125 0.989875 0.3003125 0.989875
1 0.294921875 0.9956250000000001 0.294921875 0.87775 0.1153125 0.87775 0.1153125 0.9956250000000001 0.294921875 0.9956250000000001
1 0.287734375 0.920875 0.287734375 0.63925 0.000390625 0.63925 0.000390625 0.920875 0.287734375 0.920875
1 0.000390625 0.5157499999999999 0.000390625 0.7715 0.287734375 0.7715 0.287734375 0.5157499999999999 0.000390625 0.5157499999999999
1 0.305703125 0.61625 0.305703125 0.380625 0.007578125 0.380625 0.007578125 0.61625 0.305703125 0.61625
1 0.0021874999999999998 0.222625 0.0021874999999999998 0.461125 0.327265625 0.461125 0.327265625 0.222625 0.0021874999999999998 0.222625
1 0.007578125 0.058750000000000004 0.007578125 0.305875 0.3146875 0.305875 0.3146875 0.058750000000000004 0.007578125 0.058750000000000004
1 0.000390625 0.007124999999999999 0.000390625 0.147875 0.276953125 0.147875 0.276953125 0.007124999999999999 0.000390625 0.007124999999999999
1 0.997421875 0.15537499999999999 0.997421875 0.12050000000000001 0.929921875 0.12050000000000001 0.929921875 0.15537499999999999 0.997421875 0.15537499999999999
1 0.796875 0.078875 0.796875 0.140375 0.8228125000000001 0.140375 0.8228125000000001 0.078875 0.796875 0.078875
1 0.80203125 0.06725 0.80203125 0.1155 0.824921875 0.1155 0.824921875 0.06725 0.80203125 0.06725
1 0.801015625 0.034 0.801015625 0.08725000000000001 0.8228125000000001 0.08725000000000001 0.8228125000000001 0.034 0.801015625 0.034
1 0.796875 0.00075 0.796875 0.055625 0.82390625 0.055625 0.82390625 0.00075 0.796875 0.00075
1 0.778125 0.00575 0.778125 0.059 0.8 0.059 0.8 0.00575 0.778125 0.00575
1 0.77609375 0.040625 0.77609375 0.1155 0.797890625 0.1155 0.797890625 0.040625 0.77609375 0.040625
1 0.7334375 0.01075 0.7334375 0.0805 0.777109375 0.0805 0.777109375 0.01075 0.7334375 0.01075
1 0.7271875 0.00575 0.7271875 0.022375 0.785390625 0.022375 0.785390625 0.00575 0.7271875 0.00575
1 0.740703125 0.137125 0.740703125 0.035625000000000004 0.67734375 0.035625000000000004 0.67734375 0.137125 0.740703125 0.137125
1 0.6814843749999999 0.08549999999999999 0.6814843749999999 0.170375 0.7396874999999999 0.170375 0.7396874999999999 0.08549999999999999 0.6814843749999999 0.08549999999999999
1 0.7334375 0.22025 0.7334375 0.152125 0.68046875 0.152125 0.68046875 0.22025 0.7334375 0.22025
1 0.692890625 0.18362499999999998 0.692890625 0.26187499999999997 0.7303124999999999 0.26187499999999997 0.7303124999999999 0.18362499999999998 0.692890625 0.18362499999999998
1 0.732421875 0.30012500000000003 0.732421875 0.21862499999999999 0.6814843749999999 0.21862499999999999 0.6814843749999999 0.30012500000000003 0.732421875 0.30012500000000003
1 0.7303124999999999 0.34325 0.7303124999999999 0.28675 0.68671875 0.28675 0.68671875 0.34325 0.7303124999999999 0.34325
1 0.724140625 0.39325 0.724140625 0.336625 0.6825 0.336625 0.6825 0.39325 0.724140625 0.39325
1 0.7210156249999999 0.438125 0.7210156249999999 0.37487499999999996 0.67421875 0.37487499999999996 0.67421875 0.438125 0.7210156249999999 0.438125
1 0.723046875 0.47962499999999997 0.723046875 0.404875 0.6814843749999999 0.404875 0.6814843749999999 0.47962499999999997 0.723046875 0.47962499999999997
1 0.723046875 0.52125 0.723046875 0.461375 0.6825 0.461375 0.6825 0.52125 0.723046875 0.52125
1 0.719921875 0.57275 0.719921875 0.503 0.684609375 0.503 0.684609375 0.57275 0.719921875 0.57275
1 0.724140625 0.611 0.724140625 0.5445 0.68984375 0.5445 0.68984375 0.611 0.724140625 0.611
1 0.732421875 0.652625 0.732421875 0.59275 0.6814843749999999 0.59275 0.6814843749999999 0.652625 0.732421875 0.652625
1 0.75890625 0.6068749999999999 0.75890625 0.5547500000000001 0.724375 0.5547500000000001 0.724375 0.6068749999999999 0.75890625 0.6068749999999999
1 0.7228125000000001 0.5155000000000001 0.7228125000000001 0.582875 0.76296875 0.582875 0.76296875 0.5155000000000001 0.7228125000000001 0.5155000000000001
1 0.7594531250000001 0.5387500000000001 0.7594531250000001 0.486625 0.7192968750000001 0.486625 0.7192968750000001 0.5387500000000001 0.7594531250000001 0.5387500000000001
1 0.7203125 0.448125 0.7203125 0.5035000000000001 0.7599218750000001 0.5035000000000001 0.7599218750000001 0.448125 0.7203125 0.448125
1 0.7203125 0.413625 0.7203125 0.46175 0.7599218750000001 0.46175 0.7599218750000001 0.413625 0.7203125 0.413625
1 0.7203125 0.376 0.7203125 0.4265 0.76390625 0.4265 0.76390625 0.376 0.7203125 0.376
1 0.7203125 0.34225 0.7203125 0.381625 0.76296875 0.381625 0.76296875 0.34225 0.7203125 0.34225
1 0.7228125000000001 0.301375 0.7228125000000001 0.355125 0.764921875 0.355125 0.764921875 0.301375 0.7228125000000001 0.301375
1 0.7268749999999999 0.26125 0.7268749999999999 0.311 0.764921875 0.311 0.764921875 0.26125 0.7268749999999999 0.26125
1 0.7265625 0.086 0.7265625 0.163375 0.7720312500000001 0.163375 0.7720312500000001 0.086 0.7265625 0.086
1 0.7720312500000001 0.20612499999999997 0.7720312500000001 0.141375 0.73234375 0.141375 0.73234375 0.20612499999999997 0.7720312500000001 0.20612499999999997
1 0.772734375 0.23725000000000002 0.772734375 0.174875 0.730859375 0.174875 0.730859375 0.23725000000000002 0.772734375 0.23725000000000002
1 0.7640625 0.273125 0.7640625 0.22225 0.72875 0.22225 0.72875 0.273125 0.7640625 0.273125
1 0.7698437499999999 0.12175 0.7698437499999999 0.187625 0.8016406249999999 0.187625 0.8016406249999999 0.12175 0.7698437499999999 0.12175
1 0.798046875 0.21875 0.798046875 0.1795 0.7677343750000001 0.1795 0.7677343750000001 0.21875 0.798046875 0.21875
1 0.80015625 0.2465 0.80015625 0.20950000000000002 0.7611718749999999 0.20950000000000002 0.7611718749999999 0.2465 0.80015625 0.2465
1 0.7893749999999999 0.28225 0.7893749999999999 0.23149999999999998 0.76046875 0.23149999999999998 0.76046875 0.28225 0.7893749999999999 0.28225
1 0.790078125 0.3135 0.790078125 0.269625 0.75828125 0.269625 0.75828125 0.3135 0.790078125 0.3135
1 0.7893749999999999 0.33775 0.7893749999999999 0.305375 0.75828125 0.305375 0.75828125 0.33775 0.7893749999999999 0.33775
1 0.787890625 0.375875 0.787890625 0.33775 0.75828125 0.33775 0.75828125 0.375875 0.787890625 0.375875
1 0.7828906250000001 0.41275000000000006 0.7828906250000001 0.375875 0.75828125 0.375875 0.75828125 0.41275000000000006 0.7828906250000001 0.41275000000000006
1 0.7828906250000001 0.448625 0.7828906250000001 0.41275000000000006 0.7590625 0.41275000000000006 0.7590625 0.448625 0.7828906250000001 0.448625
1 0.790078125 0.491375 0.790078125 0.4405 0.755390625 0.4405 0.755390625 0.491375 0.790078125 0.491375
1 0.7943749999999999 0.523625 0.7943749999999999 0.47050000000000003 0.752578125 0.47050000000000003 0.752578125 0.523625 0.7943749999999999 0.523625
1 0.78359375 0.545625 0.78359375 0.508625 0.7590625 0.508625 0.7590625 0.545625 0.78359375 0.545625
1 0.7849999999999999 0.581375 0.7849999999999999 0.538625 0.75828125 0.538625 0.75828125 0.581375 0.7849999999999999 0.581375
1 0.8045312499999999 0.557125 0.8045312499999999 0.519 0.78578125 0.519 0.78578125 0.557125 0.8045312499999999 0.557125
1 0.784296875 0.489 0.784296875 0.523625 0.8059375 0.523625 0.8059375 0.489 0.784296875 0.489
1 0.778515625 0.4625 0.778515625 0.49824999999999997 0.8045312499999999 0.49824999999999997 0.8045312499999999 0.4625 0.778515625 0.4625
1 0.778515625 0.43587499999999996 0.778515625 0.46825 0.806640625 0.46825 0.806640625 0.43587499999999996 0.778515625 0.43587499999999996
1 0.7814062500000001 0.40812499999999996 0.7814062500000001 0.43587499999999996 0.806640625 0.43587499999999996 0.806640625 0.40812499999999996 0.7814062500000001 0.40812499999999996
1 0.7814062500000001 0.3805 0.7814062500000001 0.40812499999999996 0.807421875 0.40812499999999996 0.807421875 0.3805 0.7814062500000001 0.3805
1 0.784296875 0.3435 0.784296875 0.3805 0.807421875 0.3805 0.807421875 0.3435 0.784296875 0.3435
1 0.784296875 0.3135 0.784296875 0.3435 0.807421875 0.3435 0.807421875 0.3135 0.784296875 0.3135
1 0.78 0.2835 0.78 0.32037499999999997 0.807421875 0.32037499999999997 0.807421875 0.2835 0.78 0.2835
1 0.8081250000000001 0.297375 0.8081250000000001 0.254625 0.782109375 0.254625 0.782109375 0.297375 0.8081250000000001 0.297375