1 0.7978125 0.8648611109375001 0.7978125 0.5973611109375 0.604765625 0.5973611109375 0.604765625 0.8648611109375001 0.7978125 0.8648611109375001
1 0.996484375 0.9645833328125001 0.996484375 0.6991666671875 0.782109375 0.6991666671875 0.782109375 0.9645833328125001 0.996484375 0.9645833328125001
1 0.63953125 0.6912499999999999 0.63953125 0.5654166671875 0.49921875 0.5654166671875 0.49921875 0.6912499999999999 0.63953125 0.6912499999999999
1 0.4296875 0.54555555625 0.4296875 0.6293055562500001 0.50265625 0.6293055562500001 0.50265625 0.54555555625 0.4296875 0.54555555625
1 0.46414062500000003 0.557777778125 0.46414062500000003 0.49916666718749997 0.381171875 0.49916666718749997 0.381171875 0.557777778125 0.46414062500000003 0.557777778125
1 0.36531250000000004 0.49597222187499995 0.36531250000000004 0.5473611109375 0.38203125 0.5473611109375 0.38203125 0.49597222187499995 0.36531250000000004 0.49597222187499995
1 0.36671875 0.524027778125 0.36671875 0.4904166671875 0.3509375 0.4904166671875 0.3509375 0.524027778125 0.36671875 0.524027778125
1 0.34234375 0.48 0.34234375 0.524027778125 0.351328125 0.524027778125 0.351328125 0.48 0.34234375 0.48
1 0.047578125 0.72430555625 0.047578125 0.6179166671874999 0.0035937499999999997 0.6179166671874999 0.0035937499999999997 0.72430555625 0.047578125 0.72430555625
1 0.084765625 0.6627777781249999 0.084765625 0.58194444375 0.03609375 0.58194444375 0.03609375 0.6627777781249999 0.084765625 0.6627777781249999
1 0.10687500000000001 0.6212500000000001 0.10687500000000001 0.56569444375 0.074375 0.56569444375 0.074375 0.6212500000000001 0.10687500000000001 0.6212500000000001
1 0.13023437499999999 0.5958333328125 0.13023437499999999 0.5461111109375001 0.09390625 0.5461111109375001 0.09390625 0.5958333328125 0.13023437499999999 0.5958333328125
1 0.15234375 0.5529166671875 0.15234375 0.523472221875 0.11703125 0.523472221875 0.11703125 0.5529166671875 0.15234375 0.5529166671875
1 0.161015625 0.5395833328124999 0.161015625 0.5141666671875 0.146328125 0.5141666671875 0.146328125 0.5395833328124999 0.161015625 0.5395833328124999
1 0.17078125 0.531527778125 0.17078125 0.50875 0.151640625 0.50875 0.151640625 0.531527778125 0.17078125 0.531527778125
1 0.094453125 0.21944444375 0.094453125 0.12805555625 0.00578125 0.12805555625 0.00578125 0.21944444375 0.094453125 0.21944444375
1 0.11570312499999999 0.232777778125 0.11570312499999999 0.1570833328125 0.005156249999999999 0.1570833328125 0.005156249999999999 0.232777778125 0.11570312499999999 0.232777778125
1 0.089453125 0.1325 0.089453125 0.1898611109375 0.11476562500000001 0.1898611109375 0.11476562500000001 0.1325 0.089453125 0.1325
1 0.13140625 0.2138888890625 0.13140625 0.17819444375 0.10289062499999999 0.17819444375 0.10289062499999999 0.2138888890625 0.13140625 0.2138888890625
1 0.13234375 0.26069444375 0.13234375 0.20111111093749998 0.023984375 0.20111111093749998 0.023984375 0.26069444375 0.13234375 0.26069444375
1 0.157421875 0.2973611109375 0.157421875 0.25125000000000003 0.0715625 0.25125000000000003 0.0715625 0.2973611109375 0.157421875 0.2973611109375
1 0.166796875 0.31305555625000003 0.166796875 0.27569444375 0.099765625 0.27569444375 0.099765625 0.31305555625000003 0.166796875 0.31305555625000003
1 0.17867187499999998 0.32138888906249996 0.17867187499999998 0.28791666718750003 0.116015625 0.28791666718750003 0.116015625 0.32138888906249996 0.17867187499999998 0.32138888906249996
1 0.16734374999999999 0.0888888890625 0.16734374999999999 0.03875 0.122265625 0.03875 0.122265625 0.0888888890625 0.16734374999999999 0.0888888890625
1 0.511796875 0.146527778125 0.511796875 0.0623611109375 0.368828125 0.0623611109375 0.368828125 0.146527778125 0.511796875 0.146527778125
1 0.395 0.0029166671875000003 0.395 0.084027778125 0.5763281250000001 0.084027778125 0.5763281250000001 0.0029166671875000003 0.395 0.0029166671875000003
1 0.46125 0.1826388890625 0.46125 0.112777778125 0.35031249999999997 0.112777778125 0.35031249999999997 0.1826388890625 0.46125 0.1826388890625
1 0.463515625 0.205 0.463515625 0.14805555625 0.34171874999999996 0.14805555625 0.34171874999999996 0.205 0.463515625 0.205
1 0.435078125 0.22513888906249999 0.435078125 0.1826388890625 0.323671875 0.1826388890625 0.323671875 0.22513888906249999 0.435078125 0.22513888906249999
1 0.404921875 0.2595833328125 0.404921875 0.2170833328125 0.31242187499999996 0.2170833328125 0.31242187499999996 0.2595833328125 0.404921875 0.2595833328125
1 0.551015625 0.197777778125 0.551015625 0.1488888890625 0.44140625 0.1488888890625 0.44140625 0.197777778125 0.551015625 0.197777778125
1 0.50546875 0.23152777812499997 0.50546875 0.197777778125 0.43648437500000004 0.197777778125 0.43648437500000004 0.23152777812499997 0.50546875 0.23152777812499997
1 0.558828125 0.2848611109375 0.558828125 0.25666666718750003 0.5314062500000001 0.25666666718750003 0.5314062500000001 0.2848611109375 0.558828125 0.2848611109375
1 0.53171875 0.28944444375 0.53171875 0.2701388890625 0.51859375 0.2701388890625 0.51859375 0.28944444375 0.53171875 0.28944444375
1 0.5546875 0.355 0.5546875 0.3288888890625 0.5325 0.3288888890625 0.5325 0.355 0.5546875 0.355
1 0.53328125 0.3576388890625 0.53328125 0.33694444375 0.5175 0.33694444375 0.5175 0.3576388890625 0.53328125 0.3576388890625
1 0.59453125 0.3483333328125 0.59453125 0.321527778125 0.5584374999999999 0.321527778125 0.5584374999999999 0.3483333328125 0.59453125 0.3483333328125
1 0.690390625 0.24944444375 0.690390625 0.2066666671875 0.6092187499999999 0.2066666671875 0.6092187499999999 0.24944444375 0.690390625 0.24944444375
1 0.6370312499999999 0.14125000000000001 0.6370312499999999 0.07305555625 0.510703125 0.07305555625 0.510703125 0.14125000000000001 0.6370312499999999 0.14125000000000001
1 0.26234375 0.4620833328125 0.26234375 0.44888888906249996 0.245546875 0.44888888906249996 0.245546875 0.4620833328125 0.26234375 0.4620833328125
1 0.258203125 0.44625000000000004 0.258203125 0.4583333328125 0.282421875 0.4583333328125 0.282421875 0.44625000000000004 0.258203125 0.44625000000000004