1 0.979140625 0.22697916718750002 0.979140625 0.1535416671875 0.79625 0.1535416671875 0.79625 0.22697916718750002 0.979140625 0.22697916718750002
1 0.800390625 0.24500000000000002 0.800390625 0.1715625 0.677734375 0.1715625 0.677734375 0.24500000000000002 0.800390625 0.24500000000000002
1 0.6756249999999999 0.2533333328125 0.6756249999999999 0.20208333281250002 0.589375 0.20208333281250002 0.589375 0.2533333328125 0.6756249999999999 0.2533333328125
1 0.589375 0.2588541671875 0.589375 0.2201041671875 0.5509375000000001 0.2201041671875 0.5509375000000001 0.2588541671875 0.589375 0.2588541671875
1 0.548828125 0.2685416671875 0.548828125 0.22833333281249998 0.50828125 0.22833333281249998 0.50828125 0.2685416671875 0.548828125 0.2685416671875
1 0.510390625 0.276875 0.510390625 0.2408333328125 0.470859375 0.2408333328125 0.470859375 0.276875 0.510390625 0.276875
1 0.9974999999999999 0.6221875 0.9974999999999999 0.5431250000000001 0.922109375 0.5431250000000001 0.922109375 0.6221875 0.9974999999999999 0.6221875
1 0.9974999999999999 0.9933333328125 0.9974999999999999 0.7658333328125 0.40484375000000006 0.7658333328125 0.40484375000000006 0.9933333328125 0.9974999999999999 0.9933333328125
1 0.8807812500000001 0.9933333328125 0.8807812500000001 0.6723958328124999 0.25578124999999996 0.6723958328124999 0.25578124999999996 0.9933333328125 0.8807812500000001 0.9933333328125
1 0.737109375 0.883125 0.737109375 0.629375 0.1875 0.629375 0.1875 0.883125 0.737109375 0.883125
1 0.424609375 0.7993750000000001 0.424609375 0.6317708328125 0.13187500000000002 0.6317708328125 0.13187500000000002 0.7993750000000001 0.424609375 0.7993750000000001
1 0.127734375 0.7044791671875 0.127734375 0.6247916671875 0.08359375 0.6247916671875 0.08359375 0.7044791671875 0.127734375 0.7044791671875
1 0.06015625 0.6017708328125 0.06015625 0.6733333328125 0.08703125 0.6733333328125 0.08703125 0.6017708328125 0.06015625 0.6017708328125
1 0.040234375 0.5797916671875 0.040234375 0.6479166671875001 0.06625 0.6479166671875001 0.06625 0.5797916671875 0.040234375 0.5797916671875
1 0.019453124999999998 0.5566666671875 0.019453124999999998 0.6213541671875 0.0471875 0.6213541671875 0.0471875 0.5566666671875 0.019453124999999998 0.5566666671875
1 0.373828125 0.12854166718749999 0.373828125 0.0038541671875000003 0.078671875 0.0038541671875000003 0.078671875 0.12854166718749999 0.373828125 0.12854166718749999
1 0.370703125 0.1354166671875 0.370703125 0.061979167187499996 0.046406249999999996 0.061979167187499996 0.046406249999999996 0.1354166671875 0.370703125 0.1354166671875
1 0.260546875 0.1770833328125 0.260546875 0.09114583281250001 0.0225 0.09114583281250001 0.0225 0.1770833328125 0.260546875 0.1770833328125
1 0.753203125 0.4246875 0.753203125 0.3958333328125 0.6798437500000001 0.3958333328125 0.6798437500000001 0.4246875 0.753203125 0.4246875
1 0.75203125 0.44395833281249997 0.75203125 0.4214583328125 0.7171093749999999 0.4214583328125 0.7171093749999999 0.44395833281249997 0.75203125 0.44395833281249997
1 0.749609375 0.4583333328125 0.749609375 0.43666666718749997 0.714765625 0.43666666718749997 0.714765625 0.4583333328125 0.749609375 0.4583333328125
1 0.74296875 0.4728125 0.74296875 0.44718749999999996 0.7171093749999999 0.44718749999999996 0.7171093749999999 0.4728125 0.74296875 0.4728125
1 0.74296875 0.4960416671875 0.74296875 0.4728125 0.7123437499999999 0.4728125 0.7123437499999999 0.4960416671875 0.74296875 0.4960416671875
1 0.9246874999999999 0.5970833328125 0.9246874999999999 0.5521874999999999 0.8074999999999999 0.5521874999999999 0.8074999999999999 0.5970833328125 0.9246874999999999 0.5970833328125