0 0.31526041718750003 0.15351851875 0.31526041718750003 0.7397222218749999 0.503125 0.7397222218749999 0.503125 0.15351851875 0.31526041718750003 0.15351851875
1 0.8008854171875001 0.2616666671875 0.8008854171875001 0.11194444374999998 0.6784895828125 0.11194444374999998 0.6784895828125 0.2616666671875 0.8008854171875001 0.2616666671875
1 0.8001041671875001 0.32398148125000004 0.8001041671875001 0.2048148140625 0.6800520828125001 0.2048148140625 0.6800520828125001 0.32398148125000004 0.8001041671875001 0.32398148125000004
1 0.8219270828124999 0.3891666671875 0.8219270828124999 0.271296296875 0.6629166671875 0.271296296875 0.6629166671875 0.3891666671875 0.8219270828124999 0.3891666671875
1 0.8195833328125 0.44037037031250004 0.8195833328125 0.3531481484375 0.6941145828125 0.3531481484375 0.6941145828125 0.44037037031250004 0.8195833328125 0.44037037031250004
1 0.8180208328124999 0.4875 0.8180208328124999 0.41129629687499997 0.6847395828125 0.41129629687499997 0.6847395828125 0.4875 0.8180208328124999 0.4875
1 0.8219270828124999 0.5568518515624999 0.8219270828124999 0.45981481406249997 0.6878645828125001 0.45981481406249997 0.6878645828125001 0.5568518515624999 0.8219270828124999 0.5568518515624999
1 0.8258333328124999 0.615 0.8258333328124999 0.5249074078125 0.7034374999999999 0.5249074078125 0.7034374999999999 0.615 0.8258333328124999 0.615
1 0.8219270828124999 0.678796296875 0.8219270828124999 0.588703703125 0.6972395828125 0.588703703125 0.6972395828125 0.678796296875 0.8219270828124999 0.678796296875
1 0.7003125 0.6468518515625 0.7003125 0.7424999999999999 0.8211458328125 0.7424999999999999 0.8211458328125 0.6468518515625 0.7003125 0.6468518515625
1 0.8180208328124999 0.8353703703124999 0.8180208328124999 0.6953703703125 0.70578125 0.6953703703125 0.70578125 0.8353703703124999 0.8180208328124999 0.8353703703124999
1 0.714375 0.76055555625 0.714375 0.9115740734375001 0.8242708328124999 0.9115740734375001 0.8242708328124999 0.76055555625 0.714375 0.76055555625
1 0.83984375 0.9684259265625 0.83984375 0.8173148140625001 0.708125 0.8173148140625001 0.708125 0.9684259265625 0.83984375 0.9684259265625
1 0.7028645828125 0.8816666671875 0.7028645828125 0.9934259265625001 0.8151041671874999 0.9934259265625001 0.8151041671874999 0.8816666671875 0.7028645828125 0.8816666671875
1 0.9946875000000001 0.3748148140625 0.9946875000000001 0.21916666718750002 0.8184895828125001 0.21916666718750002 0.8184895828125001 0.3748148140625 0.9946875000000001 0.3748148140625
1 0.8274479171875001 0.3509259265625 0.8274479171875001 0.47259259218749994 0.99921875 0.47259259218749994 0.99921875 0.3509259265625 0.8274479171875001 0.3509259265625
1 0.99921875 0.5663888890625 0.99921875 0.45064814843749995 0.8364583328125 0.45064814843749995 0.8364583328125 0.5663888890625 0.99921875 0.5663888890625
1 0.9902083328125 0.6781481484375 0.9902083328125 0.54444444375 0.8330729171875 0.54444444375 0.8330729171875 0.6781481484375 0.9902083328125 0.6781481484375
1 0.8386979171875 0.644259259375 0.8386979171875 0.7938888890625 0.9980729171875 0.7938888890625 0.9980729171875 0.644259259375 0.8386979171875 0.644259259375
1 0.9935937499999999 0.893703703125 0.9935937499999999 0.6941666671875 0.8386979171875 0.6941666671875 0.8386979171875 0.893703703125 0.9935937499999999 0.893703703125
1 0.8454166671875001 0.8058333328125 0.8454166671875001 0.9854629625 0.9969791671875001 0.9854629625 0.9969791671875001 0.8058333328125 0.8454166671875001 0.8058333328125
1 0.9891145828125 0.9914814812499999 0.9891145828125 0.889722221875 0.8488020828125 0.889722221875 0.8488020828125 0.9914814812499999 0.9891145828125 0.9914814812499999
1 0.07875 0.9894444437500001 0.07875 0.8697222218749999 0.00015625 0.8697222218749999 0.00015625 0.9894444437500001 0.07875 0.9894444437500001
1 0.0035416671875 0.7978703703125001 0.0035416671875 0.9415740734375 0.06979166718749999 0.9415740734375 0.06979166718749999 0.7978703703125001 0.0035416671875 0.7978703703125001
1 0.073125 0.847777778125 0.073125 0.74 0.00578125 0.74 0.00578125 0.847777778125 0.073125 0.847777778125
1 0.0023958328125 0.6721296296875 0.0023958328125 0.8099074078124999 0.06979166718749999 0.8099074078124999 0.06979166718749999 0.6721296296875 0.0023958328125 0.6721296296875
1 0.0641666671875 0.7061111109375 0.0641666671875 0.614259259375 0.0013020828125 0.614259259375 0.0013020828125 0.7061111109375 0.0641666671875 0.7061111109375
1 0.00015625 0.5464814812500001 0.00015625 0.624259259375 0.073125 0.624259259375 0.073125 0.5464814812500001 0.00015625 0.5464814812500001
1 0.00015625 0.47259259218749994 0.00015625 0.5584259265625 0.0652604171875 0.5584259265625 0.0652604171875 0.47259259218749994 0.00015625 0.47259259218749994
1 0.0023958328125 0.408796296875 0.0023958328125 0.4846296296875 0.060781249999999995 0.4846296296875 0.060781249999999995 0.408796296875 0.0023958328125 0.408796296875
1 0.00578125 0.33092592656250003 0.00578125 0.408796296875 0.060781249999999995 0.408796296875 0.060781249999999995 0.33092592656250003 0.00578125 0.33092592656250003
1 0.1236458328125 0.32898148125 0.1236458328125 0.2450925921875 0.029375000000000002 0.2450925921875 0.029375000000000002 0.32898148125 0.1236458328125 0.32898148125
1 0.0495833328125 0.31898148125 0.0495833328125 0.3748148140625 0.12703124999999998 0.3748148140625 0.12703124999999998 0.31898148125 0.0495833328125 0.31898148125
1 0.13374999999999998 0.4406481484375 0.13374999999999998 0.3868518515625 0.0529166671875 0.3868518515625 0.0529166671875 0.4406481484375 0.13374999999999998 0.4406481484375
1 0.12140625000000001 0.4846296296875 0.12140625000000001 0.4326851859375 0.0563020828125 0.4326851859375 0.0563020828125 0.4846296296875 0.12140625000000001 0.4846296296875
1 0.1359895828125 0.53444444375 0.1359895828125 0.48055555625 0.0641666671875 0.48055555625 0.0641666671875 0.53444444375 0.1359895828125 0.53444444375
1 0.1326041671875 0.5943518515624999 0.1326041671875 0.5304629624999999 0.06640625 0.5304629624999999 0.06640625 0.5943518515624999 0.1326041671875 0.5943518515624999
1 0.14609375 0.6382407406249999 0.14609375 0.56444444375 0.07203125 0.56444444375 0.07203125 0.6382407406249999 0.14609375 0.6382407406249999
1 0.1472395828125 0.7061111109375 0.1472395828125 0.630277778125 0.0708854171875 0.630277778125 0.0708854171875 0.7061111109375 0.1472395828125 0.7061111109375
1 0.1382291671875 0.76194444375 0.1382291671875 0.6601851859375001 0.07203125 0.6601851859375001 0.07203125 0.76194444375 0.1382291671875 0.76194444375
1 0.14609375 0.8198148140624999 0.14609375 0.74 0.06302083281250001 0.74 0.06302083281250001 0.8198148140624999 0.14609375 0.8198148140624999
1 0.13374999999999998 0.859722221875 0.13374999999999998 0.7919444437500001 0.0821354171875 0.7919444437500001 0.0821354171875 0.859722221875 0.13374999999999998 0.859722221875
1 0.145 0.9296296296875 0.145 0.8458333328125001 0.0866145828125 0.8458333328125001 0.0866145828125 0.9296296296875 0.145 0.9296296296875
1 0.1494791671875 0.96555555625 0.1494791671875 0.8996296296875 0.0832291671875 0.8996296296875 0.0832291671875 0.96555555625 0.1494791671875 0.96555555625
1 0.7006249999999999 0.8976851859374999 0.7006249999999999 0.7978703703125001 0.64 0.7978703703125001 0.64 0.8976851859374999 0.7006249999999999 0.8976851859374999
1 0.6377604171875 0.7539814812500001 0.6377604171875 0.859722221875 0.7140625 0.859722221875 0.7140625 0.7539814812500001 0.6377604171875 0.7539814812500001
1 0.71296875 0.7938888890625 0.71296875 0.7121296296875 0.6411458328124999 0.7121296296875 0.6411458328124999 0.7938888890625 0.71296875 0.7938888890625
1 0.6534895828125 0.6861111109375 0.6534895828125 0.74398148125 0.7073437499999999 0.74398148125 0.7073437499999999 0.6861111109375 0.6534895828125 0.6861111109375
1 0.7095833328125 0.6681481484375 0.7095833328125 0.614259259375 0.645625 0.614259259375 0.645625 0.6681481484375 0.7095833328125 0.6681481484375
1 0.6489583328124999 0.5724074078125 0.6489583328124999 0.636296296875 0.70625 0.636296296875 0.70625 0.5724074078125 0.6489583328124999 0.5724074078125
1 0.7006249999999999 0.5903703703125001 0.7006249999999999 0.5205555562499999 0.634375 0.5205555562499999 0.634375 0.5903703703125001 0.7006249999999999 0.5903703703125001
1 0.6310416671875 0.49453703750000005 0.6310416671875 0.53444444375 0.6961458328125001 0.53444444375 0.6961458328125001 0.49453703750000005 0.6310416671875 0.49453703750000005
1 0.6310416671875 0.430740740625 0.6310416671875 0.49453703750000005 0.6927604171875 0.49453703750000005 0.6927604171875 0.430740740625 0.6310416671875 0.430740740625
1 0.6961458328125001 0.438703703125 0.6961458328125001 0.3868518515625 0.64671875 0.3868518515625 0.64671875 0.438703703125 0.6961458328125001 0.438703703125
1 0.6366145828125 0.3229629625 0.6366145828125 0.412777778125 0.6983854171874999 0.412777778125 0.6983854171874999 0.3229629625 0.6366145828125 0.3229629625
1 0.6961458328125001 0.3409259265625 0.6961458328125001 0.28305555625 0.6388541671875 0.28305555625 0.6388541671875 0.3409259265625 0.6961458328125001 0.3409259265625
1 0.63328125 0.22314814843750003 0.63328125 0.3129629625 0.6983854171874999 0.3129629625 0.6983854171874999 0.22314814843750003 0.63328125 0.22314814843750003
1 0.6377604171875 0.32898148125 0.6377604171875 0.2471296296875 0.585 0.2471296296875 0.585 0.32898148125 0.6377604171875 0.32898148125
1 0.6355208328125 0.3728703703125 0.6355208328125 0.31898148125 0.579375 0.31898148125 0.579375 0.3728703703125 0.6355208328125 0.3728703703125
1 0.6422395828125 0.41472222187499996 0.6422395828125 0.3728703703125 0.5760416671875 0.3728703703125 0.5760416671875 0.41472222187499996 0.6422395828125 0.41472222187499996
1 0.6377604171875 0.44666666718750003 0.6377604171875 0.40675925937499996 0.5760416671875 0.40675925937499996 0.5760416671875 0.44666666718750003 0.6377604171875 0.44666666718750003
1 0.6377604171875 0.49657407343750004 0.6377604171875 0.44666666718750003 0.5861458328125 0.44666666718750003 0.5861458328125 0.49657407343750004 0.6377604171875 0.49657407343750004
1 0.63328125 0.5404629625 0.63328125 0.49657407343750004 0.5861458328125 0.49657407343750004 0.5861458328125 0.5404629625 0.63328125 0.5404629625
1 0.6310416671875 0.5743518515625 0.6310416671875 0.52648148125 0.590625 0.52648148125 0.590625 0.5743518515625 0.6310416671875 0.5743518515625
1 0.6377604171875 0.606296296875 0.6377604171875 0.5703703703125 0.590625 0.5703703703125 0.590625 0.606296296875 0.6377604171875 0.606296296875
1 0.6388541671875 0.656203703125 0.6388541671875 0.6083333328125 0.5861458328125 0.6083333328125 0.5861458328125 0.656203703125 0.6388541671875 0.656203703125
1 0.645625 0.7100925921875 0.645625 0.640277778125 0.590625 0.640277778125 0.590625 0.7100925921875 0.645625 0.7100925921875
1 0.6018229171875 0.6841666671875 0.6018229171875 0.75 0.64 0.75 0.64 0.6841666671875 0.6018229171875 0.6841666671875
1 0.634375 0.7819444437499999 0.634375 0.7240740734375 0.59171875 0.7240740734375 0.59171875 0.7819444437499999 0.634375 0.7819444437499999
1 0.6040625000000001 0.76 0.6040625000000001 0.8237962968750001 0.6366145828125 0.8237962968750001 0.6366145828125 0.76 0.6040625000000001 0.76