1 0.9754687499999999 0.136875 0.9754687499999999 0.10225 0.9200781250000001 0.10225 0.9200781250000001 0.136875 0.9754687499999999 0.136875
1 0.9200781250000001 0.1355 0.9200781250000001 0.0995 0.868125 0.0995 0.868125 0.1355 0.9200781250000001 0.1355
1 0.9200781250000001 0.294875 0.9200781250000001 0.27 0.864609375 0.27 0.864609375 0.294875 0.9200781250000001 0.294875
1 0.998046875 0.2935 0.998046875 0.267125 0.961640625 0.267125 0.961640625 0.2935 0.998046875 0.2935
1 0.79359375 0.268625 0.79359375 0.2395 0.743359375 0.2395 0.743359375 0.268625 0.79359375 0.268625
1 0.6411718750000001 0.261625 0.6411718750000001 0.240875 0.5875 0.240875 0.5875 0.261625 0.6411718750000001 0.261625
1 0.52515625 0.24500000000000002 0.52515625 0.26575000000000004 0.5909375 0.26575000000000004 0.5909375 0.24500000000000002 0.52515625 0.24500000000000002
1 0.681015625 0.64825 0.681015625 0.552625 0.473125 0.552625 0.473125 0.64825 0.681015625 0.64825
1 0.512109375 0.61775 0.512109375 0.54025 0.32414062499999996 0.54025 0.32414062499999996 0.61775 0.512109375 0.61775
1 0.351875 0.58875 0.351875 0.5055 0.21765625000000002 0.5055 0.21765625000000002 0.58875 0.351875 0.58875
1 0.1240625 0.511125 0.1240625 0.5623750000000001 0.20554687500000002 0.5623750000000001 0.20554687500000002 0.511125 0.1240625 0.511125
1 0.12671875 0.55125 0.12671875 0.49312500000000004 0.0140625 0.49312500000000004 0.0140625 0.55125 0.12671875 0.55125
1 0.22132812500000001 0.9102499999999999 0.22132812500000001 0.651625 0.004296875 0.651625 0.004296875 0.9102499999999999 0.22132812500000001 0.9102499999999999
1 0.188359375 0.124875 0.188359375 0.009875 0.03421875 0.009875 0.03421875 0.124875 0.188359375 0.124875
1 0.40992187500000005 0.146375 0.40992187500000005 0.0075 0.23625 0.0075 0.23625 0.146375 0.40992187500000005 0.146375
1 0.330546875 0.00275 0.330546875 0.108125 0.583515625 0.108125 0.583515625 0.00275 0.330546875 0.00275
1 0.7307812499999999 0.10575000000000001 0.7307812499999999 0.022625 0.57578125 0.022625 0.57578125 0.10575000000000001 0.7307812499999999 0.10575000000000001