1 0.956015625 0.2785 0.956015625 0.241875 0.8946875000000001 0.241875 0.8946875000000001 0.2785 0.956015625 0.2785
1 0.995078125 0.255375 0.995078125 0.23224999999999998 0.909140625 0.23224999999999998 0.909140625 0.255375 0.995078125 0.255375
1 0.998828125 0.27 0.998828125 0.24500000000000002 0.965078125 0.24500000000000002 0.965078125 0.27 0.998828125 0.27
1 0.998828125 0.46950000000000003 0.998828125 0.43624999999999997 0.966796875 0.43624999999999997 0.966796875 0.46950000000000003 0.998828125 0.46950000000000003
1 0.962109375 0.464875 0.962109375 0.438 0.90859375 0.438 0.90859375 0.464875 0.962109375 0.464875
1 0.8604687500000001 0.43899999999999995 0.8604687500000001 0.45912499999999995 0.9067968750000001 0.45912499999999995 0.9067968750000001 0.43899999999999995 0.8604687500000001 0.43899999999999995
1 0.9126562500000001 0.44275000000000003 0.9126562500000001 0.43150000000000005 0.8604687500000001 0.43150000000000005 0.8604687500000001 0.44275000000000003 0.9126562500000001 0.44275000000000003
1 0.8621874999999999 0.41312499999999996 0.8621874999999999 0.429875 0.907421875 0.429875 0.907421875 0.41312499999999996 0.8621874999999999 0.41312499999999996
1 0.8614843750000001 0.39875 0.8614843750000001 0.41212499999999996 0.908515625 0.41212499999999996 0.908515625 0.39875 0.8614843750000001 0.39875
1 0.858046875 0.382 0.858046875 0.39975 0.908515625 0.39975 0.908515625 0.382 0.858046875 0.382
1 0.858046875 0.3675 0.858046875 0.383625 0.908515625 0.383625 0.908515625 0.3675 0.858046875 0.3675
1 0.860078125 0.360875 0.860078125 0.37425 0.908515625 0.37425 0.908515625 0.360875 0.860078125 0.360875
1 0.8604687500000001 0.34525 0.8604687500000001 0.360875 0.9081250000000001 0.360875 0.9081250000000001 0.34525 0.8604687500000001 0.34525
1 0.852578125 0.333625 0.852578125 0.34975 0.9102343749999999 0.34975 0.9102343749999999 0.333625 0.852578125 0.333625
1 0.866875 0.3185 0.866875 0.3325 0.915703125 0.3325 0.915703125 0.3185 0.866875 0.3185
1 0.8651562500000001 0.3065 0.8651562500000001 0.3185 0.913671875 0.3185 0.913671875 0.3065 0.8651562500000001 0.3065
1 0.86265625 0.28575 0.86265625 0.3065 0.914453125 0.3065 0.914453125 0.28575 0.86265625 0.28575
1 0.86390625 0.505 0.86390625 0.47024999999999995 0.843046875 0.47024999999999995 0.843046875 0.505 0.86390625 0.505
1 0.8384375000000001 0.531625 0.8384375000000001 0.48624999999999996 0.799609375 0.48624999999999996 0.799609375 0.531625 0.8384375000000001 0.531625
1 0.8271875 0.5403749999999999 0.8271875 0.50825 0.791640625 0.50825 0.791640625 0.5403749999999999 0.8271875 0.5403749999999999
1 0.80921875 0.557125 0.80921875 0.513625 0.78328125 0.513625 0.78328125 0.557125 0.80921875 0.557125
1 0.7907031250000001 0.591625 0.7907031250000001 0.5269999999999999 0.7423437500000001 0.5269999999999999 0.7423437500000001 0.591625 0.7907031250000001 0.591625
1 0.761796875 0.622875 0.761796875 0.5351250000000001 0.626875 0.5351250000000001 0.626875 0.622875 0.761796875 0.622875
1 0.70984375 0.6837500000000001 0.70984375 0.572 0.5626562500000001 0.572 0.5626562500000001 0.6837500000000001 0.70984375 0.6837500000000001
1 0.686171875 0.741625 0.686171875 0.62 0.596328125 0.62 0.596328125 0.741625 0.686171875 0.741625
1 0.617578125 0.8355 0.617578125 0.667875 0.29328125 0.667875 0.29328125 0.8355 0.617578125 0.8355
1 0.462890625 0.991125 0.462890625 0.71575 0.119921875 0.71575 0.119921875 0.991125 0.462890625 0.991125
1 0.212578125 0.993375 0.212578125 0.8957499999999999 0.004296875 0.8957499999999999 0.004296875 0.993375 0.212578125 0.993375
1 0.5589062499999999 0.01 0.5589062499999999 0.08325 0.7740625 0.08325 0.7740625 0.01 0.5589062499999999 0.01
1 0.5838281249999999 0.041625 0.5838281249999999 0.13474999999999998 0.8125 0.13474999999999998 0.8125 0.041625 0.5838281249999999 0.041625
1 0.63375 0.10487500000000001 0.63375 0.171375 0.83328125 0.171375 0.83328125 0.10487500000000001 0.63375 0.10487500000000001
1 0.7127343749999999 0.14975 0.7127343749999999 0.19624999999999998 0.845703125 0.19624999999999998 0.845703125 0.14975 0.7127343749999999 0.14975
1 0.85546875 0.191875 0.85546875 0.235875 0.877578125 0.235875 0.877578125 0.191875 0.85546875 0.191875
1 0.7867968750000001 0.17575000000000002 0.7867968750000001 0.21587499999999998 0.8699999999999999 0.21587499999999998 0.8699999999999999 0.17575000000000002 0.7867968750000001 0.17575000000000002