1 0.8992968749999999 0.19375 0.8992968749999999 0.148 0.77453125 0.148 0.77453125 0.19375 0.8992968749999999 0.19375
1 0.9217968750000001 0.233875 0.9217968750000001 0.19375 0.7996875 0.19375 0.7996875 0.233875 0.9217968750000001 0.233875
1 0.693125 0.152125 0.693125 0.103625 0.546796875 0.103625 0.546796875 0.152125 0.693125 0.152125
1 0.48703124999999997 0.22425 0.48703124999999997 0.189625 0.44546875 0.189625 0.44546875 0.22425 0.48703124999999997 0.22425
1 0.396953125 0.15075 0.396953125 0.2145 0.44890625 0.2145 0.44890625 0.15075 0.396953125 0.15075
1 0.403828125 0.19924999999999998 0.403828125 0.13825 0.30859375 0.13825 0.30859375 0.19924999999999998 0.403828125 0.19924999999999998
1 0.16484375 0.10500000000000001 0.16484375 0.15912500000000002 0.293828125 0.15912500000000002 0.293828125 0.10500000000000001 0.16484375 0.10500000000000001
1 0.197734375 0.23525000000000001 0.197734375 0.21175000000000002 0.167421875 0.21175000000000002 0.167421875 0.23525000000000001 0.197734375 0.23525000000000001
1 0.33546875 0.22425 0.33546875 0.27549999999999997 0.368359375 0.27549999999999997 0.368359375 0.22425 0.33546875 0.22425
1 0.46703124999999995 0.9970000000000001 0.46703124999999995 0.692375 0.08984375 0.692375 0.08984375 0.9970000000000001 0.46703124999999995 0.9970000000000001
1 0.6125 0.907875 0.6125 0.703875 0.441875 0.703875 0.441875 0.907875 0.6125 0.907875
1 0.6825 0.7613749999999999 0.6825 0.640625 0.598125 0.640625 0.598125 0.7613749999999999 0.6825 0.7613749999999999
1 0.741796875 0.680875 0.741796875 0.5832499999999999 0.6448437499999999 0.5832499999999999 0.6448437499999999 0.680875 0.741796875 0.680875
1 0.785859375 0.64425 0.785859375 0.552375 0.7210156249999999 0.552375 0.7210156249999999 0.64425 0.785859375 0.64425
1 0.81703125 0.62425 0.81703125 0.548375 0.7559375 0.548375 0.7559375 0.62425 0.81703125 0.62425
1 0.854453125 0.5663750000000001 0.854453125 0.5125 0.7946093750000001 0.5125 0.7946093750000001 0.5663750000000001 0.854453125 0.5663750000000001
1 0.8734375 0.537875 0.8734375 0.49762500000000004 0.83625 0.49762500000000004 0.83625 0.537875 0.8734375 0.537875
1 0.891640625 0.524 0.891640625 0.492125 0.86484375 0.492125 0.86484375 0.524 0.891640625 0.524
1 0.9081250000000001 0.49762500000000004 0.9081250000000001 0.46575 0.874375 0.46575 0.874375 0.49762500000000004 0.9081250000000001 0.49762500000000004