1 0.9945833328125 0.9946296296874999 0.9945833328125 0.8653703703125 0.7628645828125 0.8653703703125 0.7628645828125 0.9946296296874999 0.9945833328125 0.9946296296874999
1 0.8230208328125 0.878240740625 0.8230208328125 0.786759259375 0.70984375 0.786759259375 0.70984375 0.878240740625 0.8230208328125 0.878240740625
1 0.6695833328125 0.7236111109375 0.6695833328125 0.8184259265625 0.7172916671875 0.8184259265625 0.7172916671875 0.7236111109375 0.6695833328125 0.7236111109375
1 0.6443229171875 0.693703703125 0.6443229171875 0.7518518515625 0.6714583328125 0.7518518515625 0.6714583328125 0.693703703125 0.6443229171875 0.693703703125
1 0.6246875000000001 0.6653703703125 0.6246875000000001 0.7236111109375 0.6508854171875 0.7236111109375 0.6508854171875 0.6653703703125 0.6246875000000001 0.6653703703125
1 0.629375 0.6803703703124999 0.629375 0.6321296296875001 0.5947395828125 0.6321296296875001 0.5947395828125 0.6803703703124999 0.629375 0.6803703703124999
1 0.8255208328125001 0.27749999999999997 0.8255208328125001 0.17916666718750002 0.6119270828125 0.17916666718750002 0.6119270828125 0.27749999999999997 0.8255208328125001 0.27749999999999997
1 0.6865104171875 0.33999999999999997 0.6865104171875 0.2948148140625 0.5744791671875 0.2948148140625 0.5744791671875 0.33999999999999997 0.6865104171875 0.33999999999999997
1 0.6865104171875 0.36990740781250003 0.6865104171875 0.3265740734375 0.5609375 0.3265740734375 0.5609375 0.36990740781250003 0.6865104171875 0.36990740781250003
1 0.9057812500000001 0.3554629625 0.9057812500000001 0.3226851859375 0.8684375 0.3226851859375 0.8684375 0.3554629625 0.9057812500000001 0.3554629625
1 0.9063020828124999 0.3073148140625 0.9063020828124999 0.3554629625 0.9485416671875001 0.3554629625 0.9485416671875001 0.3073148140625 0.9063020828124999 0.3073148140625
1 0.9975520828125 0.35305555625 0.9975520828125 0.28101851875 0.94609375 0.28101851875 0.94609375 0.35305555625 0.9975520828125 0.35305555625
1 0.5875 0.539146090625 0.5875 0.3433333328125 0.5296875 0.3433333328125 0.5296875 0.5950925921875 0.5870561375000001 0.539947546875 0.5875 0.5438082984375 0.5875 0.5950925921875 0.7545725578125 0.3789240109375 0.9909313421875 0.15172641874999998 0.9902902515625 0.1473148140625 0.9932260875000001 0.1495206171875 0.9929055421875 0.1473148140625 0.9955208328125 0.1473148140625 0.9955208328125 0.00601851875 0.7261458328125 0.00601851875 0.7261458328125 0.1473148140625 0.7522987453125001 0.1473148140625 0.7522778125 0.3811298125 0.5875 0.539146090625
0 0.3862326390625 0.3501851859375 0.3835416671875 0.3501851859375 0.3835416671875 0.3813888890625 0.44005208281249997 0.3813888890625 0.44005208281249997 0.3501851859375 0.4131423609375 0.3501851859375 0.41346516875 0.30504629687499996 0.5750520828125001 0.061296296875 0.6872916671875 0.061296296875 0.6872916671875 0.0034259265625 0.5750520828125001 0.0034259265625 0.5750520828125001 0.056473765625000005 0.41147026875000003 0.30805555625 0.3855365671875 0.34717592656249996 0.3862326390625 0.3501851859375