1 0.846875 0.6108333328125 0.846875 0.48472222187499997 0.6060156250000001 0.48472222187499997 0.6060156250000001 0.6108333328125 0.846875 0.6108333328125
1 0.887421875 0.522222221875 0.887421875 0.4598611109375 0.7720312500000001 0.4598611109375 0.7720312500000001 0.522222221875 0.887421875 0.522222221875
1 0.9240625 0.490277778125 0.9240625 0.4404166671875 0.83515625 0.4404166671875 0.83515625 0.490277778125 0.9240625 0.490277778125
1 0.93234375 0.143472221875 0.93234375 0.09625 0.8197656249999999 0.09625 0.8197656249999999 0.143472221875 0.93234375 0.143472221875
1 0.8365625 0.0761111109375 0.8365625 0.1126388890625 0.9356249999999999 0.1126388890625 0.9356249999999999 0.0761111109375 0.8365625 0.0761111109375
1 0.9561718750000001 0.21375000000000002 0.9561718750000001 0.180972221875 0.8949999999999999 0.180972221875 0.8949999999999999 0.21375000000000002 0.9561718750000001 0.21375000000000002
1 0.951796875 0.22722222187500002 0.951796875 0.1983333328125 0.912890625 0.1983333328125 0.912890625 0.22722222187500002 0.951796875 0.22722222187500002
1 0.955078125 0.25888888906249996 0.955078125 0.2204166671875 0.913359375 0.2204166671875 0.913359375 0.25888888906249996 0.955078125 0.25888888906249996
1 0.9610156249999999 0.27236111093750004 0.9610156249999999 0.2541666671875 0.9285937499999999 0.2541666671875 0.9285937499999999 0.27236111093750004 0.9610156249999999 0.27236111093750004
1 0.957265625 0.30319444375 0.957265625 0.271527778125 0.9285937499999999 0.271527778125 0.9285937499999999 0.30319444375 0.957265625 0.30319444375
1 0.9659375000000001 0.321527778125 0.9659375000000001 0.29652777812500003 0.93234375 0.29652777812500003 0.93234375 0.321527778125 0.9659375000000001 0.321527778125
1 0.9578125 0.34555555625 0.9578125 0.314722221875 0.9399218749999999 0.314722221875 0.9399218749999999 0.34555555625 0.9578125 0.34555555625
1 0.9615625 0.3638888890625 0.9615625 0.339722221875 0.941015625 0.339722221875 0.941015625 0.3638888890625 0.9615625 0.3638888890625
1 0.96265625 0.39277777812500003 0.96265625 0.3638888890625 0.941015625 0.3638888890625 0.941015625 0.39277777812500003 0.96265625 0.39277777812500003
1 0.962109375 0.40805555625 0.962109375 0.39277777812500003 0.9432031249999999 0.39277777812500003 0.9432031249999999 0.40805555625 0.962109375 0.40805555625
1 0.9615625 0.43694444375 0.9615625 0.40805555625 0.9415625000000001 0.40805555625 0.9415625000000001 0.43694444375 0.9615625 0.43694444375
1 0.963203125 0.469722221875 0.963203125 0.43499999999999994 0.9371875 0.43499999999999994 0.9371875 0.469722221875 0.963203125 0.469722221875
1 0.971328125 0.44472222187500005 0.971328125 0.4254166671875 0.9604687500000001 0.4254166671875 0.9604687500000001 0.44472222187500005 0.971328125 0.44472222187500005
1 0.9685937499999999 0.41777777812499994 0.9685937499999999 0.42930555625 0.983203125 0.42930555625 0.983203125 0.41777777812499994 0.9685937499999999 0.41777777812499994