1 0.9240625 0.8791666671874999 0.9240625 0.6058333328125001 0.558125 0.6058333328125001 0.558125 0.8791666671874999 0.9240625 0.8791666671874999
1 0.7826562499999999 0.7474999999999999 0.7826562499999999 0.52194444375 0.486328125 0.52194444375 0.486328125 0.7474999999999999 0.7826562499999999 0.7474999999999999
1 0.591796875 0.6516666671875 0.591796875 0.515972221875 0.4346875 0.515972221875 0.4346875 0.6516666671875 0.591796875 0.6516666671875
1 0.999296875 0.9988888890625001 0.999296875 0.64375 0.80625 0.64375 0.80625 0.9988888890625001 0.999296875 0.9988888890625001
1 0.500078125 0.602222221875 0.500078125 0.527222221875 0.39875 0.527222221875 0.39875 0.602222221875 0.500078125 0.602222221875
1 0.4 0.565277778125 0.4 0.5098611109375 0.3746875 0.5098611109375 0.3746875 0.565277778125 0.4 0.565277778125
1 0.377265625 0.5491666671875 0.377265625 0.5006944437499999 0.351953125 0.5006944437499999 0.351953125 0.5491666671875 0.377265625 0.5491666671875
1 0.174921875 0.47125000000000006 0.174921875 0.44458333281250006 0.11968749999999999 0.44458333281250006 0.11968749999999999 0.47125000000000006 0.174921875 0.47125000000000006
1 0.173046875 0.48472222187499997 0.173046875 0.45861111093750007 0.1140625 0.45861111093750007 0.1140625 0.48472222187499997 0.173046875 0.48472222187499997
1 0.17265625 0.49874999999999997 0.17265625 0.4786111109375 0.126796875 0.4786111109375 0.126796875 0.49874999999999997 0.17265625 0.49874999999999997
1 0.173828125 0.50875 0.173828125 0.4826388890625 0.116328125 0.4826388890625 0.116328125 0.50875 0.173828125 0.50875
1 0.174921875 0.5308333328125 0.174921875 0.504027778125 0.13546875 0.504027778125 0.13546875 0.5308333328125 0.174921875 0.5308333328125
1 0.015312500000000001 0.2023611109375 0.015312500000000001 0.25375000000000003 0.128125 0.25375000000000003 0.128125 0.2023611109375 0.015312500000000001 0.2023611109375
1 0.017578125 0.16305555625 0.017578125 0.2304166671875 0.1078125 0.2304166671875 0.1078125 0.16305555625 0.017578125 0.16305555625
1 0.0803125 0.18236111093750001 0.0803125 0.0861111109375 0.0035937499999999997 0.0861111109375 0.0035937499999999997 0.18236111093750001 0.0803125 0.18236111093750001
1 0.0008593750000000001 0.00125 0.0008593750000000001 0.08305555625 0.036953124999999996 0.08305555625 0.036953124999999996 0.00125 0.0008593750000000001 0.00125