1 0.41484375 0.11520833281250001 0.41484375 0.0019791671875 0.054531249999999996 0.0019791671875 0.054531249999999996 0.11520833281250001 0.41484375 0.11520833281250001
1 0.271953125 0.14750000000000002 0.271953125 0.0378125 0.01640625 0.0378125 0.01640625 0.14750000000000002 0.271953125 0.14750000000000002
1 0.273671875 0.1613541671875 0.273671875 0.0909375 0.0034375000000000005 0.0909375 0.0034375000000000005 0.1613541671875 0.273671875 0.1613541671875
1 0.46421875 0.1647916671875 0.46421875 0.0851041671875 0.34554687500000003 0.0851041671875 0.34554687500000003 0.1647916671875 0.46421875 0.1647916671875
1 0.419140625 0.0228125 0.419140625 0.12677083281249998 0.52140625 0.12677083281249998 0.52140625 0.0228125 0.419140625 0.0228125
1 0.5309375000000001 0.0042708328125 0.5309375000000001 0.1382291671875 0.880859375 0.1382291671875 0.880859375 0.0042708328125 0.5309375000000001 0.0042708328125
1 0.8046093750000001 0.2294791671875 0.8046093750000001 0.1833333328125 0.7162499999999999 0.1833333328125 0.7162499999999999 0.2294791671875 0.8046093750000001 0.2294791671875
1 0.8046093750000001 0.170625 0.8046093750000001 0.230625 0.901640625 0.230625 0.901640625 0.170625 0.8046093750000001 0.170625
1 0.42390625000000004 0.3005208328125 0.42390625000000004 0.2736458328125 0.394296875 0.2736458328125 0.394296875 0.3005208328125 0.42390625000000004 0.3005208328125
1 0.403671875 0.30635416718749997 0.403671875 0.2736458328125 0.36906249999999996 0.2736458328125 0.36906249999999996 0.30635416718749997 0.403671875 0.30635416718749997
1 0.369765625 0.3072916671875 0.369765625 0.2841666671875 0.34382812500000004 0.2841666671875 0.34382812500000004 0.3072916671875 0.369765625 0.3072916671875
1 0.00421875 0.5935416671875 0.00421875 0.6677083328125 0.028046875 0.6677083328125 0.028046875 0.5935416671875 0.00421875 0.5935416671875
1 0.08367187499999999 0.7273958328125001 0.08367187499999999 0.6253124999999999 0.02375 0.6253124999999999 0.02375 0.7273958328125001 0.08367187499999999 0.7273958328125001
1 0.410625 0.8389583328124999 0.410625 0.670625 0.08 0.670625 0.08 0.8389583328124999 0.410625 0.8389583328124999
1 0.40226562499999996 0.95875 0.40226562499999996 0.7421875 0.185703125 0.7421875 0.185703125 0.95875 0.40226562499999996 0.95875
1 0.4615625 0.9940625000000001 0.4615625 0.8627083328125 0.285703125 0.8627083328125 0.285703125 0.9940625000000001 0.4615625 0.9940625000000001