1 0.9978906249999999 0.1909375 0.9978906249999999 0.1188541671875 0.8533593749999999 0.1188541671875 0.8533593749999999 0.1909375 0.9978906249999999 0.1909375
1 0.854453125 0.200625 0.854453125 0.14666666718750002 0.758828125 0.14666666718750002 0.758828125 0.200625 0.854453125 0.200625
1 0.7639843749999999 0.2228125 0.7639843749999999 0.1548958328125 0.682890625 0.1548958328125 0.682890625 0.2228125 0.7639843749999999 0.2228125
1 0.692265625 0.22833333281249998 0.692265625 0.1757291671875 0.6216406250000001 0.1757291671875 0.6216406250000001 0.22833333281249998 0.692265625 0.22833333281249998
1 0.6205468749999999 0.2242708328125 0.6205468749999999 0.1854166671875 0.5540625 0.1854166671875 0.5540625 0.2242708328125 0.6205468749999999 0.2242708328125
1 0.5369531249999999 0.999375 0.5369531249999999 0.8677083328125 0.332265625 0.8677083328125 0.332265625 0.999375 0.5369531249999999 0.999375
1 0.31890625 0.8746875 0.31890625 0.7638541671875 0.2190625 0.7638541671875 0.2190625 0.8746875 0.31890625 0.8746875
1 0.1390625 0.6820833328125 0.1390625 0.8095833328125 0.232578125 0.8095833328125 0.232578125 0.6820833328125 0.1390625 0.6820833328125
1 0.19 0.68625 0.19 0.5989583328125 0.0496875 0.5989583328125 0.0496875 0.68625 0.19 0.68625
1 0.025390625 0.5841666671875 0.025390625 0.6477083328125001 0.06 0.6477083328125001 0.06 0.5841666671875 0.025390625 0.5841666671875
1 0.028984375 0.615 0.028984375 0.5650000000000001 0.0015625 0.5650000000000001 0.0015625 0.615 0.028984375 0.615
1 0.246171875 0.12395833281249999 0.246171875 0.017708332812499998 0.032265625 0.017708332812499998 0.032265625 0.12395833281249999 0.246171875 0.12395833281249999
1 0 0.17250000000000001 0.225390625 0.17250000000000001 0.225390625 0.0835416671875 0 0.0835416671875 0 0.17250000000000001
1 0.05304687500000001 0.4219791671875 0.05304687500000001 0.3838541671875 0.0140625 0.3838541671875 0.0140625 0.4219791671875 0.05304687500000001 0.4219791671875
1 0.791484375 0.06770833281250001 0.791484375 0.0041666671875 0.51171875 0.0041666671875 0.51171875 0.06770833281250001 0.791484375 0.06770833281250001