1 0.9149218749999999 0.9998958328124999 0.9149218749999999 0.8322916671874999 0.34765625 0.8322916671874999 0.34765625 0.9998958328124999 0.9149218749999999 0.9998958328124999
1 0.244375 0.7684375 0.244375 0.9140625 0.359609375 0.9140625 0.359609375 0.7684375 0.244375 0.7684375
1 0.310234375 0.8162499999999999 0.310234375 0.6865625 0.1740625 0.6865625 0.1740625 0.8162499999999999 0.310234375 0.8162499999999999
1 0.11867187500000001 0.6427083328125 0.11867187500000001 0.7464583328125001 0.178515625 0.7464583328125001 0.178515625 0.6427083328125 0.11867187500000001 0.6427083328125
1 0.164375 0.6890625 0.164375 0.6141666671875 0.071875 0.6141666671875 0.071875 0.6890625 0.164375 0.6890625
1 0.052890625000000004 0.5922916671875 0.052890625000000004 0.6452083328125 0.09078125000000001 0.6452083328125 0.09078125000000001 0.5922916671875 0.052890625000000004 0.5922916671875
1 0.05703125 0.6203125 0.05703125 0.5721875 0.029375000000000002 0.5721875 0.029375000000000002 0.6203125 0.05703125 0.6203125
1 0.01015625 0.5553125 0.01015625 0.5979166671875 0.032968750000000005 0.5979166671875 0.032968750000000005 0.5553125 0.01015625 0.5553125
1 0.014374999999999999 0.5754166671875 0.014374999999999999 0.5344791671875 0.0010937499999999999 0.5344791671875 0.0010937499999999999 0.5754166671875 0.014374999999999999 0.5754166671875
1 0.34164062500000003 0.1382291671875 0.34164062500000003 0.0342708328125 0.0653125 0.0342708328125 0.0653125 0.1382291671875 0.34164062500000003 0.1382291671875
1 0.06789062500000001 0.1105208328125 0.06789062500000001 0.0261458328125 0.026328125 0.0261458328125 0.026328125 0.1105208328125 0.06789062500000001 0.1105208328125
1 0.208203125 0.1682291671875 0.208203125 0.0758333328125 0.035859375 0.0758333328125 0.035859375 0.1682291671875 0.208203125 0.1682291671875
1 0.216875 0.18895833281250002 0.216875 0.1266666671875 0.0159375 0.1266666671875 0.0159375 0.18895833281250002 0.216875 0.18895833281250002