1 0.99578125 0.1909375 0.99578125 0.1271875 0.86171875 0.1271875 0.86171875 0.1909375 0.99578125 0.1909375
1 0.617421875 0.2478125 0.617421875 0.213125 0.5540625 0.213125 0.5540625 0.2478125 0.617421875 0.2478125
1 0.5114062500000001 0.2685416671875 0.5114062500000001 0.2325 0.45843749999999994 0.2325 0.45843749999999994 0.2685416671875 0.5114062500000001 0.2685416671875
1 0.46882812500000004 0.2713541671875 0.46882812500000004 0.23395833281249998 0.42312500000000003 0.23395833281249998 0.42312500000000003 0.2713541671875 0.46882812500000004 0.2713541671875
1 0.46703124999999995 0.3275 0.46703124999999995 0.30343749999999997 0.43515625 0.30343749999999997 0.43515625 0.3275 0.46703124999999995 0.3275
1 0.46765625 0.30343749999999997 0.46765625 0.3259375 0.516953125 0.3259375 0.516953125 0.30343749999999997 0.46765625 0.30343749999999997
1 0.42312500000000003 0.3355208328125 0.42312500000000003 0.3090625 0.394296875 0.3090625 0.394296875 0.3355208328125 0.42312500000000003 0.3355208328125
1 0.33523437500000003 0.1383333328125 0.33523437500000003 0.0336458328125 0.052109375 0.0336458328125 0.052109375 0.1383333328125 0.33523437500000003 0.1383333328125
1 0.313984375 0.1716666671875 0.313984375 0.0835416671875 0.0209375 0.0835416671875 0.0209375 0.1716666671875 0.313984375 0.1716666671875
1 0.20671875 0.22156250000000002 0.20671875 0.1084375 0.0034375000000000005 0.1084375 0.0034375000000000005 0.22156250000000002 0.20671875 0.22156250000000002
1 0.179296875 0.0003125 0.179296875 0.071875 0.4525 0.071875 0.4525 0.0003125 0.179296875 0.0003125
1 0.78421875 0.081875 0.78421875 0.0003125 0.5198437499999999 0.0003125 0.5198437499999999 0.081875 0.78421875 0.081875
1 0.608359375 0.1366666671875 0.608359375 0.026979167187500003 0.4175 0.026979167187500003 0.4175 0.1366666671875 0.608359375 0.1366666671875
1 0.066640625 0.5972916671874999 0.066640625 0.5385416671875001 0.0009375 0.5385416671875001 0.0009375 0.5972916671874999 0.066640625 0.5972916671874999
1 0.036328125 0.6222916671875 0.036328125 0.5655208328125 0.009609375 0.5655208328125 0.009609375 0.6222916671875 0.036328125 0.6222916671875
1 0.071640625 0.6617708328125 0.071640625 0.5818749999999999 0.031953125 0.5818749999999999 0.031953125 0.6617708328125 0.071640625 0.6617708328125
1 0.11351562500000001 0.6819791671875 0.11351562500000001 0.6088541671875001 0.0615625 0.6088541671875001 0.0615625 0.6819791671875 0.11351562500000001 0.6819791671875
1 0.21749999999999997 0.7598958328125 0.21749999999999997 0.6415625 0.09984375 0.6415625 0.09984375 0.7598958328125 0.21749999999999997 0.7598958328125
1 0.22757812500000002 0.8070833328125 0.22757812500000002 0.6675 0.143125 0.6675 0.143125 0.8070833328125 0.22757812500000002 0.8070833328125
1 0.3875 0.9136458328125 0.3875 0.7307291671875 0.22414062499999998 0.7307291671875 0.22414062499999998 0.9136458328125 0.3875 0.9136458328125
1 0.573359375 0.9984375 0.573359375 0.8487500000000001 0.356328125 0.8487500000000001 0.356328125 0.9984375 0.573359375 0.9984375
0 0.21414062500000003 0.3 0.21414062500000003 0.49625 0.31890625 0.49625 0.31890625 0.3 0.21414062500000003 0.3