1 0.2484375 0.70375 0.2484375 0.6011458328125 0.11859375000000001 0.6011458328125 0.11859375000000001 0.70375 0.2484375 0.70375
1 0.2765625 0.7397916671875 0.2765625 0.6261458328125 0.16015625 0.6261458328125 0.16015625 0.7397916671875 0.2765625 0.7397916671875
1 0.49171875 0.8284375 0.49171875 0.6621875 0.220390625 0.6621875 0.220390625 0.8284375 0.49171875 0.8284375
1 0.549921875 0.9295833328124999 0.549921875 0.7272916671874999 0.310859375 0.7272916671874999 0.310859375 0.9295833328124999 0.549921875 0.9295833328124999
1 0.694375 0.9978125 0.694375 0.8501041671875 0.450390625 0.8501041671875 0.450390625 0.9978125 0.694375 0.9978125
1 0.43695312499999994 0.1177083328125 0.43695312499999994 0.02 0.10015624999999999 0.02 0.10015624999999999 0.1177083328125 0.43695312499999994 0.1177083328125
1 0.14359375000000002 0.0019791671875 0.14359375000000002 0.061875 0.47289062499999995 0.061875 0.47289062499999995 0.0019791671875 0.14359375000000002 0.0019791671875
1 0.22742187500000002 0.2214583328125 0.22742187500000002 0.1636458328125 0.12562500000000001 0.1636458328125 0.12562500000000001 0.2214583328125 0.22742187500000002 0.2214583328125
1 0.11515625 0.22552083281250002 0.11515625 0.1716666671875 0.002890625 0.1716666671875 0.002890625 0.22552083281250002 0.11515625 0.22552083281250002
1 0.118125 0.5667708328125001 0.118125 0.5128125 0.00140625 0.5128125 0.00140625 0.5667708328125001 0.118125 0.5667708328125001
1 0.43093750000000003 0.23343750000000002 0.43093750000000003 0.2015625 0.308203125 0.2015625 0.308203125 0.23343750000000002 0.43093750000000003 0.23343750000000002