1 0.67671875 0.16325 0.67671875 0.09812499999999999 0.5684375 0.09812499999999999 0.5684375 0.16325 0.67671875 0.16325
1 0.572734375 0.174375 0.572734375 0.10500000000000001 0.47664062500000004 0.10500000000000001 0.47664062500000004 0.174375 0.572734375 0.174375
1 0.484375 0.16325 0.484375 0.113375 0.394296875 0.113375 0.394296875 0.16325 0.484375 0.16325
1 0.392578125 0.173 0.392578125 0.123 0.31640625 0.123 0.31640625 0.173 0.392578125 0.173
1 0.31640625 0.17575000000000002 0.31640625 0.11750000000000001 0.248828125 0.11750000000000001 0.248828125 0.17575000000000002 0.31640625 0.17575000000000002
1 0.256640625 0.174375 0.256640625 0.141125 0.19515625 0.141125 0.19515625 0.174375 0.256640625 0.174375
1 0.19515625 0.185375 0.19515625 0.13974999999999999 0.131015625 0.13974999999999999 0.131015625 0.185375 0.19515625 0.185375
1 0.13015625 0.18825 0.13015625 0.152125 0.078203125 0.152125 0.078203125 0.18825 0.13015625 0.18825
1 0.079921875 0.18675 0.079921875 0.1605 0.026250000000000002 0.1605 0.026250000000000002 0.18675 0.079921875 0.18675
1 0.033125 0.195125 0.033125 0.146625 0.0036718750000000002 0.146625 0.0036718750000000002 0.195125 0.033125 0.195125
1 0.123203125 0.24362499999999998 0.123203125 0.21037499999999998 0.074765625 0.21037499999999998 0.074765625 0.24362499999999998 0.123203125 0.24362499999999998
1 0.717421875 0.537375 0.717421875 0.480625 0.5459375 0.480625 0.5459375 0.537375 0.717421875 0.537375
1 0.569296875 0.37112500000000004 0.569296875 0.3365 0.5034375 0.3365 0.5034375 0.37112500000000004 0.569296875 0.37112500000000004
1 0.5216406250000001 0.5235000000000001 0.5216406250000001 0.46125 0.38828125 0.46125 0.38828125 0.5235000000000001 0.5216406250000001 0.5235000000000001
1 0.451484375 0.77575 0.451484375 0.605375 0.031406250000000004 0.605375 0.031406250000000004 0.77575 0.451484375 0.77575
1 0.7725 0.170625 0.7725 0.14075 0.738203125 0.14075 0.738203125 0.170625 0.7725 0.170625
1 0.76953125 0.278375 0.76953125 0.246625 0.738203125 0.246625 0.738203125 0.278375 0.76953125 0.278375
1 0.070859375 0.002125 0.070859375 0.072375 0.2921875 0.072375 0.2921875 0.002125 0.070859375 0.002125
1 0.25328125 0.003 0.25328125 0.058499999999999996 0.4984375 0.058499999999999996 0.4984375 0.003 0.25328125 0.003
0 0.7366406249999999 0.09175 0.7366406249999999 0.488125 0.859609375 0.488125 0.859609375 0.09175 0.7366406249999999 0.09175