1 0.9727343749999999 0.83375 0.9727343749999999 0.5163888890624999 0.65734375 0.5163888890624999 0.65734375 0.83375 0.9727343749999999 0.83375
1 0.9985156249999999 0.8995833328125 0.9985156249999999 0.65805555625 0.859375 0.65805555625 0.859375 0.8995833328125 0.9985156249999999 0.8995833328125
1 0.829140625 0.71375 0.829140625 0.5058333328125 0.532109375 0.5058333328125 0.532109375 0.71375 0.829140625 0.71375
1 0.536015625 0.659722221875 0.536015625 0.5433333328125001 0.46898437499999995 0.5433333328125001 0.46898437499999995 0.659722221875 0.536015625 0.659722221875
1 0.43 0.5197222218750001 0.43 0.60430555625 0.48453125 0.60430555625 0.48453125 0.5197222218750001 0.43 0.5197222218750001
1 0.46484375 0.5700000000000001 0.46484375 0.5113888890625 0.40031249999999996 0.5113888890625 0.40031249999999996 0.5700000000000001 0.46484375 0.5700000000000001
1 0.43460937499999996 0.55319444375 0.43460937499999996 0.4986111109375 0.385390625 0.4986111109375 0.385390625 0.55319444375 0.43460937499999996 0.55319444375
1 0.370078125 0.49458333281250005 0.370078125 0.53944444375 0.385390625 0.53944444375 0.385390625 0.49458333281250005 0.370078125 0.49458333281250005
1 0.37507812500000004 0.5211111109375001 0.37507812500000004 0.48250000000000004 0.358359375 0.48250000000000004 0.358359375 0.5211111109375001 0.37507812500000004 0.5211111109375001
1 0.350703125 0.48333333281249996 0.350703125 0.5138888890625 0.3596875 0.5138888890625 0.3596875 0.48333333281249996 0.350703125 0.48333333281249996
1 0.355234375 0.5113888890625 0.355234375 0.47291666718750003 0.33984375 0.47291666718750003 0.33984375 0.5113888890625 0.355234375 0.5113888890625
1 0.090078125 0.6926388890624999 0.090078125 0.59069444375 0.049453125 0.59069444375 0.049453125 0.6926388890624999 0.090078125 0.6926388890624999
1 0.05437499999999999 0.717777778125 0.05437499999999999 0.62625 0.027265624999999998 0.62625 0.027265624999999998 0.717777778125 0.05437499999999999 0.717777778125
1 0.140390625 0.6176388890625 0.140390625 0.5522222218749999 0.074375 0.5522222218749999 0.074375 0.6176388890625 0.140390625 0.6176388890625
1 0.154453125 0.57819444375 0.154453125 0.53680555625 0.134453125 0.53680555625 0.134453125 0.57819444375 0.154453125 0.57819444375
1 0.1715625 0.561527778125 0.1715625 0.5276388890625 0.142734375 0.5276388890625 0.142734375 0.561527778125 0.1715625 0.561527778125
1 0.178125 0.5426388890625 0.178125 0.5147222218749999 0.16593750000000002 0.5147222218749999 0.16593750000000002 0.5426388890625 0.178125 0.5426388890625
1 0.184140625 0.53930555625 0.184140625 0.5086111109375 0.17281249999999998 0.5086111109375 0.17281249999999998 0.53930555625 0.184140625 0.53930555625
1 0.191015625 0.5287499999999999 0.191015625 0.50305555625 0.18 0.50305555625 0.18 0.5287499999999999 0.191015625 0.5287499999999999
1 0.151953125 0.270277778125 0.151953125 0.1808333328125 0.043125000000000004 0.1808333328125 0.043125000000000004 0.270277778125 0.151953125 0.270277778125
1 0.085234375 0.14208333281250002 0.085234375 0.0448611109375 0.0240625 0.0448611109375 0.0240625 0.14208333281250002 0.085234375 0.14208333281250002
1 0.13609374999999999 0.0616666671875 0.13609374999999999 0.1079166671875 0.1853125 0.1079166671875 0.1853125 0.0616666671875 0.13609374999999999 0.0616666671875
1 0.180234375 0.3016666671875 0.180234375 0.261527778125 0.08 0.261527778125 0.08 0.3016666671875 0.180234375 0.3016666671875
1 0.12250000000000001 0.35055555625 0.12250000000000001 0.3186111109375 0.082578125 0.3186111109375 0.082578125 0.35055555625 0.12250000000000001 0.35055555625
1 0.55125 0.1316666671875 0.55125 0.053055556250000004 0.3884375 0.053055556250000004 0.3884375 0.1316666671875 0.55125 0.1316666671875
1 0.49664062500000006 0.16444444375 0.49664062500000006 0.11069444375 0.373984375 0.11069444375 0.373984375 0.16444444375 0.49664062500000006 0.16444444375
1 0.49664062500000006 0.20625 0.49664062500000006 0.1436111109375 0.360859375 0.1436111109375 0.360859375 0.20625 0.49664062500000006 0.20625
1 0.425390625 0.2670833328125 0.425390625 0.22138888906249998 0.32882812499999997 0.22138888906249998 0.32882812499999997 0.2670833328125 0.425390625 0.2670833328125
1 0.36539062499999997 0.1011111109375 0.36539062499999997 0.0666666671875 0.319375 0.0666666671875 0.319375 0.1011111109375 0.36539062499999997 0.1011111109375
1 0.557109375 0.22138888906249998 0.557109375 0.1748611109375 0.45289062500000005 0.1748611109375 0.45289062500000005 0.22138888906249998 0.557109375 0.22138888906249998