1 0.7359375 0.2478125 0.7359375 0.200625 0.62578125 0.200625 0.62578125 0.2478125 0.7359375 0.2478125
1 0.6216406250000001 0.2533333328125 0.6216406250000001 0.2117708328125 0.5634375 0.2117708328125 0.5634375 0.2533333328125 0.6216406250000001 0.2533333328125
1 0.56546875 0.2630208328125 0.56546875 0.2311458328125 0.52078125 0.2311458328125 0.52078125 0.2630208328125 0.56546875 0.2630208328125
1 0.48234374999999996 0.2838541671875 0.48234374999999996 0.24635416718749997 0.441796875 0.24635416718749997 0.441796875 0.2838541671875 0.48234374999999996 0.2838541671875
1 0.44078125 0.2920833328125 0.44078125 0.25614583281250003 0.405390625 0.25614583281250003 0.405390625 0.2920833328125 0.44078125 0.2920833328125
1 0.40750000000000003 0.29625 0.40750000000000003 0.2616666671875 0.381484375 0.2616666671875 0.381484375 0.29625 0.40750000000000003 0.29625
1 0.555078125 0.0939583328125 0.555078125 0.1452083328125 0.623671875 0.1452083328125 0.623671875 0.0939583328125 0.555078125 0.0939583328125
1 0.6205468749999999 0.328125 0.6205468749999999 0.2880208328125 0.5758593750000001 0.2880208328125 0.5758593750000001 0.328125 0.6205468749999999 0.328125
1 0.683984375 0.3115625 0.683984375 0.2865625 0.6350781249999999 0.2865625 0.6350781249999999 0.3115625 0.683984375 0.3115625
1 0.66734375 0.2727083328125 0.66734375 0.3032291671875 0.7328125 0.3032291671875 0.7328125 0.2727083328125 0.66734375 0.2727083328125
1 0.979140625 0.2880208328125 0.979140625 0.2519791671875 0.925078125 0.2519791671875 0.925078125 0.2880208328125 0.979140625 0.2880208328125
1 0.9292187500000001 0.29072916718749997 0.9292187500000001 0.2519791671875 0.85859375 0.2519791671875 0.85859375 0.29072916718749997 0.9292187500000001 0.29072916718749997
1 0.754609375 0.5679166671875 0.754609375 0.5125 0.67671875 0.5125 0.67671875 0.5679166671875 0.754609375 0.5679166671875
1 0.6216406250000001 0.5069791671874999 0.6216406250000001 0.5457291671875 0.688125 0.5457291671875 0.688125 0.5069791671874999 0.6216406250000001 0.5069791671874999
1 0.6246875000000001 0.5402083328125 0.6246875000000001 0.49447916718749996 0.5634375 0.49447916718749996 0.5634375 0.5402083328125 0.6246875000000001 0.5402083328125
1 0.5717187499999999 0.5180208328125 0.5717187499999999 0.4875 0.518671875 0.4875 0.518671875 0.5180208328125 0.5717187499999999 0.5180208328125
1 0.25398437500000004 0.16593750000000002 0.25398437500000004 0.060625 0.056484374999999996 0.060625 0.056484374999999996 0.16593750000000002 0.25398437500000004 0.16593750000000002
1 0.26125 0.17010416718750002 0.26125 0.099375 0.0315625 0.099375 0.0315625 0.17010416718750002 0.26125 0.17010416718750002
1 0.142734375 0.2130208328125 0.142734375 0.1604166671875 0.0034375000000000005 0.1604166671875 0.0034375000000000005 0.2130208328125 0.142734375 0.2130208328125
1 0.573203125 0.0657291671875 0.573203125 0.0069791671875 0.44046874999999996 0.0069791671875 0.44046874999999996 0.0657291671875 0.573203125 0.0657291671875
1 0.479375 0.00125 0.479375 0.0330208328125 0.625234375 0.0330208328125 0.625234375 0.00125 0.479375 0.00125
1 0.54078125 0.08395833281250001 0.54078125 0.028125 0.409375 0.028125 0.409375 0.08395833281250001 0.54078125 0.08395833281250001
1 0.433203125 0.0907291671875 0.433203125 0.046458332812499996 0.379765625 0.046458332812499996 0.379765625 0.0907291671875 0.433203125 0.0907291671875
1 0.049765625 0.5815625 0.049765625 0.6278125 0.07570312500000001 0.6278125 0.07570312500000001 0.5815625 0.049765625 0.5815625
1 0.055546874999999996 0.5989583328125 0.055546874999999996 0.5613541671875 0.031718750000000004 0.5613541671875 0.031718750000000004 0.5989583328125 0.055546874999999996 0.5989583328125
1 0.017265625 0.5411458328125 0.017265625 0.5864583328124999 0.032421875 0.5864583328124999 0.032421875 0.5411458328125 0.017265625 0.5411458328125
1 0.021562500000000002 0.568125 0.021562500000000002 0.530625 0.00140625 0.530625 0.00140625 0.568125 0.021562500000000002 0.568125
0 0.053593749999999996 0.2284375 0.053593749999999996 0.7307291671875 0.438984375 0.7307291671875 0.438984375 0.2284375 0.053593749999999996 0.2284375