1 0.5560937499999999 0.6066666671875 0.5560937499999999 0.5346875 0.33890625 0.5346875 0.33890625 0.6066666671875 0.5560937499999999 0.6066666671875
1 0.363828125 0.16875 0.363828125 0.09812499999999999 0.22351562500000002 0.09812499999999999 0.22351562500000002 0.16875 0.363828125 0.16875
1 0.47710937500000006 0.16875 0.47710937500000006 0.10645833281249999 0.3471875 0.10645833281249999 0.3471875 0.16875 0.47710937500000006 0.16875
1 0.594609375 0.2034375 0.594609375 0.1355208328125 0.475078125 0.1355208328125 0.475078125 0.2034375 0.594609375 0.2034375
1 0.688125 0.2214583328125 0.688125 0.1507291671875 0.58109375 0.1507291671875 0.58109375 0.2214583328125 0.688125 0.2214583328125
1 0.7681250000000001 0.2242708328125 0.7681250000000001 0.1770833328125 0.693359375 0.1770833328125 0.693359375 0.2242708328125 0.7681250000000001 0.2242708328125
1 0.8482031250000001 0.2297916671875 0.8482031250000001 0.1923958328125 0.7692187500000001 0.1923958328125 0.7692187500000001 0.2297916671875 0.8482031250000001 0.2297916671875
1 0.8482031250000001 0.1951041671875 0.8482031250000001 0.2297916671875 0.931328125 0.2297916671875 0.931328125 0.1951041671875 0.8482031250000001 0.1951041671875
1 0.15 0.2660416671875 0.15 0.2160416671875 0.045390625000000004 0.2160416671875 0.045390625000000004 0.2660416671875 0.15 0.2660416671875
1 0.22796875 0.263125 0.22796875 0.22562500000000002 0.1521875 0.22562500000000002 0.1521875 0.263125 0.22796875 0.263125
1 0.30085937500000004 0.2689583328125 0.30085937500000004 0.2246875 0.22000000000000003 0.2246875 0.22000000000000003 0.2689583328125 0.30085937500000004 0.2689583328125
1 0.38171875 0.284375 0.38171875 0.238125 0.29507812499999997 0.238125 0.29507812499999997 0.284375 0.38171875 0.284375
1 0.451953125 0.2813541671875 0.451953125 0.2429166671875 0.36531250000000004 0.2429166671875 0.36531250000000004 0.2813541671875 0.451953125 0.2813541671875
1 0.512578125 0.2833333328125 0.512578125 0.24093749999999997 0.44039062500000004 0.24093749999999997 0.44039062500000004 0.2833333328125 0.512578125 0.2833333328125
1 0.5003124999999999 0.254375 0.5003124999999999 0.2852083328125 0.5919531250000001 0.2852083328125 0.5919531250000001 0.254375 0.5003124999999999 0.254375
1 0.10101562500000001 0.3027083328125 0.10101562500000001 0.28072916718749996 0.017812500000000002 0.28072916718749996 0.017812500000000002 0.3027083328125 0.10101562500000001 0.3027083328125
1 0.17546875 0.3038541671875 0.17546875 0.2738541671875 0.09148437499999999 0.2738541671875 0.09148437499999999 0.3038541671875 0.17546875 0.3038541671875
1 0.171171875 0.27958333281250003 0.171171875 0.305 0.2265625 0.305 0.2265625 0.27958333281250003 0.171171875 0.27958333281250003
1 0.30109375 0.3095833328125 0.30109375 0.27958333281250003 0.23093750000000002 0.27958333281250003 0.23093750000000002 0.3095833328125 0.30109375 0.3095833328125
1 0.37296874999999996 0.31656249999999997 0.37296874999999996 0.2761458328125 0.29757812499999997 0.2761458328125 0.29757812499999997 0.31656249999999997 0.37296874999999996 0.31656249999999997