1 0.8158593749999999 0.23125 0.8158593749999999 0.020555556250000002 0.51953125 0.020555556250000002 0.51953125 0.23125 0.8158593749999999 0.23125
1 0.946484375 0.1451388890625 0.946484375 0.0086111109375 0.640703125 0.0086111109375 0.640703125 0.1451388890625 0.946484375 0.1451388890625
1 0.70015625 0.24874999999999997 0.70015625 0.12944444375 0.474140625 0.12944444375 0.474140625 0.24874999999999997 0.70015625 0.24874999999999997
1 0.697890625 0.29305555625 0.697890625 0.1945833328125 0.42890625 0.1945833328125 0.42890625 0.29305555625 0.697890625 0.29305555625
1 0.4265625 0.302777778125 0.4265625 0.233472221875 0.403984375 0.233472221875 0.403984375 0.302777778125 0.4265625 0.302777778125
1 0.403125 0.32458333281249996 0.403125 0.27 0.38328125 0.27 0.38328125 0.32458333281249996 0.403125 0.32458333281249996
1 0.38421875 0.3373611109375 0.38421875 0.28611111093749997 0.36703125000000003 0.28611111093749997 0.36703125000000003 0.3373611109375 0.38421875 0.3373611109375
1 0.40812499999999996 0.22513888906249999 0.40812499999999996 0.18430555625 0.348984375 0.18430555625 0.348984375 0.22513888906249999 0.40812499999999996 0.22513888906249999
1 0.40859375 0.2508333328125 0.40859375 0.20513888906250002 0.3359375 0.20513888906250002 0.3359375 0.2508333328125 0.40859375 0.2508333328125
1 0.577109375 0.12250000000000001 0.577109375 0.0376388890625 0.37507812500000004 0.0376388890625 0.37507812500000004 0.12250000000000001 0.577109375 0.12250000000000001
1 0.410625 0.004444443750000001 0.410625 0.05597222187499999 0.5640625 0.05597222187499999 0.5640625 0.004444443750000001 0.410625 0.004444443750000001
1 0.05796875 0.7566666671875 0.05796875 0.6347222218749999 0.00203125 0.6347222218749999 0.00203125 0.7566666671875 0.05796875 0.7566666671875
1 0.0984375 0.664027778125 0.0984375 0.588472221875 0.048046875 0.588472221875 0.048046875 0.664027778125 0.0984375 0.664027778125
1 0.12437499999999999 0.6283333328125 0.12437499999999999 0.5725 0.088671875 0.5725 0.088671875 0.6283333328125 0.12437499999999999 0.6283333328125
1 0.142265625 0.60625 0.142265625 0.54555555625 0.108671875 0.54555555625 0.108671875 0.60625 0.142265625 0.60625
1 0.15203125 0.5783333328125 0.15203125 0.535972221875 0.13468750000000002 0.535972221875 0.13468750000000002 0.5783333328125 0.15203125 0.5783333328125
1 0.16390625 0.5648611109375 0.16390625 0.5301388890625 0.14171875 0.5301388890625 0.14171875 0.5648611109375 0.16390625 0.5648611109375
1 0.23625 0.4933333328125 0.23625 0.47222222187499996 0.20773437499999997 0.47222222187499996 0.20773437499999997 0.4933333328125 0.23625 0.4933333328125
1 0.23374999999999999 0.46166666718749994 0.23374999999999999 0.48388888906250005 0.26382812499999997 0.48388888906250005 0.26382812499999997 0.46166666718749994 0.23374999999999999 0.46166666718749994
1 0.30578125 0.47888888906249993 0.30578125 0.4611111109375 0.269140625 0.4611111109375 0.269140625 0.47888888906249993 0.30578125 0.47888888906249993
1 0.3465625 0.504027778125 0.3465625 0.47222222187499996 0.331484375 0.47222222187499996 0.331484375 0.504027778125 0.3465625 0.504027778125
1 0.3525 0.502222221875 0.3525 0.47222222187499996 0.342734375 0.47222222187499996 0.342734375 0.502222221875 0.3525 0.502222221875
1 0.3590625 0.5101388890624999 0.3590625 0.477777778125 0.34875 0.477777778125 0.34875 0.5101388890624999 0.3590625 0.5101388890624999
1 0.371875 0.51625 0.371875 0.48388888906250005 0.3590625 0.48388888906250005 0.3590625 0.51625 0.371875 0.51625
1 0.18234375 0.5383333328125001 0.18234375 0.5141666671875 0.158671875 0.5141666671875 0.158671875 0.5383333328125001 0.18234375 0.5383333328125001
1 0.18953124999999998 0.5288888890625 0.18953124999999998 0.503472221875 0.178203125 0.503472221875 0.178203125 0.5288888890625 0.18953124999999998 0.5288888890625
1 0.1940625 0.522222221875 0.1940625 0.49944444375 0.180859375 0.49944444375 0.180859375 0.522222221875 0.1940625 0.522222221875
1 0.36148437499999997 0.35680555625 0.36148437499999997 0.3201388890625 0.3434375 0.3201388890625 0.3434375 0.35680555625 0.36148437499999997 0.35680555625
1 0.178125 0.300972221875 0.178125 0.2336111109375 0.092421875 0.2336111109375 0.092421875 0.300972221875 0.178125 0.300972221875
1 0.15914062499999998 0.289027778125 0.15914062499999998 0.2 0.031093749999999996 0.2 0.031093749999999996 0.289027778125 0.15914062499999998 0.289027778125
1 0.1303125 0.2601388890625 0.1303125 0.16472222187500002 0.036484375 0.16472222187500002 0.036484375 0.2601388890625 0.1303125 0.2601388890625
1 0.12265625 0.22722222187500002 0.12265625 0.11333333281249999 0.0021874999999999998 0.11333333281249999 0.0021874999999999998 0.22722222187500002 0.12265625 0.22722222187500002
1 0.196171875 0.3498611109375 0.196171875 0.3170833328125 0.143828125 0.3170833328125 0.143828125 0.3498611109375 0.196171875 0.3498611109375
1 0.15734375 0.38847222187499997 0.15734375 0.3611111109375 0.11046875 0.3611111109375 0.11046875 0.38847222187499997 0.15734375 0.38847222187499997
1 0.12351562499999999 0.37805555625 0.12351562499999999 0.365972221875 0.09515625 0.365972221875 0.09515625 0.37805555625 0.12351562499999999 0.37805555625
1 0.12125 0.3908333328125 0.12125 0.37555555625000003 0.095546875 0.37555555625000003 0.095546875 0.3908333328125 0.12125 0.3908333328125
1 0.12421875 0.004027778125 0.12421875 0.027638889062499998 0.17640625000000001 0.027638889062499998 0.17640625000000001 0.004027778125 0.12421875 0.004027778125
1 0.649921875 0.7122222218750001 0.649921875 0.5861111109375 0.54359375 0.5861111109375 0.54359375 0.7122222218750001 0.649921875 0.7122222218750001
1 0.48492187500000006 0.5466666671875 0.48492187500000006 0.6204166671875 0.558984375 0.6204166671875 0.558984375 0.5466666671875 0.48492187500000006 0.5466666671875
1 0.424453125 0.54680555625 0.424453125 0.49277777812499995 0.38390625 0.49277777812499995 0.38390625 0.54680555625 0.424453125 0.54680555625
1 0.500390625 0.600972221875 0.500390625 0.5318055562499999 0.4359375 0.5318055562499999 0.4359375 0.600972221875 0.500390625 0.600972221875
1 0.41156249999999994 0.49611111093750004 0.41156249999999994 0.5779166671875 0.44625000000000004 0.5779166671875 0.44625000000000004 0.49611111093750004 0.41156249999999994 0.49611111093750004
1 0.3975 0.5288888890625 0.3975 0.49138888906249995 0.36234375 0.49138888906249995 0.36234375 0.5288888890625 0.3975 0.5288888890625
1 0.8978125 0.8576388890625 0.8978125 0.6391666671875 0.66671875 0.6391666671875 0.66671875 0.8576388890625 0.8978125 0.8576388890625
1 0.9900781249999999 0.9125 0.9900781249999999 0.7088888890625 0.881171875 0.7088888890625 0.881171875 0.9125 0.9900781249999999 0.9125