1 0.188671875 0.10124999999999999 0.188671875 0.0473611109375 0.11937500000000001 0.0473611109375 0.11937500000000001 0.10124999999999999 0.188671875 0.10124999999999999
1 0.082578125 0.22541666718750003 0.082578125 0.27638888906250003 0.173515625 0.27638888906250003 0.173515625 0.22541666718750003 0.082578125 0.22541666718750003
1 0.184375 0.298472221875 0.184375 0.2416666671875 0.082578125 0.2416666671875 0.082578125 0.298472221875 0.184375 0.298472221875
1 0.188671875 0.3158333328125 0.188671875 0.2773611109375 0.10210937499999999 0.2773611109375 0.10210937499999999 0.3158333328125 0.188671875 0.3158333328125
1 0.00609375 0.15 0.00609375 0.22208333281249998 0.133125 0.22208333281249998 0.133125 0.15 0.00609375 0.15
1 0.12140625000000001 0.1861111109375 0.12140625000000001 0.1070833328125 0.0084375 0.1070833328125 0.0084375 0.1861111109375 0.12140625000000001 0.1861111109375
1 0.093359375 0.15 0.093359375 0.0391666671875 0.00453125 0.0391666671875 0.00453125 0.15 0.093359375 0.15
1 0.00140625 0.00041666718749999997 0.00140625 0.062777778125 0.05046874999999999 0.062777778125 0.05046874999999999 0.00041666718749999997 0.00140625 0.00041666718749999997
1 0.422734375 0.0045833328125 0.422734375 0.045 0.5838281249999999 0.045 0.5838281249999999 0.0045833328125 0.422734375 0.0045833328125
1 0.5055468750000001 0.16194444375 0.5055468750000001 0.0801388890625 0.38234375 0.0801388890625 0.38234375 0.16194444375 0.5055468750000001 0.16194444375
1 0.373359375 0.2413888890625 0.373359375 0.20444444375 0.345390625 0.20444444375 0.345390625 0.2413888890625 0.373359375 0.2413888890625
1 0.35484375 0.25347222187499996 0.35484375 0.225277778125 0.341328125 0.225277778125 0.341328125 0.25347222187499996 0.35484375 0.25347222187499996
1 0.97625 0.26694444375000004 0.97625 0.135277778125 0.745 0.135277778125 0.745 0.26694444375000004 0.97625 0.26694444375000004
1 0.991953125 0.2888888890625 0.991953125 0.20513888906250002 0.74390625 0.20513888906250002 0.74390625 0.2888888890625 0.991953125 0.2888888890625
1 0.9852343749999999 0.3448611109375 0.9852343749999999 0.250972221875 0.73609375 0.250972221875 0.73609375 0.3448611109375 0.9852343749999999 0.3448611109375
1 0.9818749999999999 0.382777778125 0.9818749999999999 0.30694444375 0.739453125 0.30694444375 0.739453125 0.382777778125 0.9818749999999999 0.382777778125
1 0.9818749999999999 0.43861111093750005 0.9818749999999999 0.3608333328125 0.750625 0.3608333328125 0.750625 0.43861111093750005 0.9818749999999999 0.43861111093750005
1 0.978515625 0.50444444375 0.978515625 0.4086111109375 0.757421875 0.4086111109375 0.757421875 0.50444444375 0.978515625 0.50444444375
1 0.978515625 0.55430555625 0.978515625 0.46055555625 0.84828125 0.46055555625 0.84828125 0.55430555625 0.978515625 0.55430555625
1 0.84765625 0.050138889062500004 0.84765625 0.0126388890625 0.80921875 0.0126388890625 0.80921875 0.050138889062500004 0.84765625 0.050138889062500004
1 0.84984375 0.07805555625 0.84984375 0.034722221875 0.8103125 0.034722221875 0.8103125 0.07805555625 0.84984375 0.07805555625
1 0.860703125 0.093472221875 0.860703125 0.05500000000000001 0.8081250000000001 0.05500000000000001 0.8081250000000001 0.093472221875 0.860703125 0.093472221875
1 0.862265625 0.1213888890625 0.862265625 0.091527778125 0.8103125 0.091527778125 0.8103125 0.1213888890625 0.862265625 0.1213888890625
1 0.8671875 0.15125 0.8671875 0.1108333328125 0.8228125000000001 0.1108333328125 0.8228125000000001 0.15125 0.8671875 0.15125
1 0.8633593749999999 0.16375 0.8633593749999999 0.139722221875 0.8184374999999999 0.139722221875 0.8184374999999999 0.16375 0.8633593749999999 0.16375
1 0.816796875 0.18194444375000002 0.816796875 0.143472221875 0.773515625 0.143472221875 0.773515625 0.18194444375000002 0.816796875 0.18194444375000002
1 0.773515625 0.1270833328125 0.773515625 0.16375 0.818984375 0.16375 0.818984375 0.1270833328125 0.773515625 0.1270833328125
1 0.8125 0.14250000000000002 0.8125 0.11180555625 0.7713281249999999 0.11180555625 0.7713281249999999 0.14250000000000002 0.8125 0.14250000000000002
1 0.77078125 0.0848611109375 0.77078125 0.1213888890625 0.8146875 0.1213888890625 0.8146875 0.0848611109375 0.77078125 0.0848611109375
1 0.8081250000000001 0.1145833328125 0.8081250000000001 0.072222221875 0.770234375 0.072222221875 0.770234375 0.1145833328125 0.8081250000000001 0.1145833328125
1 0.7670312499999999 0.045277778125 0.7670312499999999 0.0876388890625 0.80921875 0.0876388890625 0.80921875 0.045277778125 0.7670312499999999 0.045277778125
1 0.8086718749999999 0.0645833328125 0.8086718749999999 0.03180555625 0.76484375 0.03180555625 0.76484375 0.0645833328125 0.8086718749999999 0.0645833328125
1 0.755625 0.0001388890625 0.755625 0.01930555625 0.800546875 0.01930555625 0.800546875 0.0001388890625 0.755625 0.0001388890625
1 0.91046875 0.023194443749999998 0.91046875 0.0011111109375000002 0.859609375 0.0011111109375000002 0.859609375 0.023194443749999998 0.91046875 0.023194443749999998
1 0.9175000000000001 0.03569444375 0.9175000000000001 0.004027778125 0.8660937499999999 0.004027778125 0.8660937499999999 0.03569444375 0.9175000000000001 0.03569444375
1 0.916953125 0.05694444375 0.916953125 0.025138889062500003 0.8612500000000001 0.025138889062500003 0.8612500000000001 0.05694444375 0.916953125 0.05694444375
1 0.9180468749999999 0.0751388890625 0.9180468749999999 0.0395833328125 0.87203125 0.0395833328125 0.87203125 0.0751388890625 0.9180468749999999 0.0751388890625
1 0.921875 0.09444444375 0.921875 0.0616666671875 0.878515625 0.0616666671875 0.878515625 0.09444444375 0.921875 0.09444444375
1 0.925078125 0.11944444375 0.925078125 0.08194444375 0.8807031249999999 0.08194444375 0.8807031249999999 0.11944444375 0.925078125 0.11944444375
1 0.92890625 0.14055555625 0.92890625 0.105972221875 0.8758593749999999 0.105972221875 0.8758593749999999 0.14055555625 0.92890625 0.14055555625
1 0.9813281249999999 0.12194444374999999 0.9813281249999999 0.0851388890625 0.9263281250000001 0.0851388890625 0.9263281250000001 0.12194444374999999 0.9813281249999999 0.12194444374999999
1 0.9271874999999999 0.06819444375 0.9271874999999999 0.10916666718750001 0.9764062499999999 0.10916666718750001 0.9764062499999999 0.06819444375 0.9271874999999999 0.06819444375
1 0.977265625 0.07861111093749999 0.977265625 0.0513888890625 0.9199999999999999 0.0513888890625 0.9199999999999999 0.07861111093749999 0.977265625 0.07861111093749999
1 0.9199999999999999 0.025 0.9199999999999999 0.065 0.9727343749999999 0.065 0.9727343749999999 0.025 0.9199999999999999 0.025
1 0.97046875 0.03694444375 0.97046875 0.00805555625 0.9145312499999999 0.00805555625 0.9145312499999999 0.03694444375 0.97046875 0.03694444375
1 0.9141406249999999 0.0033333328125 0.9141406249999999 0.017777778124999997 0.9637499999999999 0.017777778124999997 0.9637499999999999 0.0033333328125 0.9141406249999999 0.0033333328125
1 0.9990625 0.0166666671875 0.9990625 0.002777778125 0.97046875 0.002777778125 0.97046875 0.0166666671875 0.9990625 0.0166666671875
1 0.9996875 0.049027778125 0.9996875 0.0166666671875 0.9757031250000001 0.0166666671875 0.9757031250000001 0.049027778125 0.9996875 0.049027778125
1 0.997109375 0.0686111109375 0.997109375 0.039722221875000005 0.97828125 0.039722221875000005 0.97828125 0.0686111109375 0.997109375 0.0686111109375
1 0.9984375 0.08944444375 0.9984375 0.0686111109375 0.984765625 0.0686111109375 0.984765625 0.08944444375 0.9984375 0.08944444375
1 0.996484375 0.115972221875 0.996484375 0.08944444375 0.9834375 0.08944444375 0.9834375 0.115972221875 0.996484375 0.115972221875
1 0.644921875 0.03944444375 0.644921875 0.0041666671875 0.61921875 0.0041666671875 0.61921875 0.03944444375 0.644921875 0.03944444375
1 0.6196875000000001 0.058750000000000004 0.6196875000000001 0.025 0.59484375 0.025 0.59484375 0.058750000000000004 0.6196875000000001 0.058750000000000004
1 0.5984375 0.08194444375 0.5984375 0.04430555625 0.5700000000000001 0.04430555625 0.5700000000000001 0.08194444375 0.5984375 0.08194444375
1 0.68640625 0.05791666718750001 0.68640625 0.020138889062500002 0.64671875 0.020138889062500002 0.64671875 0.05791666718750001 0.68640625 0.05791666718750001
1 0.681015625 0.063472221875 0.681015625 0.032222221875 0.6498437499999999 0.032222221875 0.6498437499999999 0.063472221875 0.681015625 0.063472221875
1 0.69140625 0.09 0.69140625 0.0466666671875 0.654375 0.0466666671875 0.654375 0.09 0.69140625 0.09
1 0.69453125 0.10847222187500001 0.69453125 0.06430555624999999 0.657109375 0.06430555624999999 0.657109375 0.10847222187500001 0.69453125 0.10847222187500001
1 0.6900000000000001 0.139722221875 0.6900000000000001 0.10194444375 0.653046875 0.10194444375 0.653046875 0.139722221875 0.6900000000000001 0.139722221875
1 0.6900000000000001 0.155 0.6900000000000001 0.12527777812500002 0.661171875 0.12527777812500002 0.661171875 0.155 0.6900000000000001 0.155
1 0.692265625 0.1758333328125 0.692265625 0.13569444375 0.659375 0.13569444375 0.659375 0.1758333328125 0.692265625 0.1758333328125
1 0.6038281249999999 0.148472221875 0.6038281249999999 0.1276388890625 0.581328125 0.1276388890625 0.581328125 0.148472221875 0.6038281249999999 0.148472221875
1 0.5795312499999999 0.1148611109375 0.5795312499999999 0.14055555625 0.60203125 0.14055555625 0.60203125 0.1148611109375 0.5795312499999999 0.1148611109375
1 0.599375 0.11805555625 0.599375 0.09555555624999999 0.5799218749999999 0.09555555624999999 0.5799218749999999 0.11805555625 0.599375 0.11805555625