1 0.9022656250000001 0.2297916671875 0.9022656250000001 0.16875 0.75046875 0.16875 0.75046875 0.2297916671875 0.9022656250000001 0.2297916671875
1 0.7421875 0.24364583281250002 0.7421875 0.1854166671875 0.6849999999999999 0.1854166671875 0.6849999999999999 0.24364583281250002 0.7421875 0.24364583281250002
1 0.663203125 0.2630208328125 0.663203125 0.2186458328125 0.58421875 0.2186458328125 0.58421875 0.2630208328125 0.663203125 0.2630208328125
1 0.572734375 0.27458333281249997 0.572734375 0.24177083281249998 0.50125 0.24177083281249998 0.50125 0.27458333281249997 0.572734375 0.27458333281249997
1 0.50125 0.2832291671875 0.50125 0.2533333328125 0.464453125 0.2533333328125 0.464453125 0.2832291671875 0.50125 0.2832291671875
1 0.46882812500000004 0.2841666671875 0.46882812500000004 0.2610416671875 0.445 0.2610416671875 0.445 0.2841666671875 0.46882812500000004 0.2841666671875
1 0.37492187499999996 0.3159375 0.37492187499999996 0.2860416671875 0.32804687499999996 0.2860416671875 0.32804687499999996 0.3159375 0.37492187499999996 0.3159375
1 0.32875 0.3139583328125 0.32875 0.2976041671875 0.30859375 0.2976041671875 0.30859375 0.3139583328125 0.32875 0.3139583328125
1 0.896796875 0.2947916671875 0.896796875 0.25625 0.8130468750000001 0.25625 0.8130468750000001 0.2947916671875 0.896796875 0.2947916671875
1 0.7971874999999999 0.30343749999999997 0.7971874999999999 0.2707291671875 0.7416406249999999 0.2707291671875 0.7416406249999999 0.30343749999999997 0.7971874999999999 0.30343749999999997
1 0.338203125 0.160625 0.338203125 0.0804166671875 0.10296875000000001 0.0804166671875 0.10296875000000001 0.160625 0.338203125 0.160625
1 0.32492187499999997 0.18302083281249998 0.32492187499999997 0.12927083281250001 0.086796875 0.12927083281250001 0.086796875 0.18302083281249998 0.32492187499999997 0.18302083281249998
1 0.20765625000000001 0.21031249999999999 0.20765625000000001 0.1526041671875 0.06875 0.1526041671875 0.06875 0.21031249999999999 0.20765625000000001 0.21031249999999999
1 0.21484375 0.21510416718749997 0.21484375 0.1773958328125 0.054296875 0.1773958328125 0.054296875 0.21510416718749997 0.21484375 0.21510416718749997
1 0.073515625 0.5423958328125 0.073515625 0.58375 0.09812499999999999 0.58375 0.09812499999999999 0.5423958328125 0.073515625 0.5423958328125
1 0.10390625 0.5664583328125 0.10390625 0.5163541671874999 0.051875000000000004 0.5163541671874999 0.051875000000000004 0.5664583328125 0.10390625 0.5664583328125
1 0.09085937499999999 0.5423958328125 0.09085937499999999 0.49906249999999996 0.05765625 0.49906249999999996 0.05765625 0.5423958328125 0.09085937499999999 0.5423958328125
1 0.11468750000000001 0.5953125 0.11468750000000001 0.5490625 0.08796875 0.5490625 0.08796875 0.5953125 0.11468750000000001 0.5953125
1 0.138515625 0.6395833328125 0.138515625 0.5664583328125 0.10671875 0.5664583328125 0.10671875 0.6395833328125 0.138515625 0.6395833328125
1 0.1796875 0.6693749999999999 0.1796875 0.5923958328125 0.130546875 0.5923958328125 0.130546875 0.6693749999999999 0.1796875 0.6693749999999999
1 0.263125 0.7198958328125 0.263125 0.6168750000000001 0.174609375 0.6168750000000001 0.174609375 0.7198958328125 0.263125 0.7198958328125
1 0.290546875 0.7747916671875 0.290546875 0.6517708328125 0.20953125 0.6517708328125 0.20953125 0.7747916671875 0.290546875 0.7747916671875
1 0.4190625 0.8729166671874999 0.4190625 0.705 0.278125 0.705 0.278125 0.8729166671874999 0.4190625 0.8729166671874999
1 0.5734375 0.9989583328125 0.5734375 0.7864583328125 0.385390625 0.7864583328125 0.385390625 0.9989583328125 0.5734375 0.9989583328125