1 0.819140625 0.2226041671875 0.819140625 0.24906250000000002 0.850390625 0.24906250000000002 0.850390625 0.2226041671875 0.819140625 0.2226041671875
1 0.8528125 0.2714583328125 0.8528125 0.2522916671875 0.8221093749999999 0.2522916671875 0.8221093749999999 0.2714583328125 0.8528125 0.2714583328125
1 0.64296875 0.00020833281250000002 0.64296875 0.0966666671875 0.9896874999999999 0.0966666671875 0.9896874999999999 0.00020833281250000002 0.64296875 0.00020833281250000002
1 0.1390625 0.0035416671875 0.1390625 0.0916666671875 0.469609375 0.0916666671875 0.469609375 0.0035416671875 0.1390625 0.0035416671875
1 0.27875 0.2579166671875 0.27875 0.2046875 0.1428125 0.2046875 0.1428125 0.2579166671875 0.27875 0.2579166671875
1 0.408515625 0.2579166671875 0.408515625 0.2180208328125 0.29 0.2180208328125 0.29 0.2579166671875 0.408515625 0.2579166671875
1 0.1078125 0.5597916671875 0.1078125 0.5116666671875 0.028437499999999998 0.5116666671875 0.028437499999999998 0.5597916671875 0.1078125 0.5597916671875
1 0.036328125 0.5549999999999999 0.036328125 0.53 0.002421875 0.53 0.002421875 0.5549999999999999 0.036328125 0.5549999999999999
1 0.116484375 0.67625 0.116484375 0.5963541671875 0.0775 0.5963541671875 0.0775 0.67625 0.116484375 0.67625
1 0.15546875 0.7186458328125 0.15546875 0.6185416671875 0.10710937499999999 0.6185416671875 0.10710937499999999 0.7186458328125 0.15546875 0.7186458328125
1 0.226875 0.7725 0.226875 0.6560416671875 0.1496875 0.6560416671875 0.1496875 0.7725 0.226875 0.7725
1 0.40374999999999994 0.86875 0.40374999999999994 0.7080208328125 0.21390625000000002 0.7080208328125 0.21390625000000002 0.86875 0.40374999999999994 0.86875
1 0.5234375 0.985625 0.5234375 0.7677083328125 0.305234375 0.7677083328125 0.305234375 0.985625 0.5234375 0.985625
1 0.60203125 0.9988541671875 0.60203125 0.9023958328124999 0.44867187499999994 0.9023958328124999 0.44867187499999994 0.9988541671875 0.60203125 0.9988541671875