1 0.24328124999999998 0.200625 0.24328124999999998 0.1383333328125 0.09359375 0.1383333328125 0.09359375 0.200625 0.24328124999999998 0.200625
1 0.36906249999999996 0.1923958328125 0.36906249999999996 0.1563541671875 0.24640625 0.1563541671875 0.24640625 0.1923958328125 0.36906249999999996 0.1923958328125
1 0.5353125000000001 0.22833333281249998 0.5353125000000001 0.1660416671875 0.43140625000000005 0.1660416671875 0.43140625000000005 0.22833333281249998 0.5353125000000001 0.22833333281249998
1 0.60078125 0.2880208328125 0.60078125 0.2588541671875 0.53328125 0.2588541671875 0.53328125 0.2880208328125 0.60078125 0.2880208328125
1 0.39296875 0.2519791671875 0.39296875 0.2865625 0.497890625 0.2865625 0.497890625 0.2519791671875 0.39296875 0.2519791671875
1 0.337890625 0.2865625 0.337890625 0.2297916671875 0.226640625 0.2297916671875 0.226640625 0.2865625 0.337890625 0.2865625
1 0.16218749999999998 0.2713541671875 0.16218749999999998 0.2325 0.04890625 0.2325 0.04890625 0.2713541671875 0.16218749999999998 0.2713541671875
1 0.07078124999999999 0.2575 0.07078124999999999 0.20208333281250002 0.003203125 0.20208333281250002 0.003203125 0.2575 0.07078124999999999 0.2575
1 0.25992187499999997 0.56375 0.25992187499999997 0.4751041671875 0.06867187500000001 0.4751041671875 0.06867187500000001 0.56375 0.25992187499999997 0.56375
1 0.588359375 0.7438541671875 0.588359375 0.608125 0.268203125 0.608125 0.268203125 0.7438541671875 0.588359375 0.7438541671875
1 0.7265625 0.7244791671875 0.7265625 0.615 0.570703125 0.615 0.570703125 0.7244791671875 0.7265625 0.7244791671875
1 0.99578125 0.9323958328125 0.99578125 0.7328125 0.6756249999999999 0.7328125 0.6756249999999999 0.9323958328125 0.99578125 0.9323958328125
1 0.9978906249999999 0.7785416671875 0.9978906249999999 0.6621875 0.953125 0.6621875 0.953125 0.7785416671875 0.9978906249999999 0.7785416671875
1 0.3234375 0.0073958328125 0.3234375 0.1085416671875 0.645625 0.1085416671875 0.645625 0.0073958328125 0.3234375 0.0073958328125
1 0.836875 0.1335416671875 0.836875 0.0032291671874999997 0.5146875 0.0032291671874999997 0.5146875 0.1335416671875 0.836875 0.1335416671875