1 0.5796875 0.8561249999999999 0.5796875 0.67325 0.175234375 0.67325 0.175234375 0.8561249999999999 0.5796875 0.8561249999999999
1 0.6541406249999999 0.756375 0.6541406249999999 0.58875 0.53640625 0.58875 0.53640625 0.756375 0.6541406249999999 0.756375
1 0.714765625 0.6885 0.714765625 0.5915 0.6350781249999999 0.5915 0.6350781249999999 0.6885 0.714765625 0.6885
1 0.7485937500000001 0.6275000000000001 0.7485937500000001 0.5387500000000001 0.67234375 0.5387500000000001 0.67234375 0.6275000000000001 0.7485937500000001 0.6275000000000001
1 0.784921875 0.58875 0.784921875 0.5387500000000001 0.7390625 0.5387500000000001 0.7390625 0.58875 0.784921875 0.58875
1 0.8227343749999999 0.545125 0.8227343749999999 0.49787499999999996 0.77578125 0.49787499999999996 0.77578125 0.545125 0.8227343749999999 0.545125
1 0.84015625 0.530625 0.84015625 0.492125 0.8149218749999999 0.492125 0.8149218749999999 0.530625 0.84015625 0.530625
1 0.85578125 0.50075 0.85578125 0.472875 0.8341406250000001 0.472875 0.8341406250000001 0.50075 0.85578125 0.50075
1 0.9994531249999999 0.42525 0.9994531249999999 0.41187500000000005 0.968125 0.41187500000000005 0.968125 0.42525 0.9994531249999999 0.42525
1 0.937890625 0.409 0.937890625 0.42575 0.9702343750000001 0.42575 0.9702343750000001 0.409 0.937890625 0.409
1 0.77390625 0.082625 0.77390625 0.00075 0.53125 0.00075 0.53125 0.082625 0.77390625 0.082625
1 0.799453125 0.10987499999999999 0.799453125 0.03525 0.638046875 0.03525 0.638046875 0.10987499999999999 0.799453125 0.10987499999999999
1 0.81796875 0.137875 0.81796875 0.079375 0.6796875 0.079375 0.6796875 0.137875 0.81796875 0.137875
1 0.8300000000000001 0.158 0.8300000000000001 0.10024999999999999 0.702734375 0.10024999999999999 0.702734375 0.158 0.8300000000000001 0.158
1 0.0025 0.034999999999999996 0.0025 0.10425 0.1 0.10425 0.1 0.034999999999999996 0.0025 0.034999999999999996
1 0.184765625 0.145625 0.184765625 0.0735 0.10359375 0.0735 0.10359375 0.145625 0.184765625 0.145625
1 0.256328125 0.15337499999999998 0.256328125 0.107125 0.1878125 0.107125 0.1878125 0.15337499999999998 0.256328125 0.15337499999999998
1 0.321328125 0.17450000000000002 0.321328125 0.12450000000000001 0.2515625 0.12450000000000001 0.2515625 0.17450000000000002 0.321328125 0.17450000000000002
1 0.380234375 0.19575 0.380234375 0.14275 0.312890625 0.14275 0.312890625 0.19575 0.380234375 0.19575
1 0.45406250000000004 0.065 0.45406250000000004 0.00125 0.275625 0.00125 0.275625 0.065 0.45406250000000004 0.065