1 0.8221875000000001 0.0115625 0.8221875000000001 0.19354166718750002 0.99640625 0.19354166718750002 0.99640625 0.0115625 0.8221875000000001 0.0115625
1 0.753984375 0.2702083328125 0.753984375 0.0475 0.46296875000000004 0.0475 0.46296875000000004 0.2702083328125 0.753984375 0.2702083328125
1 0.47195312500000003 0.3085416671875 0.47195312500000003 0.12166666718750001 0.319296875 0.12166666718750001 0.319296875 0.3085416671875 0.47195312500000003 0.3085416671875
1 0.3390625 0.3204166671875 0.3390625 0.18395833281250001 0.22593749999999999 0.18395833281250001 0.22593749999999999 0.3204166671875 0.3390625 0.3204166671875
1 0.238515625 0.3395833328125 0.238515625 0.2366666671875 0.1540625 0.2366666671875 0.1540625 0.3395833328125 0.238515625 0.3395833328125
1 0.166171875 0.339375 0.166171875 0.2604166671875 0.12250000000000001 0.2604166671875 0.12250000000000001 0.339375 0.166171875 0.339375
1 0.0996875 0.29093749999999996 0.0996875 0.34500000000000003 0.124609375 0.34500000000000003 0.124609375 0.29093749999999996 0.0996875 0.29093749999999996
1 0.100703125 0.364375 0.100703125 0.2922916671875 0.064296875 0.2922916671875 0.064296875 0.364375 0.100703125 0.364375
1 0.05078125 0.3325 0.05078125 0.3657291671875 0.07468749999999999 0.3657291671875 0.07468749999999999 0.3325 0.05078125 0.3325
1 0.06015625 0.3311458328125 0.06015625 0.2867708328125 0.021718750000000002 0.2867708328125 0.021718750000000002 0.3311458328125 0.06015625 0.3311458328125
1 0.094453125 0.6277083328125 0.094453125 0.575 0.064296875 0.575 0.064296875 0.6277083328125 0.094453125 0.6277083328125
1 0.133984375 0.6539583328125 0.133984375 0.5860416671875 0.094453125 0.5860416671875 0.094453125 0.6539583328125 0.133984375 0.6539583328125
1 0.22023437499999998 0.7330208328125 0.22023437499999998 0.6235416671875 0.12046874999999999 0.6235416671875 0.12046874999999999 0.7330208328125 0.22023437499999998 0.7330208328125
1 0.323125 0.7690625 0.323125 0.6526041671875 0.161015625 0.6526041671875 0.161015625 0.7690625 0.323125 0.7690625
1 0.38546874999999997 0.86875 0.38546874999999997 0.7025 0.228515625 0.7025 0.228515625 0.86875 0.38546874999999997 0.86875
1 0.5646093750000001 0.9638541671875 0.5646093750000001 0.7814583328125 0.351171875 0.7814583328125 0.351171875 0.9638541671875 0.5646093750000001 0.9638541671875
1 0.6166406249999999 0.9973958328125001 0.6166406249999999 0.9015625 0.46218750000000003 0.9015625 0.46218750000000003 0.9973958328125001 0.6166406249999999 0.9973958328125001
1 0.48968749999999994 0.1082291671875 0.48968749999999994 0.0001041671875 0.14921875 0.0001041671875 0.14921875 0.1082291671875 0.48968749999999994 0.1082291671875
1 0.29390625 0.143125 0.29390625 0.0366666671875 0.086796875 0.0366666671875 0.086796875 0.143125 0.29390625 0.143125
1 0.29015625 0.1846875 0.29015625 0.08989583281249999 0.063125 0.08989583281249999 0.063125 0.1846875 0.29015625 0.1846875