1 0.665625 0.2534375 0.665625 0.1936458328125 0.57578125 0.1936458328125 0.57578125 0.2534375 0.665625 0.2534375
1 0.548359375 0.2684375 0.548359375 0.23020833281250003 0.48851562499999995 0.23020833281250003 0.48851562499999995 0.2684375 0.548359375 0.2684375
1 0.49601562499999996 0.2867708328125 0.49601562499999996 0.236875 0.426171875 0.236875 0.426171875 0.2867708328125 0.49601562499999996 0.2867708328125
1 0.342578125 0.13874999999999998 0.342578125 0.0638541671875 0.01328125 0.0638541671875 0.01328125 0.13874999999999998 0.342578125 0.13874999999999998
1 0.02953125 0.010624999999999999 0.02953125 0.0838541671875 0.385 0.0838541671875 0.385 0.010624999999999999 0.02953125 0.010624999999999999
1 0.202890625 0.7872916671875 0.202890625 0.6542708328125 0.096875 0.6542708328125 0.096875 0.7872916671875 0.202890625 0.7872916671875
1 0.20414062500000002 0.7373958328125 0.20414062500000002 0.604375 0.05695312500000001 0.604375 0.05695312500000001 0.7373958328125 0.20414062500000002 0.7373958328125
1 0.007109374999999999 0.5827083328125 0.007109374999999999 0.6426041671875 0.03203125 0.6426041671875 0.03203125 0.6875 0.14554687500000002 0.6875 0.14554687500000002 0.6010416671875001 0.053203125 0.6010416671875001 0.053203125 0.5827083328125 0.007109374999999999 0.5827083328125
1 0.286484375 0.8970833328125 0.286484375 0.7257291671874999 0.17171875 0.7257291671874999 0.17171875 0.8970833328125 0.286484375 0.8970833328125
1 0.5015625 0.9980208328125 0.5015625 0.8288541671875 0.23781249999999998 0.8288541671875 0.23781249999999998 0.9980208328125 0.5015625 0.9980208328125
1 0.995078125 0.2163541671875 0.995078125 0.09572916718749999 0.880859375 0.09572916718749999 0.880859375 0.2163541671875 0.995078125 0.2163541671875