0 0.47601562499999994 0.0011111109375000002 0.47601562499999994 0.6333333328124999 0.818125 0.6333333328124999 0.818125 0.0011111109375000002 0.47601562499999994 0.0011111109375000002
0 0.875234375 0.10916666718750001 0.875234375 0.45361111093749995 0.998671875 0.45361111093749995 0.998671875 0.10916666718750001 0.875234375 0.10916666718750001
1 0.5044531250000001 0.5900000000000001 0.5044531250000001 0.51875 0.42109375 0.51875 0.42109375 0.5900000000000001 0.5044531250000001 0.5900000000000001
1 0.48765625 0.54180555625 0.48765625 0.4841666671875 0.3896875 0.4841666671875 0.3896875 0.54180555625 0.48765625 0.54180555625
1 0.375 0.48763888906249997 0.375 0.5288888890625 0.393125 0.5288888890625 0.393125 0.48763888906249997 0.375 0.48763888906249997
1 0.3775 0.5148611109375001 0.3775 0.4804166671875 0.36906249999999996 0.4804166671875 0.36906249999999996 0.5148611109375001 0.3775 0.5148611109375001
1 0.35929687499999996 0.47597222187500005 0.35929687499999996 0.510972221875 0.3715625 0.510972221875 0.3715625 0.47597222187500005 0.35929687499999996 0.47597222187500005
1 0.12992187500000002 0.6319444437499999 0.12992187500000002 0.5559722218750001 0.04765625 0.5559722218750001 0.04765625 0.6319444437499999 0.12992187500000002 0.6319444437499999
1 0.1678125 0.5713888890625001 0.1678125 0.5366666671875 0.0909375 0.5366666671875 0.0909375 0.5713888890625001 0.1678125 0.5713888890625001
1 0.179375 0.559722221875 0.179375 0.520277778125 0.15609375 0.520277778125 0.15609375 0.559722221875 0.179375 0.559722221875
1 0.18578125 0.5423611109375 0.18578125 0.5123611109375 0.17296875 0.5123611109375 0.17296875 0.5423611109375 0.18578125 0.5423611109375
1 0.194765625 0.530972221875 0.194765625 0.5043055562500001 0.178984375 0.5043055562500001 0.178984375 0.530972221875 0.194765625 0.530972221875
1 0.2053125 0.53305555625 0.2053125 0.5016666671875 0.19328125000000002 0.5016666671875 0.19328125000000002 0.53305555625 0.2053125 0.53305555625
1 0.10874999999999999 0.18819444375 0.10874999999999999 0.07055555625 0.002734375 0.07055555625 0.002734375 0.18819444375 0.10874999999999999 0.18819444375
1 0.12601562500000002 0.21694444375000002 0.12601562500000002 0.134027778125 0.007265625 0.134027778125 0.007265625 0.21694444375000002 0.12601562500000002 0.21694444375000002
1 0.14070312499999998 0.23430555625 0.14070312499999998 0.16680555625 0.030156250000000002 0.16680555625 0.030156250000000002 0.23430555625 0.14070312499999998 0.23430555625
1 0.15609375 0.2663888890625 0.15609375 0.20625 0.037343749999999995 0.20625 0.037343749999999995 0.2663888890625 0.15609375 0.2663888890625
1 0.170390625 0.2851388890625 0.170390625 0.23694444374999998 0.074140625 0.23694444374999998 0.074140625 0.2851388890625 0.170390625 0.2851388890625
1 0.186953125 0.30583333281249997 0.186953125 0.2670833328125 0.11328125 0.2670833328125 0.11328125 0.30583333281249997 0.186953125 0.30583333281249997
1 0.12367187500000001 0.006944443749999999 0.12367187500000001 0.06194444375 0.19007812500000001 0.06194444375 0.19007812500000001 0.006944443749999999 0.12367187500000001 0.006944443749999999
1 0.562109375 0.10319444375 0.562109375 0.0108333328125 0.41593749999999996 0.0108333328125 0.41593749999999996 0.10319444375 0.562109375 0.10319444375
1 0.56046875 0.1513888890625 0.56046875 0.0570833328125 0.38937499999999997 0.0570833328125 0.38937499999999997 0.1513888890625 0.56046875 0.1513888890625
1 0.48984375 0.17791666718750002 0.48984375 0.1148611109375 0.37578125 0.1148611109375 0.37578125 0.17791666718750002 0.48984375 0.17791666718750002
1 0.48984375 0.20625 0.48984375 0.15555555625 0.36703125000000003 0.15555555625 0.36703125000000003 0.20625 0.48984375 0.20625
1 0.44656250000000003 0.2375 0.44656250000000003 0.193472221875 0.352578125 0.193472221875 0.352578125 0.2375 0.44656250000000003 0.2375