1 0.99578125 0.1798958328125 0.99578125 0.1188541671875 0.9146875 0.1188541671875 0.9146875 0.1798958328125 0.99578125 0.1798958328125
1 0.9188281249999999 0.1964583328125 0.9188281249999999 0.13968750000000002 0.803515625 0.13968750000000002 0.803515625 0.1964583328125 0.9188281249999999 0.1964583328125
1 0.8159375000000001 0.2186458328125 0.8159375000000001 0.1535416671875 0.743203125 0.1535416671875 0.743203125 0.2186458328125 0.8159375000000001 0.2186458328125
1 0.7359375 0.2297916671875 0.7359375 0.1757291671875 0.663203125 0.1757291671875 0.663203125 0.2297916671875 0.7359375 0.2297916671875
1 0.6663281249999999 0.2519791671875 0.6663281249999999 0.1951041671875 0.53953125 0.1951041671875 0.53953125 0.2519791671875 0.6663281249999999 0.2519791671875
1 0.5384375 0.2616666671875 0.5384375 0.2104166671875 0.5 0.2104166671875 0.5 0.2616666671875 0.5384375 0.2616666671875
1 0.50625 0.2713541671875 0.50625 0.21593749999999998 0.45531249999999995 0.21593749999999998 0.45531249999999995 0.2713541671875 0.50625 0.2713541671875
1 0.43039062499999997 0.2796875 0.43039062499999997 0.2421875 0.38875000000000004 0.2421875 0.38875000000000004 0.2796875 0.43039062499999997 0.2796875
1 0.260703125 0.1747916671875 0.260703125 0.0835416671875 0.017343749999999998 0.0835416671875 0.017343749999999998 0.1747916671875 0.260703125 0.1747916671875
1 0.11875 0.00125 0.11875 0.0860416671875 0.49289062499999997 0.0860416671875 0.49289062499999997 0.00125 0.11875 0.00125
1 0.8446093749999999 0.0694791671875 0.8446093749999999 0.0029166671875000003 0.507890625 0.0029166671875000003 0.507890625 0.0694791671875 0.8446093749999999 0.0694791671875
1 0.67875 0.11927083281249999 0.67875 0.0378125 0.46921875 0.0378125 0.46921875 0.11927083281249999 0.67875 0.11927083281249999
1 0.285703125 0.7575000000000001 0.285703125 0.6501041671875 0.12632812499999999 0.6501041671875 0.12632812499999999 0.7575000000000001 0.285703125 0.7575000000000001
1 0.092578125 0.6119791671875 0.092578125 0.6823958328125 0.138515625 0.6823958328125 0.138515625 0.6119791671875 0.092578125 0.6119791671875
1 0.108203125 0.6454166671875 0.108203125 0.583125 0.060546875 0.583125 0.060546875 0.6454166671875 0.108203125 0.6454166671875
1 0.039765625 0.5622916671875 0.039765625 0.62 0.06921875 0.62 0.06921875 0.5622916671875 0.039765625 0.5622916671875
1 0.044921875 0.5888541671875 0.044921875 0.5438541671875 0.010312499999999999 0.5438541671875 0.010312499999999999 0.5888541671875 0.044921875 0.5888541671875
1 0.432109375 0.9560416671875 0.432109375 0.7655208328125 0.253671875 0.7655208328125 0.253671875 0.9560416671875 0.432109375 0.9560416671875
1 0.273125 0.3096875 0.273125 0.285625 0.24906250000000002 0.285625 0.24906250000000002 0.3096875 0.273125 0.3096875
1 0.24851562500000002 0.3110416671875 0.24851562500000002 0.2889583328125 0.22046875 0.2889583328125 0.22046875 0.3110416671875 0.24851562500000002 0.3110416671875
1 0.22749999999999998 0.3123958328125 0.22749999999999998 0.294375 0.20945312500000002 0.294375 0.20945312500000002 0.3123958328125 0.22749999999999998 0.3123958328125
1 0.9379687499999999 0.9984375 0.9379687499999999 0.8863541671874999 0.420703125 0.8863541671874999 0.420703125 0.9984375 0.9379687499999999 0.9984375