1 0.9941145828125 0.24870370312499998 0.9941145828125 0.1273148140625 0.6751041671875 0.1273148140625 0.6751041671875 0.24870370312499998 0.9941145828125 0.24870370312499998
1 0.7583854171875 0.0091666671875 0.7583854171875 0.11898148125 0.9847395828125001 0.11898148125 0.9847395828125001 0.0091666671875 0.7583854171875 0.0091666671875
1 0.8225 0.30555555624999997 0.8225 0.2408333328125 0.6269270828125 0.2408333328125 0.6269270828125 0.30555555624999997 0.8225 0.30555555624999997
1 0.8036458328125 0.326296296875 0.8036458328125 0.27203703749999997 0.6035416671875 0.27203703749999997 0.6035416671875 0.326296296875 0.8036458328125 0.326296296875
1 0.7561979171875 0.35175925937499997 0.7561979171875 0.3009259265625 0.5763020828125 0.3009259265625 0.5763020828125 0.35175925937499997 0.7561979171875 0.35175925937499997
1 0.3242708328125 0.1990740734375 0.3242708328125 0.1109259265625 0.2634375 0.1109259265625 0.2634375 0.1990740734375 0.3242708328125 0.1990740734375
1 0.25645833281249997 0.0049074078124999995 0.25645833281249997 0.0631481484375 0.3741666671875 0.0631481484375 0.3741666671875 0.0049074078124999995 0.25645833281249997 0.0049074078124999995
1 0.2034375 0.33055555625 0.2034375 0.3943518515625 0.3765104171875 0.3943518515625 0.3765104171875 0.33055555625 0.2034375 0.33055555625
1 0.3399479171875 0.3178703703125 0.3399479171875 0.29185185156250004 0.319375 0.29185185156250004 0.319375 0.35444444375 0.3388541671875 0.35444444375 0.3388541671875 0.358240740625 0.3572916671875 0.358240740625 0.3572916671875 0.3178703703125 0.3399479171875 0.3178703703125
1 0.06171875 0.18601851875 0.06171875 0.2966666671875 0.29828125 0.2966666671875 0.29828125 0.18601851875 0.06171875 0.18601851875
1 0.0941666671875 0.24759259218750002 0.0941666671875 0.32842592656249997 0.3242708328125 0.32842592656249997 0.3242708328125 0.24759259218750002 0.0941666671875 0.24759259218750002
1 0.04171875 0.14851851875 0.04171875 0.23583333281250002 0.2584375 0.23583333281250002 0.2584375 0.14851851875 0.04171875 0.14851851875
1 0.0027604171875 0.0058333328125 0.0027604171875 0.16935185156250002 0.1960416671875 0.16935185156250002 0.1960416671875 0.0058333328125 0.0027604171875 0.0058333328125
0 0.4838020828125 0.4768518515625 0.4838020828125 0.553703703125 0.5172395828125 0.553703703125 0.5172395828125 0.4768518515625 0.4838020828125 0.4768518515625
0 0.6251562500000001 0.5443518515625 0.6251562500000001 0.4654629625 0.58078125 0.4654629625 0.58078125 0.5443518515625 0.6251562500000001 0.5443518515625
0 0.6021875 0.3275925921875 0.6021875 0.5996296296875 0.69203125 0.5996296296875 0.69203125 0.3275925921875 0.6021875 0.3275925921875