1 0.2786458328125 0.125740740625 0.2786458328125 0.0841666671875 0.23093750000000002 0.0841666671875 0.23093750000000002 0.125740740625 0.2786458328125 0.125740740625
1 0.2346875 0.21888888906249998 0.2346875 0.135740740625 0.1364583328125 0.135740740625 0.1364583328125 0.21888888906249998 0.2346875 0.21888888906249998
1 0.6624479171875 0.7875 0.6624479171875 0.7043518515625 0.625 0.7043518515625 0.625 0.7875 0.6624479171875 0.7875
1 0.6109895828125 0.5980555562500001 0.6109895828125 0.5615740734375 0.5616145828125 0.5615740734375 0.5616145828125 0.5980555562500001 0.6109895828125 0.5980555562500001
1 0.5534895828125 0.5723148140625 0.5534895828125 0.5908333328125 0.5620833328125 0.5908333328125 0.5620833328125 0.5723148140625 0.5534895828125 0.5723148140625
1 0.5548437500000001 0.5867592593750001 0.5548437500000001 0.5659259265625 0.5444791671875 0.5659259265625 0.5444791671875 0.5867592593750001 0.5548437500000001 0.5867592593750001
1 0.70203125 0.83944444375 0.70203125 0.7313888890625 0.6543229171875 0.7313888890625 0.6543229171875 0.83944444375 0.70203125 0.83944444375
1 0.780625 0.9425925921875 0.780625 0.7845370375 0.6908333328125 0.7845370375 0.6908333328125 0.9425925921875 0.780625 0.9425925921875
1 0.8900520828125 0.9990740734375001 0.8900520828125 0.8611111109375 0.7665625 0.8611111109375 0.7665625 0.9990740734375001 0.8900520828125 0.9990740734375001
1 0.28765625 0.28324074062500004 0.28765625 0.25055555625000003 0.244375 0.25055555625000003 0.244375 0.28324074062500004 0.28765625 0.28324074062500004
1 0.3233854171875 0.2236111109375 0.3233854171875 0.19851851874999998 0.29359375 0.19851851874999998 0.29359375 0.2236111109375 0.3233854171875 0.2236111109375
0 0.001875 0.0434259265625 0.001875 0.9953703703125001 0.10067708281250001 0.9953703703125001 0.10067708281250001 0.0434259265625 0.001875 0.0434259265625