1 0.674921875 0.80625 0.674921875 0.634375 0.31203125 0.634375 0.31203125 0.80625 0.674921875 0.80625
1 0.719140625 0.746625 0.719140625 0.5915 0.515625 0.5915 0.515625 0.746625 0.719140625 0.746625
1 0.760703125 0.6525000000000001 0.760703125 0.5582499999999999 0.639453125 0.5582499999999999 0.639453125 0.6525000000000001 0.760703125 0.6525000000000001
1 0.78828125 0.6172500000000001 0.78828125 0.54125 0.699296875 0.54125 0.699296875 0.6172500000000001 0.78828125 0.6172500000000001
1 0.8045312499999999 0.564375 0.8045312499999999 0.51525 0.765390625 0.51525 0.765390625 0.564375 0.8045312499999999 0.564375
1 0.98890625 0.460125 0.98890625 0.43525 0.930703125 0.43525 0.930703125 0.460125 0.98890625 0.460125
1 0.999296875 0.260625 0.999296875 0.23399999999999999 0.940078125 0.23399999999999999 0.940078125 0.260625 0.999296875 0.260625
1 0.940078125 0.265625 0.940078125 0.22737500000000002 0.881875 0.22737500000000002 0.881875 0.265625 0.940078125 0.265625
1 0.8839062500000001 0.270625 0.8839062500000001 0.23737499999999997 0.8246874999999999 0.23737499999999997 0.8246874999999999 0.270625 0.8839062500000001 0.270625
1 0.8267187500000001 0.26387499999999997 0.8267187500000001 0.23399999999999999 0.776875 0.23399999999999999 0.776875 0.26387499999999997 0.8267187500000001 0.26387499999999997
1 0.7675 0.265625 0.7675 0.23562500000000003 0.704140625 0.23562500000000003 0.704140625 0.265625 0.7675 0.265625
1 0.9535937499999999 0.081 0.9535937499999999 0.021124999999999998 0.8724999999999999 0.021124999999999998 0.8724999999999999 0.081 0.9535937499999999 0.081
1 0.6396875 0.094375 0.6396875 0.14850000000000002 0.8380468750000001 0.14850000000000002 0.8380468750000001 0.094375 0.6396875 0.094375
1 0.63796875 0.04725 0.63796875 0.129 0.8345312500000001 0.129 0.8345312500000001 0.04725 0.63796875 0.04725
1 0.8692187499999999 0.206625 0.8692187499999999 0.15812500000000002 0.737578125 0.15812500000000002 0.737578125 0.206625 0.8692187499999999 0.206625
1 0.353828125 0.188625 0.353828125 0.12625 0.276796875 0.12625 0.276796875 0.188625 0.353828125 0.188625
1 0.28703124999999996 0.5231250000000001 0.28703124999999996 0.43174999999999997 0.164921875 0.43174999999999997 0.164921875 0.5231250000000001 0.28703124999999996 0.5231250000000001
1 0.44859375 0.9904999999999999 0.44859375 0.913875 0.3303125 0.913875 0.3303125 0.9904999999999999 0.44859375 0.9904999999999999
1 0.638203125 0.265125 0.638203125 0.244375 0.5746875 0.244375 0.5746875 0.265125 0.638203125 0.265125
1 0.427421875 0.175 0.427421875 0.21775000000000003 0.46929687500000006 0.21775000000000003 0.46929687500000006 0.175 0.427421875 0.175