0 0.187890625 0.43194444374999996 0.187890625 0.2098611109375 0.020546875 0.2098611109375 0.020546875 0.43194444374999996 0.187890625 0.43194444374999996
0 0.21156250000000001 0.43069444375000004 0.21156250000000001 0.2413888890625 0.15765625 0.2413888890625 0.15765625 0.43069444375000004 0.21156250000000001 0.43069444375000004
0 0.238828125 0.4641666671875 0.238828125 0.254027778125 0.17515624999999999 0.254027778125 0.17515624999999999 0.4641666671875 0.238828125 0.4641666671875
0 0.279765625 0.447777778125 0.279765625 0.335277778125 0.2240625 0.335277778125 0.2240625 0.447777778125 0.279765625 0.447777778125
0 0.30453125000000003 0.4623611109375 0.30453125000000003 0.36875 0.270703125 0.36875 0.270703125 0.4623611109375 0.30453125000000003 0.4623611109375
0 0.5528906250000001 0.5488888890625 0.5528906250000001 0.40791666718749997 0.495 0.40791666718749997 0.495 0.5488888890625 0.5528906250000001 0.5488888890625
0 0.507421875 0.5175 0.507421875 0.4166666671875 0.4728125 0.4166666671875 0.4728125 0.5175 0.507421875 0.5175
0 0.482578125 0.49819444375 0.482578125 0.4373611109375 0.45367187500000006 0.4373611109375 0.45367187500000006 0.49819444375 0.482578125 0.49819444375
0 0.46453125 0.4920833328125 0.46453125 0.43333333281249997 0.43367187500000004 0.43333333281249997 0.43367187500000004 0.4920833328125 0.46453125 0.4920833328125
0 0.30625 0.38125 0.30625 0.445277778125 0.3303125 0.445277778125 0.3303125 0.38125 0.30625 0.38125
1 0.031953125 0.2654166671875 0.031953125 0.23805555625000002 0.003203125 0.23805555625000002 0.003203125 0.2654166671875 0.031953125 0.2654166671875
1 0.0008593750000000001 0.25888888906249996 0.0008593750000000001 0.28069444374999997 0.033515625 0.28069444374999997 0.033515625 0.25888888906249996 0.0008593750000000001 0.25888888906249996
1 0.03484375 0.29972222187500003 0.03484375 0.272777778125 0.00140625 0.272777778125 0.00140625 0.29972222187500003 0.03484375 0.29972222187500003
1 0.031718750000000004 0.3136111109375 0.031718750000000004 0.28625 0.001953125 0.28625 0.001953125 0.3136111109375 0.031718750000000004 0.3136111109375
1 0.02703125 0.3270833328125 0.02703125 0.3038888890625 0.000390625 0.3038888890625 0.000390625 0.3270833328125 0.02703125 0.3270833328125
1 0.029375000000000002 0.337777778125 0.029375000000000002 0.31875 0.0021874999999999998 0.31875 0.0021874999999999998 0.337777778125 0.029375000000000002 0.337777778125
1 0.027500000000000004 0.357777778125 0.027500000000000004 0.33819444375 0.0016406250000000002 0.33819444375 0.0016406250000000002 0.357777778125 0.027500000000000004 0.357777778125
1 0.02703125 0.3726388890625 0.02703125 0.3470833328125 0.0016406250000000002 0.3470833328125 0.0016406250000000002 0.3726388890625 0.02703125 0.3726388890625
1 0.024375 0.3888888890625 0.024375 0.3726388890625 0.0016406250000000002 0.3726388890625 0.0016406250000000002 0.3888888890625 0.024375 0.3888888890625
1 0.024921875 0.40416666718750005 0.024921875 0.3888888890625 0.0016406250000000002 0.3888888890625 0.0016406250000000002 0.40416666718750005 0.024921875 0.40416666718750005