0 0.13703125 0.4375 0.13703125 0.2001388890625 0.003046875 0.2001388890625 0.003046875 0.4375 0.13703125 0.4375
0 0.10546875 0.2001388890625 0.10546875 0.4286111109375 0.16593750000000002 0.4286111109375 0.16593750000000002 0.2001388890625 0.10546875 0.2001388890625
0 0.21960937500000002 0.4566666671875 0.21960937500000002 0.22819444375 0.15687500000000001 0.22819444375 0.15687500000000001 0.4566666671875 0.21960937500000002 0.4566666671875
0 0.20601562499999998 0.33805555625 0.20601562499999998 0.4551388890625 0.26515625 0.4551388890625 0.26515625 0.33805555625 0.20601562499999998 0.33805555625
0 0.282265625 0.45999999999999996 0.282265625 0.36763888906250003 0.24890625000000002 0.36763888906250003 0.24890625000000002 0.45999999999999996 0.282265625 0.45999999999999996
0 0.291328125 0.3813888890625 0.291328125 0.44236111093749997 0.3134375 0.44236111093749997 0.3134375 0.3813888890625 0.291328125 0.3813888890625
0 0.58375 0.5598611109375 0.58375 0.3745833328125 0.486796875 0.3745833328125 0.486796875 0.5598611109375 0.58375 0.5598611109375
0 0.470078125 0.42833333281249997 0.470078125 0.527777778125 0.5061718749999999 0.527777778125 0.5061718749999999 0.42833333281249997 0.470078125 0.42833333281249997
0 0.470078125 0.5054166671875 0.470078125 0.431527778125 0.44484375 0.431527778125 0.44484375 0.5054166671875 0.470078125 0.5054166671875
0 0.41953125 0.42513888906249997 0.41953125 0.4916666671875 0.44703125000000005 0.4916666671875 0.44703125000000005 0.42513888906249997 0.41953125 0.42513888906249997
0 0.9821875 0.8827777781249999 0.9821875 0.27444444375 0.70984375 0.27444444375 0.70984375 0.8827777781249999 0.9821875 0.8827777781249999