1 0.47585937500000003 0.5748611109375 0.47585937500000003 0.6620833328125 0.6465625 0.6620833328125 0.6465625 0.5748611109375 0.47585937500000003 0.5748611109375
1 0.490625 0.59555555625 0.490625 0.54569444375 0.455546875 0.54569444375 0.455546875 0.59555555625 0.490625 0.59555555625
1 0.41968750000000005 0.53319444375 0.41968750000000005 0.5790277781250001 0.455546875 0.5790277781250001 0.455546875 0.53319444375 0.41968750000000005 0.53319444375
1 0.36593749999999997 0.53319444375 0.383046875 0.53319444375 0.383046875 0.56375 0.42515625 0.56375 0.42515625 0.5125 0.393984375 0.5125 0.36593749999999997 0.5111111109375 0.36593749999999997 0.53319444375
1 0.36984374999999997 0.5291666671875 0.36984374999999997 0.48055555625 0.28640625000000003 0.48055555625 0.28640625000000003 0.5291666671875 0.36984374999999997 0.5291666671875
1 0.27390625 0.47222222187499996 0.27390625 0.49583333281249997 0.28640625000000003 0.49583333281249997 0.28640625000000003 0.47222222187499996 0.27390625 0.47222222187499996
1 0.27468750000000003 0.4654166671875 0.27468750000000003 0.4404166671875 0.22640625 0.4404166671875 0.22640625 0.4654166671875 0.27468750000000003 0.4654166671875
1 0.64015625 0.6166666671875001 0.64015625 0.6631944437499999 0.734609375 0.6631944437499999 0.734609375 0.6166666671875001 0.64015625 0.6166666671875001
0 0.8412499999999999 0.49083333281249997 0.8412499999999999 0.695277778125 0.9946093749999999 0.695277778125 0.9946093749999999 0.49083333281249997 0.8412499999999999 0.49083333281249997
0 0.063125 0.2023611109375 0.063125 0.4263888890625 0.15015625 0.4263888890625 0.15015625 0.2023611109375 0.063125 0.2023611109375
0 0.002734375 0.17805555625 0.002734375 0.49444444374999996 0.08328125 0.49444444374999996 0.08328125 0.17805555625 0.002734375 0.17805555625