1 0.541484375 0.5758333328125 0.541484375 0.51569444375 0.44945312499999995 0.51569444375 0.44945312499999995 0.5758333328125 0.541484375 0.5758333328125
1 0.43453125000000004 0.5037499999999999 0.43453125000000004 0.5381944437499999 0.45578124999999997 0.5381944437499999 0.45578124999999997 0.5037499999999999 0.43453125000000004 0.5037499999999999
1 0.4359375 0.527777778125 0.4359375 0.48680555625000005 0.421015625 0.48680555625000005 0.421015625 0.527777778125 0.4359375 0.527777778125
1 0.42281250000000004 0.5237499999999999 0.42281250000000004 0.48361111093750003 0.356484375 0.48361111093750003 0.356484375 0.5237499999999999 0.42281250000000004 0.5237499999999999
1 0.997421875 0.9951388890624999 0.997421875 0.764027778125 0.791640625 0.764027778125 0.791640625 0.9951388890624999 0.997421875 0.9951388890624999
1 0.843046875 0.41472222187499996 0.843046875 0.37819444375 0.8140625 0.37819444375 0.8140625 0.41472222187499996 0.843046875 0.41472222187499996
1 0.08171874999999999 0.37986111093749997 0.08171874999999999 0.40055555624999994 0.10960937500000001 0.40055555624999994 0.10960937500000001 0.37986111093749997 0.08171874999999999 0.37986111093749997
1 0.10570312500000001 0.38333333281250004 0.10570312500000001 0.404027778125 0.12 0.404027778125 0.12 0.38333333281250004 0.10570312500000001 0.38333333281250004
1 0.005703125 0.3670833328125 0.005703125 0.3983333328125 0.029765625 0.3983333328125 0.029765625 0.3670833328125 0.005703125 0.3670833328125
0 0.22757812500000002 0.160277778125 0.22757812500000002 0.563472221875 0.354375 0.563472221875 0.354375 0.160277778125 0.22757812500000002 0.160277778125
0 0.239921875 0.4895833328125 0.239921875 0.212222221875 0.093984375 0.212222221875 0.093984375 0.4895833328125 0.239921875 0.4895833328125
0 0.557578125 0.004722221875 0.557578125 0.755 0.8528125 0.755 0.8528125 0.004722221875 0.557578125 0.004722221875