0 0.25265624999999997 0.1757291671875 0.25265624999999997 0.6635416671875001 0.542578125 0.6635416671875001 0.542578125 0.1757291671875 0.25265624999999997 0.1757291671875
0 0.6060156250000001 0.3115625 0.6060156250000001 0.5706249999999999 0.758828125 0.5706249999999999 0.758828125 0.3115625 0.6060156250000001 0.3115625
0 0.7557031249999999 0.3988541671875 0.7557031249999999 0.5373958328125 0.8045312499999999 0.5373958328125 0.8045312499999999 0.3988541671875 0.7557031249999999 0.3988541671875
0 0.0010937499999999999 0.39187500000000003 0.0010937499999999999 0.8035416671875 0.236015625 0.8035416671875 0.236015625 0.39187500000000003 0.0010937499999999999 0.39187500000000003
1 0.6150781249999999 0.5662499999999999 0.6150781249999999 0.5429166671875 0.5453125 0.5429166671875 0.5453125 0.5662499999999999 0.6150781249999999 0.5662499999999999
1 0.5603125 0.5645833328125 0.5603125 0.5397916671874999 0.5079687500000001 0.5397916671874999 0.5079687500000001 0.5645833328125 0.5603125 0.5645833328125
1 0.558515625 0.4435416671875 0.558515625 0.421875 0.515234375 0.421875 0.515234375 0.4435416671875 0.558515625 0.4435416671875
1 0.61984375 0.4483333328125 0.61984375 0.41947916718749995 0.558515625 0.41947916718749995 0.558515625 0.4483333328125 0.61984375 0.4483333328125
1 0.63609375 0.25427083281249996 0.63609375 0.1989583328125 0.563359375 0.1989583328125 0.563359375 0.25427083281249996 0.63609375 0.25427083281249996
1 0.519453125 0.2044791671875 0.519453125 0.2534375 0.581953125 0.2534375 0.581953125 0.2044791671875 0.519453125 0.2044791671875
1 0.7196875 0.2967708328125 0.7196875 0.2638541671875 0.66796875 0.2638541671875 0.66796875 0.2967708328125 0.7196875 0.2967708328125
1 0.78046875 0.23177083281250002 0.78046875 0.18687499999999999 0.7359375 0.18687499999999999 0.7359375 0.23177083281250002 0.78046875 0.23177083281250002
1 0.377890625 0.27125 0.377890625 0.23770833281249998 0.274765625 0.23770833281249998 0.274765625 0.27125 0.377890625 0.27125
1 0.27218749999999997 0.27468750000000003 0.27218749999999997 0.2446875 0.1925 0.2446875 0.1925 0.27468750000000003 0.27218749999999997 0.27468750000000003
1 0.36484375 0.3382291671875 0.36484375 0.3116666671875 0.30078125 0.3116666671875 0.30078125 0.3382291671875 0.36484375 0.3382291671875
1 0.307734375 0.7251041671875 0.307734375 0.6522916671875 0.21937500000000001 0.6522916671875 0.21937500000000001 0.7251041671875 0.307734375 0.7251041671875
1 0.996328125 0.871875 0.996328125 0.7837500000000001 0.84546875 0.7837500000000001 0.84546875 0.871875 0.996328125 0.871875
1 0.374609375 0.08249999999999999 0.374609375 0.0390625 0.304921875 0.0390625 0.304921875 0.08249999999999999 0.374609375 0.08249999999999999
1 0.41023437500000004 0.0858333328125 0.41023437500000004 0.026979167187500003 0.3490625 0.026979167187500003 0.3490625 0.0858333328125 0.41023437500000004 0.0858333328125
1 0.44828124999999996 0.083125 0.44828124999999996 0.024375 0.401171875 0.024375 0.401171875 0.083125 0.44828124999999996 0.083125
1 0.57109375 0.05375 0.57109375 0.0116666671875 0.511484375 0.0116666671875 0.511484375 0.05375 0.57109375 0.05375
1 0.6322656249999999 0.0504166671875 0.6322656249999999 0.0003125 0.565625 0.0003125 0.565625 0.0504166671875 0.6322656249999999 0.0504166671875