0 0.372265625 0.37694444374999997 0.372265625 0.44666666718750003 0.46109375 0.44666666718750003 0.46109375 0.37694444374999997 0.372265625 0.37694444374999997
0 0.456171875 0.49000000000000005 0.456171875 0.41944444374999995 0.371328125 0.41944444374999995 0.371328125 0.49000000000000005 0.456171875 0.49000000000000005
0 0.455703125 0.5229166671875001 0.455703125 0.46027777812500004 0.36953125 0.46027777812500004 0.36953125 0.5229166671875001 0.455703125 0.5229166671875001
0 0.4534375 0.5694444437499999 0.4534375 0.4963888890625 0.363671875 0.4963888890625 0.363671875 0.5694444437499999 0.4534375 0.5694444437499999
0 0.52609375 0.5798611109375 0.52609375 0.51 0.448046875 0.51 0.448046875 0.5798611109375 0.52609375 0.5798611109375
0 0.451640625 0.4451388890625 0.451640625 0.48513888906249997 0.46921875 0.48513888906249997 0.46921875 0.4451388890625 0.451640625 0.4451388890625
0 0.48187499999999994 0.44666666718750003 0.48187499999999994 0.3961111109375 0.45210937500000004 0.3961111109375 0.45210937500000004 0.44666666718750003 0.48187499999999994 0.44666666718750003
0 0.479609375 0.4483333328125 0.459765625 0.4483333328125 0.459765625 0.47874999999999995 0.44625000000000004 0.47874999999999995 0.44625000000000004 0.52444444375 0.47015624999999994 0.52444444375 0.47015624999999994 0.4948611109375 0.479609375 0.4948611109375 0.479609375 0.4483333328125
0 0.47874999999999995 0.5204166671875 0.47874999999999995 0.48361111093750003 0.46109375 0.48361111093750003 0.46109375 0.5204166671875 0.47874999999999995 0.5204166671875
0 0.523359375 0.4963888890625 0.523359375 0.4651388890625 0.48546875 0.4651388890625 0.48546875 0.4963888890625 0.523359375 0.4963888890625
0 0.5184375 0.5269444437499999 0.5184375 0.48680555625000005 0.48187499999999994 0.48680555625000005 0.48187499999999994 0.5269444437499999 0.5184375 0.5269444437499999
0 0.60546875 0.4611111109375 0.60546875 0.42416666718749996 0.5621875000000001 0.42416666718749996 0.5621875000000001 0.4611111109375 0.60546875 0.4611111109375
0 0.60546875 0.48680555625000005 0.60546875 0.44902777812499994 0.559921875 0.44902777812499994 0.559921875 0.48680555625000005 0.60546875 0.48680555625000005
0 0.600078125 0.51319444375 0.600078125 0.47555555624999996 0.5549999999999999 0.47555555624999996 0.5549999999999999 0.51319444375 0.600078125 0.51319444375
0 0.600078125 0.53805555625 0.600078125 0.5004166671875 0.553125 0.5004166671875 0.553125 0.53805555625 0.600078125 0.53805555625
0 0.5960156249999999 0.5661111109375 0.5960156249999999 0.52444444375 0.5486718749999999 0.52444444375 0.5486718749999999 0.5661111109375 0.5960156249999999 0.5661111109375
1 0.739453125 0.3648611109375 0.739453125 0.3391666671875 0.712421875 0.3391666671875 0.712421875 0.3648611109375 0.739453125 0.3648611109375
1 0.727265625 0.37847222187499996 0.727265625 0.35125 0.699296875 0.35125 0.699296875 0.37847222187499996 0.727265625 0.37847222187499996
1 0.7282031250000001 0.3961111109375 0.7282031250000001 0.35680555625 0.68625 0.35680555625 0.68625 0.3961111109375 0.7282031250000001 0.3961111109375
1 0.770703125 0.26555555625 0.770703125 0.22374999999999998 0.7146874999999999 0.22374999999999998 0.7146874999999999 0.26555555625 0.770703125 0.26555555625
1 0.7262500000000001 0.20458333281250002 0.7262500000000001 0.23500000000000001 0.774609375 0.23500000000000001 0.774609375 0.20458333281250002 0.7262500000000001 0.20458333281250002
1 0.702109375 0.2975 0.702109375 0.273472221875 0.6840625 0.273472221875 0.6840625 0.2975 0.702109375 0.2975
1 0.6917187499999999 0.5790277781250001 0.6917187499999999 0.60305555625 0.70109375 0.60305555625 0.70109375 0.5790277781250001 0.6917187499999999 0.5790277781250001
1 0.690625 0.589722221875 0.690625 0.57305555625 0.6774218750000001 0.57305555625 0.6774218750000001 0.589722221875 0.690625 0.589722221875
1 0.672578125 0.5676388890624999 0.672578125 0.5876388890625 0.6796875 0.5876388890625 0.6796875 0.5676388890624999 0.672578125 0.5676388890624999
1 0.671015625 0.5763888890625 0.671015625 0.5623611109375 0.660546875 0.5623611109375 0.660546875 0.5763888890625 0.671015625 0.5763888890625
1 0.6812174484375 0.5787615734375 0.700390625 0.5906018515625 0.700390625 0.60569444375 0.71015625 0.60569444375 0.71015625 0.5830555562499999 0.7018880203125 0.5818287046874999 0.700390625 0.5830555562499999 0.69775390625 0.581215278125 0.6853515625 0.579375 0.660546875 0.565347221875 0.660546875 0.5549999999999999 0.653046875 0.5549999999999999 0.653046875 0.57569444375 0.660546875 0.57569444375 0.6812174484375 0.5787615734375
1 0.530078125 0.6291666671875 0.530078125 0.5336111109375 0.354140625 0.5336111109375 0.354140625 0.6291666671875 0.530078125 0.6291666671875
1 0.24734375000000003 0.54305555625 0.24734375000000003 0.4723611109375 0.161640625 0.4723611109375 0.161640625 0.54305555625 0.24734375000000003 0.54305555625
1 0.364296875 0.58194444375 0.364296875 0.5043055562500001 0.24656250000000002 0.5043055562500001 0.24656250000000002 0.58194444375 0.364296875 0.58194444375
1 0.27390625 0.26319444375 0.27390625 0.35319444375 0.399375 0.35319444375 0.399375 0.26319444375 0.27390625 0.26319444375
1 0.39249999999999996 0.32277777812499997 0.39249999999999996 0.3725 0.42046875000000006 0.3725 0.42046875000000006 0.32277777812499997 0.39249999999999996 0.32277777812499997
1 0.44484375 0.3933333328125 0.44484375 0.3508333328125 0.42093749999999996 0.3508333328125 0.42093749999999996 0.3933333328125 0.44484375 0.3933333328125
1 0.17085937499999998 0.1445833328125 0.17085937499999998 0.1870833328125 0.20382812499999997 0.1870833328125 0.20382812499999997 0.1445833328125 0.17085937499999998 0.1445833328125
1 0.227734375 0.2079166671875 0.227734375 0.17333333281250002 0.19929687499999998 0.17333333281250002 0.19929687499999998 0.2079166671875 0.227734375 0.2079166671875
1 0.24484374999999997 0.2295833328125 0.24484374999999997 0.19180555625 0.225 0.19180555625 0.225 0.2295833328125 0.24484374999999997 0.2295833328125
1 0.26609375 0.24874999999999997 0.26609375 0.2126388890625 0.2453125 0.2126388890625 0.2453125 0.24874999999999997 0.26609375 0.24874999999999997
1 0.291328125 0.26888888906249997 0.291328125 0.24152777812499998 0.262890625 0.24152777812499998 0.262890625 0.26888888906249997 0.291328125 0.26888888906249997
1 0.2146875 0.055555556250000006 0.2146875 0.1036111109375 0.24484374999999997 0.1036111109375 0.24484374999999997 0.055555556250000006 0.2146875 0.055555556250000006
1 0.19468749999999999 0.029305556249999996 0.19468749999999999 0.075 0.22195312500000003 0.075 0.22195312500000003 0.029305556249999996 0.19468749999999999 0.029305556249999996
1 0.18882812499999999 0.3138888890625 0.18882812499999999 0.272222221875 0.153203125 0.272222221875 0.153203125 0.3138888890625 0.18882812499999999 0.3138888890625
1 0.22218749999999998 0.3275 0.22218749999999998 0.2986111109375 0.184296875 0.2986111109375 0.184296875 0.3275 0.22218749999999998 0.3275
1 0.052578124999999996 0.27055555625 0.052578124999999996 0.30583333281249997 0.100859375 0.30583333281249997 0.100859375 0.27055555625 0.052578124999999996 0.27055555625
1 0.120703125 0.3595833328125 0.120703125 0.30902777812500004 0.03453125 0.30902777812500004 0.03453125 0.3595833328125 0.120703125 0.3595833328125
1 0.109453125 0.44375 0.109453125 0.38930555624999996 0.026015624999999997 0.38930555624999996 0.026015624999999997 0.44375 0.109453125 0.44375
1 0.150078125 0.44138888906249996 0.150078125 0.41486111093750005 0.10671875 0.41486111093750005 0.10671875 0.44138888906249996 0.150078125 0.44138888906249996
1 0.184296875 0.44944444375000003 0.184296875 0.41166666718749995 0.13874999999999998 0.41166666718749995 0.13874999999999998 0.44944444375000003 0.184296875 0.44944444375000003
1 0.001875 0.37680555625 0.001875 0.4161111109375 0.029843750000000002 0.4161111109375 0.029843750000000002 0.37680555625 0.001875 0.37680555625
1 0.6880468750000001 0.40819444374999997 0.6880468750000001 0.384722221875 0.653046875 0.384722221875 0.653046875 0.40819444374999997 0.6880468750000001 0.40819444374999997