0 0.6728125 0.0026388890625 0.6728125 0.910277778125 0.974609375 0.910277778125 0.974609375 0.0026388890625 0.6728125 0.0026388890625
0 0.26875 0.000277778125 0.26875 0.637222221875 0.56640625 0.637222221875 0.56640625 0.000277778125 0.26875 0.000277778125
1 0.168359375 0.3048611109375 0.168359375 0.2641666671875 0.087109375 0.2641666671875 0.087109375 0.3048611109375 0.168359375 0.3048611109375
1 0.085234375 0.283472221875 0.085234375 0.31763888906250004 0.169453125 0.31763888906250004 0.169453125 0.283472221875 0.085234375 0.283472221875
1 0.16499999999999998 0.3336111109375 0.16499999999999998 0.2908333328125 0.08562499999999999 0.2908333328125 0.08562499999999999 0.3336111109375 0.16499999999999998 0.3336111109375
1 0.08828125 0.3129166671875 0.08828125 0.3476388890625 0.166875 0.3476388890625 0.166875 0.3129166671875 0.08828125 0.3129166671875
1 0.1615625 0.3704166671875 0.1615625 0.335 0.083359375 0.335 0.083359375 0.3704166671875 0.1615625 0.3704166671875
1 0.089765625 0.35375 0.089765625 0.38444444375 0.165703125 0.38444444375 0.165703125 0.35375 0.089765625 0.35375
1 0.164609375 0.40319444375 0.164609375 0.36305555625 0.08375 0.36305555625 0.08375 0.40319444375 0.164609375 0.40319444375
1 0.08304687499999999 0.38444444375 0.08304687499999999 0.416527778125 0.161953125 0.416527778125 0.161953125 0.38444444375 0.08304687499999999 0.38444444375
1 0.158984375 0.4345833328125 0.158984375 0.40041666718749996 0.08039062500000001 0.40041666718749996 0.08039062500000001 0.4345833328125 0.158984375 0.4345833328125
1 0.081171875 0.417222221875 0.081171875 0.44986111093750003 0.16117187500000002 0.44986111093750003 0.16117187500000002 0.417222221875 0.081171875 0.417222221875
1 0.187890625 0.45930555625 0.187890625 0.43319444375 0.159296875 0.43319444375 0.159296875 0.45930555625 0.187890625 0.45930555625
1 0.15328124999999998 0.3991666671875 0.15328124999999998 0.42319444375000004 0.189765625 0.42319444375000004 0.189765625 0.3991666671875 0.15328124999999998 0.3991666671875
1 0.18937500000000002 0.4379166671875 0.18937500000000002 0.41916666718749995 0.158984375 0.41916666718749995 0.158984375 0.4379166671875 0.18937500000000002 0.4379166671875
1 0.193125 0.37569444375 0.193125 0.3483333328125 0.166484375 0.3483333328125 0.166484375 0.37569444375 0.193125 0.37569444375
1 0.19429687499999998 0.39249999999999996 0.19429687499999998 0.369722221875 0.16273437500000001 0.369722221875 0.16273437500000001 0.39249999999999996 0.19429687499999998 0.39249999999999996
1 0.19015625 0.408472221875 0.19015625 0.39249999999999996 0.16304687499999998 0.39249999999999996 0.16304687499999998 0.408472221875 0.19015625 0.408472221875
1 0.16343749999999999 0.335 0.16343749999999999 0.35305555625 0.19578125 0.35305555625 0.19578125 0.335 0.16343749999999999 0.335
1 0.196953125 0.34430555625000003 0.196953125 0.3229166671875 0.16609374999999998 0.3229166671875 0.16609374999999998 0.34430555625000003 0.196953125 0.34430555625000003
1 0.169453125 0.3129166671875 0.169453125 0.33430555625 0.19765625 0.33430555625 0.19765625 0.3129166671875 0.169453125 0.3129166671875
1 0.20179687500000001 0.320277778125 0.20179687500000001 0.30222222187500003 0.16984375000000002 0.30222222187500003 0.16984375000000002 0.320277778125 0.20179687500000001 0.320277778125
0 0.0005468749999999999 0.1079166671875 0.0005468749999999999 0.51555555625 0.27921874999999996 0.51555555625 0.27921874999999996 0.1079166671875 0.0005468749999999999 0.1079166671875