1 0.538671875 0.6233333328125 0.538671875 0.78125 0.7715625 0.78125 0.7715625 0.6233333328125 0.538671875 0.6233333328125
1 0.5610937500000001 0.7080555562499999 0.5610937500000001 0.5751388890625 0.3571875 0.5751388890625 0.3571875 0.7080555562499999 0.5610937500000001 0.7080555562499999
1 0.2290625 0.533472221875 0.2290625 0.635 0.3759375 0.635 0.3759375 0.533472221875 0.2290625 0.533472221875
1 0.0646875 0.414027778125 0.0646875 0.382222221875 0.017734375 0.382222221875 0.017734375 0.414027778125 0.0646875 0.414027778125
1 0.013984374999999999 0.36833333281249997 0.013984374999999999 0.389027778125 0.023984375 0.389027778125 0.023984375 0.36833333281249997 0.013984374999999999 0.36833333281249997
1 0.013984374999999999 0.38444444375 0.013984374999999999 0.36055555625 0.00140625 0.36055555625 0.00140625 0.38444444375 0.013984374999999999 0.38444444375
1 0.00203125 0.27819444375 0.00203125 0.300972221875 0.020859375 0.300972221875 0.020859375 0.27819444375 0.00203125 0.27819444375
1 0.03875 0.22861111093750003 0.03875 0.19624999999999998 0.006171875 0.19624999999999998 0.006171875 0.22861111093750003 0.03875 0.22861111093750003
1 0.11609375 0.30375 0.11609375 0.28152777812499996 0.082890625 0.28152777812499996 0.082890625 0.30375 0.11609375 0.30375
1 0.14054687500000002 0.2876388890625 0.14054687500000002 0.332222221875 0.21789062499999998 0.332222221875 0.21789062499999998 0.2876388890625 0.14054687500000002 0.2876388890625
1 0.22195312500000003 0.3945833328125 0.22195312500000003 0.32819444375 0.12171875000000001 0.32819444375 0.12171875000000001 0.3945833328125 0.22195312500000003 0.3945833328125
1 0.11328125 0.43180555624999994 0.11328125 0.4891666671875 0.214453125 0.4891666671875 0.214453125 0.43180555624999994 0.11328125 0.43180555624999994
1 0.055937499999999994 0.40680555625 0.055937499999999994 0.4513888890625 0.11546875000000001 0.4513888890625 0.11546875000000001 0.40680555625 0.055937499999999994 0.40680555625
1 0.26242187499999997 0.49305555625 0.26242187499999997 0.45583333281250005 0.210390625 0.45583333281250005 0.210390625 0.49305555625 0.26242187499999997 0.49305555625
1 0.275859375 0.29319444375 0.275859375 0.335 0.3203125 0.335 0.3203125 0.29319444375 0.275859375 0.29319444375
1 0.294375 0.143472221875 0.294375 0.1954166671875 0.3325 0.1954166671875 0.3325 0.143472221875 0.294375 0.143472221875
1 0.366640625 0.22513888906249999 0.366640625 0.17819444375 0.3309375 0.17819444375 0.3309375 0.22513888906249999 0.366640625 0.22513888906249999
1 0.38992187500000003 0.242222221875 0.38992187500000003 0.20416666718749998 0.36140625000000004 0.20416666718749998 0.36140625000000004 0.242222221875 0.38992187500000003 0.242222221875
1 0.38953125 0.23263888906250002 0.38953125 0.26347222187499997 0.4171875 0.26347222187499997 0.4171875 0.23263888906250002 0.38953125 0.23263888906250002
1 0.348984375 0.037222221875 0.348984375 0.095 0.386328125 0.095 0.386328125 0.037222221875 0.348984375 0.037222221875
1 0.2975 0.0141666671875 0.2975 0.06999999999999999 0.35765625 0.06999999999999999 0.35765625 0.0141666671875 0.2975 0.0141666671875
1 0.97359375 0.7086111109375001 0.97359375 0.6625 0.9389843750000001 0.6625 0.9389843750000001 0.7086111109375001 0.97359375 0.7086111109375001
1 0.99609375 0.6926388890624999 0.99609375 0.6525000000000001 0.972421875 0.6525000000000001 0.972421875 0.6926388890624999 0.99609375 0.6926388890624999
1 0.9991406250000001 0.732777778125 0.9991406250000001 0.6838888890625 0.9686718750000001 0.6838888890625 0.9686718750000001 0.732777778125 0.9991406250000001 0.732777778125
1 0.9881249999999999 0.2536111109375 0.9881249999999999 0.2001388890625 0.957734375 0.2001388890625 0.957734375 0.2536111109375 0.9881249999999999 0.2536111109375
1 0.9881249999999999 0.2658333328125 0.9881249999999999 0.2273611109375 0.9617968749999999 0.2273611109375 0.9617968749999999 0.2658333328125 0.9881249999999999 0.2658333328125
1 0.9875 0.27694444375 0.9875 0.24305555625 0.9633593749999999 0.24305555625 0.9633593749999999 0.27694444375 0.9875 0.27694444375
1 0.9896874999999999 0.300972221875 0.9896874999999999 0.2636111109375 0.9639843750000001 0.2636111109375 0.9639843750000001 0.300972221875 0.9896874999999999 0.300972221875
1 0.9915625 0.32319444375 0.9915625 0.28250000000000003 0.9633593749999999 0.28250000000000003 0.9633593749999999 0.32319444375 0.9915625 0.32319444375
1 0.9921875 0.35444444375 0.9921875 0.2998611109375 0.966171875 0.2998611109375 0.966171875 0.35444444375 0.9921875 0.35444444375
1 0.9893750000000001 0.36833333281249997 0.9893750000000001 0.3220833328125 0.9414843749999999 0.3220833328125 0.9414843749999999 0.36833333281249997 0.9893750000000001 0.36833333281249997
1 0.9041406249999999 0.3611111109375 0.9041406249999999 0.3983333328125 0.965234375 0.3983333328125 0.965234375 0.3611111109375 0.9041406249999999 0.3611111109375
1 0.8978906249999999 0.409027778125 0.8978906249999999 0.37666666718749997 0.8813281249999999 0.37666666718749997 0.8813281249999999 0.409027778125 0.8978906249999999 0.409027778125
1 0.952109375 0.26749999999999996 0.952109375 0.22569444375 0.91171875 0.22569444375 0.91171875 0.26749999999999996 0.952109375 0.26749999999999996
1 0.92546875 0.193472221875 0.92546875 0.2486111109375 0.965546875 0.2486111109375 0.965546875 0.193472221875 0.92546875 0.193472221875
0 0.738359375 0.418472221875 0.738359375 0.5829166671875 0.7857031250000001 0.5829166671875 0.7857031250000001 0.418472221875 0.738359375 0.418472221875