0 0.602734375 0.3795833328125 0.602734375 0.68444444375 0.7657812500000001 0.68444444375 0.7657812500000001 0.3795833328125 0.602734375 0.3795833328125
0 0.7670312499999999 0.287222221875 0.7670312499999999 0.69375 0.937890625 0.69375 0.937890625 0.287222221875 0.7670312499999999 0.287222221875
0 0.9307812500000001 0.45583333281250005 0.9307812500000001 0.6775 0.996328125 0.6775 0.996328125 0.45583333281250005 0.9307812500000001 0.45583333281250005
0 0.05390625 0.0561111109375 0.05390625 0.5748611109375 0.203203125 0.5748611109375 0.203203125 0.0561111109375 0.05390625 0.0561111109375
0 0.05953125 0.509027778125 0.05953125 0.1458333328125 0.005625 0.1458333328125 0.005625 0.509027778125 0.05953125 0.509027778125
1 0.30390625 0.544027778125 0.30390625 0.462222221875 0.18375 0.462222221875 0.18375 0.544027778125 0.30390625 0.544027778125
1 0.306640625 0.5247222218750001 0.306640625 0.48527777812500006 0.2865625 0.48527777812500006 0.2865625 0.5247222218750001 0.306640625 0.5247222218750001
1 0.32882812499999997 0.5459722218749999 0.32882812499999997 0.49680555625 0.301171875 0.49680555625 0.301171875 0.5459722218749999 0.32882812499999997 0.5459722218749999
1 0.46195312499999996 0.6113888890625 0.46195312499999996 0.512222221875 0.32882812499999997 0.512222221875 0.32882812499999997 0.6113888890625 0.46195312499999996 0.6113888890625
1 0.6265625 0.52569444375 0.6265625 0.47569444375 0.5209374999999999 0.47569444375 0.5209374999999999 0.52569444375 0.6265625 0.52569444375
1 0.61140625 0.2966666671875 0.61140625 0.24180555625000003 0.5415625000000001 0.24180555625000003 0.5415625000000001 0.2966666671875 0.61140625 0.2966666671875
1 0.5528906250000001 0.30055555625 0.5528906250000001 0.25430555625 0.49984375 0.25430555625 0.49984375 0.30055555625 0.5528906250000001 0.30055555625
1 0.498203125 0.30444444375 0.498203125 0.28319444374999997 0.48359375 0.28319444374999997 0.48359375 0.30444444375 0.498203125 0.30444444375
1 0.8494531249999999 0.25375000000000003 0.8494531249999999 0.23444444375 0.8237500000000001 0.23444444375 0.8237500000000001 0.25375000000000003 0.8494531249999999 0.25375000000000003
1 0.8746875 0.25055555625000003 0.8746875 0.23930555625 0.84671875 0.23930555625 0.84671875 0.25055555625000003 0.8746875 0.25055555625000003
1 0.8007031250000001 0.24013888906249997 0.8007031250000001 0.255277778125 0.826875 0.255277778125 0.826875 0.24013888906249997 0.8007031250000001 0.24013888906249997
1 0.92796875 0.27375 0.92796875 0.23291666718749998 0.903125 0.23291666718749998 0.903125 0.27375 0.92796875 0.27375
1 0.9550000000000001 0.27458333281249997 0.9550000000000001 0.23611111093749998 0.9229687500000001 0.23611111093749998 0.9229687500000001 0.27458333281249997 0.9550000000000001 0.27458333281249997
1 0.959375 0.416527778125 0.959375 0.3708333328125 0.924609375 0.3708333328125 0.924609375 0.416527778125 0.959375 0.416527778125
1 0.901640625 0.36833333281249997 0.901640625 0.40930555625 0.93046875 0.40930555625 0.93046875 0.36833333281249997 0.901640625 0.36833333281249997
1 0.99046875 0.45819444374999996 0.99046875 0.44625000000000004 0.9657031249999999 0.44625000000000004 0.9657031249999999 0.45819444374999996 0.99046875 0.45819444374999996
1 0.9160937499999999 0.6338888890625001 0.9160937499999999 0.6651388890625001 0.936328125 0.6651388890625001 0.936328125 0.6338888890625001 0.9160937499999999 0.6338888890625001
1 0.8515625 0.362777778125 0.8515625 0.34194444375 0.8190625 0.34194444375 0.8190625 0.362777778125 0.8515625 0.362777778125
1 0.853828125 0.3804166671875 0.853828125 0.3595833328125 0.8208593750000001 0.3595833328125 0.8208593750000001 0.3804166671875 0.853828125 0.3804166671875
1 0.788359375 0.3563888890625 0.788359375 0.382777778125 0.8208593750000001 0.382777778125 0.8208593750000001 0.3563888890625 0.788359375 0.3563888890625
1 0.788359375 0.374027778125 0.788359375 0.3563888890625 0.7464062499999999 0.3563888890625 0.7464062499999999 0.374027778125 0.788359375 0.374027778125
1 0.801015625 0.6379166671875 0.801015625 0.60819444375 0.76671875 0.60819444375 0.76671875 0.6379166671875 0.801015625 0.6379166671875
1 0.9903124999999999 0.34694444375 0.9903124999999999 0.3325 0.9621875 0.3325 0.9621875 0.34694444375 0.9903124999999999 0.34694444375