0 0.5857812499999999 0.6066666671875 0.5857812499999999 0.3295833328125 0.461796875 0.3295833328125 0.461796875 0.6066666671875 0.5857812499999999 0.6066666671875
0 0.3540625 0.360277778125 0.3540625 0.5086111109375 0.400703125 0.5086111109375 0.400703125 0.360277778125 0.3540625 0.360277778125
0 0.356328125 0.466527778125 0.356328125 0.3883333328125 0.32171875 0.3883333328125 0.32171875 0.466527778125 0.356328125 0.466527778125
0 0.337890625 0.4491666671875 0.337890625 0.395 0.31234375000000003 0.395 0.31234375000000003 0.4491666671875 0.337890625 0.4491666671875
0 0.322890625 0.45180555624999996 0.322890625 0.39097222187499997 0.299921875 0.39097222187499997 0.299921875 0.45180555624999996 0.322890625 0.45180555624999996
0 0.284921875 0.38569444375 0.284921875 0.4438888890625 0.303359375 0.4438888890625 0.303359375 0.38569444375 0.284921875 0.38569444375
0 0.09273437500000001 0.2575 0.09273437500000001 0.4129166671875 0.154453125 0.4129166671875 0.154453125 0.2575 0.09273437500000001 0.2575
0 0.162265625 0.397777778125 0.162265625 0.27749999999999997 0.12437499999999999 0.27749999999999997 0.12437499999999999 0.397777778125 0.162265625 0.397777778125
0 0.17453125 0.41569444375 0.17453125 0.28861111093749997 0.1390625 0.28861111093749997 0.1390625 0.41569444375 0.17453125 0.41569444375
1 0.09343749999999999 0.3254166671875 0.09343749999999999 0.300972221875 0.05515625 0.300972221875 0.05515625 0.3254166671875 0.09343749999999999 0.3254166671875
1 0.094296875 0.32805555625 0.094296875 0.3126388890625 0.051875000000000004 0.3126388890625 0.051875000000000004 0.32805555625 0.094296875 0.32805555625
1 0.089296875 0.3404166671875 0.089296875 0.32 0.051640624999999996 0.32 0.051640624999999996 0.3404166671875 0.089296875 0.3404166671875
1 0.091875 0.349722221875 0.091875 0.32847222187499997 0.0553125 0.32847222187499997 0.0553125 0.349722221875 0.091875 0.349722221875
1 0.08734375 0.3598611109375 0.08734375 0.334722221875 0.048828125 0.334722221875 0.048828125 0.3598611109375 0.08734375 0.3598611109375
1 0.08734375 0.3636111109375 0.08734375 0.3458333328125 0.046640625000000005 0.3458333328125 0.046640625000000005 0.3636111109375 0.08734375 0.3636111109375
1 0.0840625 0.37527777812499996 0.0840625 0.35125 0.047109374999999995 0.35125 0.047109374999999995 0.37527777812499996 0.0840625 0.37527777812499996
1 0.08492187500000001 0.38069444375 0.08492187500000001 0.3579166671875 0.046640625000000005 0.3579166671875 0.046640625000000005 0.38069444375 0.08492187500000001 0.38069444375
1 0.08234375000000001 0.39069444375 0.08234375000000001 0.36986111093749996 0.04578125 0.36986111093749996 0.04578125 0.39069444375 0.08234375000000001 0.39069444375
1 0.08429687500000001 0.392222221875 0.08429687500000001 0.3783333328125 0.043125000000000004 0.3783333328125 0.043125000000000004 0.392222221875 0.08429687500000001 0.392222221875
1 0.018125 0.3713888890625 0.018125 0.38569444375 0.046406249999999996 0.38569444375 0.046406249999999996 0.3713888890625 0.018125 0.3713888890625
1 0.046875 0.3779166671875 0.046875 0.36291666718750004 0.020078125 0.36291666718750004 0.020078125 0.3779166671875 0.046875 0.3779166671875
1 0.020546875 0.35402777812499997 0.020546875 0.3713888890625 0.046640625000000005 0.3713888890625 0.046640625000000005 0.35402777812499997 0.020546875 0.35402777812499997
1 0.05015625 0.3598611109375 0.05015625 0.3451388890625 0.022265625 0.3451388890625 0.022265625 0.3598611109375 0.05015625 0.3598611109375
1 0.023125 0.336527778125 0.023125 0.35444444375 0.04921875 0.35444444375 0.04921875 0.336527778125 0.023125 0.336527778125
1 0.0546875 0.34430555625000003 0.0546875 0.3258333328125 0.022265625 0.3258333328125 0.022265625 0.34430555625000003 0.0546875 0.34430555625000003
1 0.023984375 0.3204166671875 0.023984375 0.336527778125 0.051875000000000004 0.336527778125 0.051875000000000004 0.3204166671875 0.023984375 0.3204166671875
1 0.0553125 0.3261111109375 0.0553125 0.3098611109375 0.025937500000000002 0.3098611109375 0.025937500000000002 0.3261111109375 0.0553125 0.3261111109375
1 0.027500000000000004 0.305277778125 0.027500000000000004 0.318472221875 0.05421875 0.318472221875 0.05421875 0.305277778125 0.027500000000000004 0.305277778125
1 0.057499999999999996 0.3111111109375 0.057499999999999996 0.2963888890625 0.02640625 0.2963888890625 0.02640625 0.3111111109375 0.057499999999999996 0.3111111109375
1 0.016171875 0.3013888890625 0.016171875 0.28819444375000003 0.000078125 0.28819444375000003 0.000078125 0.3013888890625 0.016171875 0.3013888890625
1 0.017499999999999998 0.3098611109375 0.017499999999999998 0.300972221875 0.0005468749999999999 0.300972221875 0.0005468749999999999 0.3098611109375 0.017499999999999998 0.3098611109375
1 0.013125000000000001 0.321527778125 0.013125000000000001 0.3091666671875 0.0005468749999999999 0.3091666671875 0.0005468749999999999 0.321527778125 0.013125000000000001 0.321527778125
1 0.012265624999999999 0.3308333328125 0.012265624999999999 0.3226388890625 0.00140625 0.3226388890625 0.00140625 0.3308333328125 0.012265624999999999 0.3308333328125
1 0.00703125 0.3458333328125 0.00703125 0.3311111109375 0.00140625 0.3311111109375 0.00140625 0.3458333328125 0.00703125 0.3458333328125
1 0.006640625 0.35055555625 0.006640625 0.34625 0.000703125 0.34625 0.000703125 0.35055555625 0.006640625 0.35055555625
1 0.006796874999999999 0.3598611109375 0.006796874999999999 0.35055555625 0.000703125 0.35055555625 0.000703125 0.3598611109375 0.006796874999999999 0.3598611109375
1 0.00703125 0.3675 0.00703125 0.3598611109375 0.0003125 0.3598611109375 0.0003125 0.3675 0.00703125 0.3675
1 0.018359375 0.3776388890625 0.018359375 0.3675 0.0035937499999999997 0.3675 0.0035937499999999997 0.3776388890625 0.018359375 0.3776388890625
1 0.0059375 0.35819444375 0.0059375 0.3713888890625 0.01984375 0.3713888890625 0.01984375 0.35819444375 0.0059375 0.35819444375
1 0.022265625 0.3598611109375 0.022265625 0.35125 0.005078125 0.35125 0.005078125 0.3598611109375 0.022265625 0.3598611109375
1 0.007890625 0.339722221875 0.007890625 0.35319444375 0.0209375 0.35319444375 0.0209375 0.339722221875 0.007890625 0.339722221875
1 0.022890625 0.3408333328125 0.022890625 0.32930555625 0.005703125 0.32930555625 0.005703125 0.3408333328125 0.022890625 0.3408333328125
1 0.009218750000000001 0.3211111109375 0.009218750000000001 0.33347222187500003 0.02359375 0.33347222187500003 0.02359375 0.3211111109375 0.009218750000000001 0.3211111109375