0 0.081875 0.42611111093750004 0.081875 0.1248611109375 0.0028125 0.1248611109375 0.0028125 0.42611111093750004 0.081875 0.42611111093750004
0 0.11867187500000001 0.4175 0.11867187500000001 0.17875000000000002 0.0471875 0.17875000000000002 0.0471875 0.4175 0.11867187500000001 0.4175
0 0.146796875 0.4491666671875 0.146796875 0.2095833328125 0.09 0.2095833328125 0.09 0.4491666671875 0.146796875 0.4491666671875
0 0.201484375 0.4483333328125 0.201484375 0.3241666671875 0.13273437500000002 0.3241666671875 0.13273437500000002 0.4483333328125 0.201484375 0.4483333328125
0 0.23718750000000002 0.4491666671875 0.23718750000000002 0.35583333281249996 0.194453125 0.35583333281249996 0.194453125 0.4491666671875 0.23718750000000002 0.4491666671875
0 0.23343750000000002 0.3675 0.23343750000000002 0.430972221875 0.259453125 0.430972221875 0.259453125 0.3675 0.23343750000000002 0.3675
0 0.395859375 0.487777778125 0.395859375 0.418472221875 0.37421875 0.418472221875 0.37421875 0.487777778125 0.395859375 0.487777778125
0 0.42234375 0.49736111093749996 0.42234375 0.42319444375000004 0.394765625 0.42319444375000004 0.394765625 0.49736111093749996 0.42234375 0.49736111093749996
0 0.46023437500000003 0.5098611109375 0.46023437500000003 0.4145833328125 0.4175 0.4145833328125 0.4175 0.5098611109375 0.46023437500000003 0.5098611109375
0 0.5474218750000001 0.562777778125 0.5474218750000001 0.37124999999999997 0.445625 0.37124999999999997 0.445625 0.562777778125 0.5474218750000001 0.562777778125
0 0.998984375 0.9545833328125 0.998984375 0.2304166671875 0.7390625 0.2304166671875 0.7390625 0.9545833328125 0.998984375 0.9545833328125