1 0.748671875 0.6745833328125 0.748671875 0.58875 0.616171875 0.58875 0.616171875 0.6745833328125 0.748671875 0.6745833328125
1 0.616171875 0.5748611109375 0.616171875 0.5373611109375 0.5599999999999999 0.5373611109375 0.5599999999999999 0.5748611109375 0.616171875 0.5748611109375
1 0.8203906249999999 0.7230555562500001 0.8203906249999999 0.6455555562499999 0.7557031249999999 0.6455555562499999 0.7557031249999999 0.7230555562500001 0.8203906249999999 0.7230555562500001
1 0.8842968750000001 0.757777778125 0.8842968750000001 0.6870833328125 0.806328125 0.6870833328125 0.806328125 0.757777778125 0.8842968750000001 0.757777778125
1 0.9240625 0.7895833328124999 0.9240625 0.7230555562500001 0.86875 0.7230555562500001 0.86875 0.7895833328124999 0.9240625 0.7895833328124999
1 0.998359375 0.9001388890625 0.998359375 0.788472221875 0.9220312500000001 0.788472221875 0.9220312500000001 0.9001388890625 0.998359375 0.9001388890625
0 0.076171875 0.148472221875 0.076171875 0.5733333328125 0.28078125 0.5733333328125 0.28078125 0.148472221875 0.076171875 0.148472221875
1 0.26265625 0.1761111109375 0.26265625 0.21194444375 0.32890625 0.21194444375 0.32890625 0.1761111109375 0.26265625 0.1761111109375
1 0.0028125 0.3136111109375 0.0028125 0.38166666718750003 0.09046875 0.38166666718750003 0.09046875 0.3136111109375 0.0028125 0.3136111109375
1 0.100859375 0.0641666671875 0.100859375 0.027222221875 0.042421875 0.027222221875 0.042421875 0.0641666671875 0.100859375 0.0641666671875
0 0.36593749999999997 0.28472222187499996 0.36593749999999997 0.5226388890625 0.460078125 0.5226388890625 0.460078125 0.28472222187499996 0.36593749999999997 0.28472222187499996