0 0.5239843750000001 0.57444444375 0.5239843750000001 0.0523611109375 0.3125 0.0523611109375 0.3125 0.57444444375 0.5239843750000001 0.57444444375
0 0.36898437500000003 0.515972221875 0.36898437500000003 0.1654166671875 0.242734375 0.1654166671875 0.242734375 0.515972221875 0.36898437500000003 0.515972221875
0 0.309765625 0.4841666671875 0.309765625 0.189027778125 0.19125 0.189027778125 0.19125 0.4841666671875 0.309765625 0.4841666671875
1 0.203671875 0.369027778125 0.203671875 0.3533333328125 0.169453125 0.3533333328125 0.169453125 0.369027778125 0.203671875 0.369027778125
1 0.166875 0.3616666671875 0.166875 0.380277778125 0.199765625 0.380277778125 0.199765625 0.3616666671875 0.166875 0.3616666671875
1 0.198671875 0.39097222187499997 0.198671875 0.37374999999999997 0.169453125 0.37374999999999997 0.169453125 0.39097222187499997 0.198671875 0.39097222187499997
1 0.16421875 0.3783333328125 0.16421875 0.399722221875 0.19765625 0.399722221875 0.19765625 0.3783333328125 0.16421875 0.3783333328125
1 0.197421875 0.412222221875 0.197421875 0.39319444375 0.16789062500000002 0.39319444375 0.16789062500000002 0.412222221875 0.197421875 0.412222221875
1 0.197421875 0.42194444375 0.197421875 0.40708333281250003 0.168125 0.40708333281250003 0.168125 0.42194444375 0.197421875 0.42194444375
1 0.201328125 0.3361111109375 0.201328125 0.3170833328125 0.1684375 0.3170833328125 0.1684375 0.3361111109375 0.201328125 0.3361111109375
1 0.203671875 0.34819444375 0.203671875 0.33388888906249997 0.168671875 0.33388888906249997 0.168671875 0.34819444375 0.203671875 0.34819444375
0 0.221484375 0.44000000000000006 0.221484375 0.23875000000000002 0.082109375 0.23875000000000002 0.082109375 0.44000000000000006 0.221484375 0.44000000000000006
0 0.957421875 0.8504166671875 0.957421875 0.17791666718750002 0.09812499999999999 0.17791666718750002 0.09812499999999999 0.8504166671875 0.957421875 0.8504166671875
0 0.63734375 0.6848611109375 0.63734375 0.29180555625000004 0.28046875 0.29180555625000004 0.28046875 0.6848611109375 0.63734375 0.6848611109375