1 0.055625 0.2851388890625 0.055625 0.2638888890625 0.002734375 0.2638888890625 0.002734375 0.2851388890625 0.055625 0.2851388890625
1 0.048046875 0.305277778125 0.048046875 0.2770833328125 0.002734375 0.2770833328125 0.002734375 0.305277778125 0.048046875 0.305277778125
1 0.050624999999999996 0.31069444375 0.050624999999999996 0.28791666718750003 0.0017187500000000002 0.28791666718750003 0.0017187500000000002 0.31069444375 0.050624999999999996 0.31069444375
1 0.048046875 0.32805555625 0.048046875 0.30069444375 0.001015625 0.30069444375 0.001015625 0.32805555625 0.048046875 0.32805555625
1 0.04953125 0.33694444375 0.04953125 0.31305555625000003 0.001875 0.31305555625000003 0.001875 0.33694444375 0.04953125 0.33694444375
1 0.043671875 0.3601388890625 0.043671875 0.3308333328125 0.00078125 0.3308333328125 0.00078125 0.3601388890625 0.043671875 0.3601388890625
1 0.043046875 0.36833333281249997 0.043046875 0.3401388890625 0.001875 0.3401388890625 0.001875 0.36833333281249997 0.043046875 0.36833333281249997
1 0.0378125 0.38069444375 0.0378125 0.35819444375 0.001015625 0.35819444375 0.001015625 0.38069444375 0.0378125 0.38069444375
1 0.0378125 0.39069444375 0.0378125 0.3663888890625 0.00125 0.3663888890625 0.00125 0.39069444375 0.0378125 0.39069444375
1 0.0384375 0.403472221875 0.0384375 0.38180555625 0.001015625 0.38180555625 0.001015625 0.403472221875 0.0384375 0.403472221875
0 0.16296875 0.43583333281250003 0.16296875 0.23861111093749998 0.038906249999999996 0.23861111093749998 0.038906249999999996 0.43583333281250003 0.16296875 0.43583333281250003
0 0.1878125 0.43263888906250003 0.1878125 0.260972221875 0.12507812499999998 0.260972221875 0.12507812499999998 0.43263888906250003 0.1878125 0.43263888906250003
0 0.20226562499999998 0.43263888906250003 0.20226562499999998 0.2666666671875 0.15890625 0.2666666671875 0.15890625 0.43263888906250003 0.20226562499999998 0.43263888906250003
0 0.239921875 0.439027778125 0.239921875 0.3566666671875 0.184140625 0.3566666671875 0.184140625 0.439027778125 0.239921875 0.439027778125
0 0.257421875 0.448472221875 0.257421875 0.38 0.22578125 0.38 0.22578125 0.448472221875 0.257421875 0.448472221875
0 0.47257812499999996 0.34569444374999997 0.47257812499999996 0.60430555625 0.55703125 0.60430555625 0.55703125 0.34569444374999997 0.47257812499999996 0.34569444374999997
0 0.47257812499999996 0.5041666671875 0.47257812499999996 0.39888888906250003 0.41429687499999995 0.39888888906250003 0.41429687499999995 0.5041666671875 0.47257812499999996 0.5041666671875
0 0.43875000000000003 0.49083333281249997 0.43875000000000003 0.41958333281250004 0.402734375 0.41958333281250004 0.402734375 0.49083333281249997 0.43875000000000003 0.49083333281249997
0 0.41898437499999996 0.48305555624999996 0.41898437499999996 0.42458333281250005 0.39484375 0.42458333281250005 0.39484375 0.48305555624999996 0.41898437499999996 0.48305555624999996
0 0.37890625 0.4179166671875 0.37890625 0.47069444374999997 0.40140624999999996 0.47069444374999997 0.40140624999999996 0.4179166671875 0.37890625 0.4179166671875