0 0.285625 0.16875 0.285625 0.5111111109375 0.37453125 0.5111111109375 0.37453125 0.16875 0.285625 0.16875
1 0.5215625 0.5459722218749999 0.5215625 0.5170833328125 0.49000000000000005 0.5170833328125 0.49000000000000005 0.5459722218749999 0.5215625 0.5459722218749999
1 0.564453125 0.5941666671875 0.564453125 0.5395833328124999 0.507578125 0.5395833328124999 0.507578125 0.5941666671875 0.564453125 0.5941666671875
1 0.5860937500000001 0.6125 0.5860937500000001 0.5708333328124999 0.5513281250000001 0.5708333328124999 0.5513281250000001 0.6125 0.5860937500000001 0.6125
1 0.7006249999999999 0.661527778125 0.7006249999999999 0.5941666671875 0.5662499999999999 0.5941666671875 0.5662499999999999 0.661527778125 0.7006249999999999 0.661527778125
1 0.814140625 0.6970833328125 0.814140625 0.6298611109375 0.7015625 0.6298611109375 0.7015625 0.6970833328125 0.814140625 0.6970833328125
1 0.9146093750000001 0.717777778125 0.9146093750000001 0.660972221875 0.8171875 0.660972221875 0.8171875 0.717777778125 0.9146093750000001 0.717777778125
1 0.9610156249999999 0.72694444375 0.9610156249999999 0.66805555625 0.9110156249999999 0.66805555625 0.9110156249999999 0.72694444375 0.9610156249999999 0.72694444375
1 0.133984375 0.41444444375 0.133984375 0.38166666718750003 0.11101562499999999 0.38166666718750003 0.11101562499999999 0.41444444375 0.133984375 0.41444444375
1 0.13625 0.4216666671875 0.13625 0.398472221875 0.10601562499999999 0.398472221875 0.10601562499999999 0.4216666671875 0.13625 0.4216666671875
0 0.475078125 0.43861111093750005 0.475078125 0.503472221875 0.489921875 0.503472221875 0.489921875 0.43861111093750005 0.475078125 0.43861111093750005
0 0.48 0.500277778125 0.48 0.4233333328125 0.45203125 0.4233333328125 0.45203125 0.500277778125 0.48 0.500277778125
0 0.43171875000000004 0.404027778125 0.43171875000000004 0.49791666718750005 0.450703125 0.49791666718750005 0.450703125 0.404027778125 0.43171875000000004 0.404027778125
0 0.43804687500000006 0.48666666718749996 0.43804687500000006 0.398472221875 0.410546875 0.398472221875 0.410546875 0.48666666718749996 0.43804687500000006 0.48666666718749996