1 0.8094531249999999 0.6261111109375 0.8094531249999999 0.5748611109375 0.7494531249999999 0.5748611109375 0.7494531249999999 0.6261111109375 0.8094531249999999 0.6261111109375
1 0.8149218749999999 0.6483333328125 0.8149218749999999 0.6066666671875 0.7439843749999999 0.6066666671875 0.7439843749999999 0.6483333328125 0.8149218749999999 0.6483333328125
1 0.8242968749999999 0.5776388890625 0.8242968749999999 0.49444444374999996 0.676171875 0.49444444374999996 0.676171875 0.5776388890625 0.8242968749999999 0.5776388890625
0 0.7576562499999999 0.1583333328125 0.7576562499999999 0.7334722218749999 0.943984375 0.7334722218749999 0.943984375 0.1583333328125 0.7576562499999999 0.1583333328125
1 0.536875 0.6605555562500001 0.536875 0.5408333328125 0.276796875 0.5408333328125 0.276796875 0.6605555562500001 0.536875 0.6605555562500001
1 0.289375 0.580972221875 0.289375 0.5106944437500001 0.242265625 0.5106944437500001 0.242265625 0.580972221875 0.289375 0.580972221875
1 0.256328125 0.5386111109375 0.256328125 0.48375 0.23304687500000001 0.48375 0.23304687500000001 0.5386111109375 0.256328125 0.5386111109375
1 0.23953125000000003 0.5106944437500001 0.23953125000000003 0.4683333328125 0.223828125 0.4683333328125 0.223828125 0.5106944437500001 0.23953125000000003 0.5106944437500001
1 0.20703125 0.45583333281250005 0.20703125 0.49916666718749997 0.2265625 0.49916666718749997 0.2265625 0.45583333281250005 0.20703125 0.45583333281250005
1 0.25320312500000003 0.1148611109375 0.25320312500000003 0.0816666671875 0.20640624999999999 0.0816666671875 0.20640624999999999 0.1148611109375 0.25320312500000003 0.1148611109375
1 0.243828125 0.004027778125 0.243828125 0.0345833328125 0.33273437499999997 0.0345833328125 0.33273437499999997 0.004027778125 0.243828125 0.004027778125
1 0.391953125 0.0761111109375 0.391953125 0.030416667187500003 0.32023437499999996 0.030416667187500003 0.32023437499999996 0.0761111109375 0.391953125 0.0761111109375
1 0.028046875 0.044027778125 0.028046875 0.08055555625000001 0.081640625 0.08055555625000001 0.081640625 0.044027778125 0.028046875 0.044027778125
1 0.234765625 0.19125 0.234765625 0.1488888890625 0.17906249999999999 0.1488888890625 0.17906249999999999 0.19125 0.234765625 0.19125
1 0.02421875 0.4048611109375 0.02421875 0.37694444374999997 0.001484375 0.37694444374999997 0.001484375 0.4048611109375 0.02421875 0.4048611109375