1 0.97828125 0.3548611109375 0.97828125 0.1636111109375 0.862265625 0.1636111109375 0.862265625 0.3548611109375 0.97828125 0.3548611109375
1 0.9745312500000001 0.39638888906249997 0.9745312500000001 0.26680555625 0.884765625 0.26680555625 0.884765625 0.39638888906249997 0.9745312500000001 0.39638888906249997
1 0.97734375 0.44805555625000004 0.97734375 0.33819444375 0.879140625 0.33819444375 0.879140625 0.44805555625000004 0.97734375 0.44805555625000004
1 0.97828125 0.5045833328125 0.97828125 0.38486111093750003 0.8744531249999999 0.38486111093750003 0.8744531249999999 0.5045833328125 0.97828125 0.5045833328125
1 0.9689062500000001 0.57944444375 0.9689062500000001 0.47125000000000006 0.8725781250000001 0.47125000000000006 0.8725781250000001 0.57944444375 0.9689062500000001 0.57944444375
1 0.9764062499999999 0.6441666671874999 0.9764062499999999 0.52444444375 0.868828125 0.52444444375 0.868828125 0.6441666671874999 0.9764062499999999 0.6441666671874999
1 0.9474218750000001 0.744027778125 0.9474218750000001 0.610972221875 0.8594531249999999 0.610972221875 0.8594531249999999 0.744027778125 0.9474218750000001 0.744027778125
1 0.9549218749999999 0.787222221875 0.9549218749999999 0.6691666671875 0.8529687499999999 0.6691666671875 0.8529687499999999 0.787222221875 0.9549218749999999 0.787222221875
1 0.925 0.90194444375 0.925 0.714027778125 0.84921875 0.714027778125 0.84921875 0.90194444375 0.925 0.90194444375
1 0.84453125 0.7506944437499999 0.84453125 0.940277778125 0.9184374999999999 0.940277778125 0.9184374999999999 0.7506944437499999 0.84453125 0.7506944437499999
1 0.999765625 0.9934722218750001 0.999765625 0.8820833328125 0.9034375000000001 0.8820833328125 0.9034375000000001 0.9934722218750001 0.999765625 0.9934722218750001
1 0.925 0.7988888890625 0.925 0.988472221875 0.9978906249999999 0.988472221875 0.9978906249999999 0.7988888890625 0.925 0.7988888890625
1 0.9969531249999999 0.8820833328125 0.9969531249999999 0.73569444375 0.936171875 0.73569444375 0.936171875 0.8820833328125 0.9969531249999999 0.8820833328125
1 0.942734375 0.640972221875 0.942734375 0.79055555625 0.9942187499999999 0.79055555625 0.9942187499999999 0.640972221875 0.942734375 0.640972221875
1 0.99515625 0.6608333328125 0.99515625 0.557777778125 0.9474218750000001 0.557777778125 0.9474218750000001 0.6608333328125 0.99515625 0.6608333328125
1 0.955859375 0.47125000000000006 0.955859375 0.5876388890625 0.9960156250000001 0.5876388890625 0.9960156250000001 0.47125000000000006 0.955859375 0.47125000000000006
1 0.951171875 0.40305555625 0.951171875 0.49124999999999996 0.998828125 0.49124999999999996 0.998828125 0.40305555625 0.951171875 0.40305555625
1 0.96421875 0.3133333328125 0.96421875 0.40305555625 0.99515625 0.40305555625 0.99515625 0.3133333328125 0.96421875 0.3133333328125
1 0.96421875 0.218472221875 0.96421875 0.3133333328125 0.999765625 0.3133333328125 0.999765625 0.218472221875 0.96421875 0.218472221875
1 0.998828125 0.24180555625000003 0.998828125 0.13874999999999998 0.96515625 0.13874999999999998 0.96515625 0.24180555625000003 0.998828125 0.24180555625000003
1 0.869765625 0.4795833328125 0.869765625 0.40305555625 0.774375 0.40305555625 0.774375 0.4795833328125 0.869765625 0.4795833328125
1 0.877265625 0.5129166671875 0.877265625 0.434722221875 0.7603125000000001 0.434722221875 0.7603125000000001 0.5129166671875 0.877265625 0.5129166671875
1 0.8370312500000001 0.5179166671875 0.8370312500000001 0.46125 0.7621875 0.46125 0.7621875 0.5179166671875 0.8370312500000001 0.5179166671875
1 0.82578125 0.5311111109375 0.82578125 0.4845833328125 0.765 0.4845833328125 0.765 0.5311111109375 0.82578125 0.5311111109375
1 0.808984375 0.58430555625 0.808984375 0.5311111109375 0.759375 0.5311111109375 0.759375 0.58430555625 0.808984375 0.58430555625
1 0.808984375 0.6226388890625 0.808984375 0.567777778125 0.7575000000000001 0.567777778125 0.7575000000000001 0.6226388890625 0.808984375 0.6226388890625
1 0.8071093749999999 0.6608333328125 0.8071093749999999 0.6076388890625 0.7603125000000001 0.6076388890625 0.7603125000000001 0.6608333328125 0.8071093749999999 0.6608333328125
1 0.7631249999999999 0.6326388890625 0.7631249999999999 0.6975 0.796796875 0.6975 0.796796875 0.6326388890625 0.7631249999999999 0.6326388890625
1 0.794921875 0.7506944437499999 0.794921875 0.6641666671875 0.759375 0.6641666671875 0.759375 0.7506944437499999 0.794921875 0.7506944437499999
1 0.84453125 0.7988888890625 0.84453125 0.7073611109375 0.793984375 0.7073611109375 0.793984375 0.7988888890625 0.84453125 0.7988888890625
1 0.797734375 0.6725 0.797734375 0.764027778125 0.8435937499999999 0.764027778125 0.8435937499999999 0.6725 0.797734375 0.6725
1 0.861328125 0.7073611109375 0.861328125 0.6326388890625 0.8052343750000001 0.6326388890625 0.8052343750000001 0.7073611109375 0.861328125 0.7073611109375
1 0.808984375 0.585972221875 0.808984375 0.6691666671875 0.862265625 0.6691666671875 0.862265625 0.585972221875 0.808984375 0.585972221875
1 0.866015625 0.610972221875 0.866015625 0.54944444375 0.8071093749999999 0.54944444375 0.8071093749999999 0.610972221875 0.866015625 0.610972221875
1 0.8164843749999999 0.49291666718749994 0.8164843749999999 0.577777778125 0.879140625 0.577777778125 0.879140625 0.49291666718749994 0.8164843749999999 0.49291666718749994
1 0.6189843749999999 0.5751388890625 0.6189843749999999 0.542222221875 0.57484375 0.542222221875 0.57484375 0.5751388890625 0.6189843749999999 0.5751388890625
1 0.0025 0.105972221875 0.0025 0.15 0.040390625 0.15 0.040390625 0.105972221875 0.0025 0.105972221875
1 0.031796875 0.1708333328125 0.031796875 0.12513888906249998 0.00203125 0.12513888906249998 0.00203125 0.1708333328125 0.031796875 0.1708333328125
1 0.0015625 0.15 0.0015625 0.1941666671875 0.029140624999999996 0.1941666671875 0.029140624999999996 0.15 0.0015625 0.15
1 0.02328125 0.22944444375 0.02328125 0.18055555625 0.0015625 0.18055555625 0.0015625 0.22944444375 0.02328125 0.22944444375
1 0.00203125 0.215 0.00203125 0.24069444375 0.0228125 0.24069444375 0.0228125 0.215 0.00203125 0.215
1 0.014687500000000001 0.26625 0.014687500000000001 0.23430555625 0.00296875 0.23430555625 0.00296875 0.26625 0.014687500000000001 0.26625
1 0.160390625 0.1516666671875 0.160390625 0.060277778125 0.048046875 0.060277778125 0.048046875 0.1516666671875 0.160390625 0.1516666671875
1 0.0421875 0.09625 0.0421875 0.1716666671875 0.155 0.1716666671875 0.155 0.09625 0.0421875 0.09625
1 0.15765625 0.1988888890625 0.15765625 0.11555555625 0.044921875 0.11555555625 0.044921875 0.1988888890625 0.15765625 0.1988888890625
1 0.02640625 0.15722222187499998 0.02640625 0.21819444375 0.152734375 0.21819444375 0.152734375 0.15722222187499998 0.02640625 0.15722222187499998
1 0.1459375 0.2511111109375 0.1459375 0.17805555625 0.031406250000000004 0.17805555625 0.031406250000000004 0.2511111109375 0.1459375 0.2511111109375
1 0.028203125000000002 0.202222221875 0.028203125000000002 0.272777778125 0.14328125 0.272777778125 0.14328125 0.202222221875 0.028203125000000002 0.202222221875
1 0.14546874999999998 0.3008333328125 0.14546874999999998 0.23430555625 0.0228125 0.23430555625 0.0228125 0.3008333328125 0.14546874999999998 0.3008333328125
1 0.020078125 0.25916666718750003 0.020078125 0.32166666718750003 0.13960937499999998 0.32166666718750003 0.13960937499999998 0.25916666718750003 0.020078125 0.25916666718750003
1 0.1378125 0.3513888890625 0.1378125 0.28875 0.01828125 0.28875 0.01828125 0.3513888890625 0.1378125 0.3513888890625
1 0.010624999999999999 0.313472221875 0.010624999999999999 0.3825 0.136953125 0.3825 0.136953125 0.313472221875 0.010624999999999999 0.313472221875
1 0.13109375 0.41125 0.13109375 0.344722221875 0.012421875 0.344722221875 0.012421875 0.41125 0.13109375 0.41125
1 0.008828125000000001 0.37124999999999997 0.008828125000000001 0.43541666718750005 0.1275 0.43541666718750005 0.1275 0.37124999999999997 0.008828125000000001 0.37124999999999997
1 0.12789062499999998 0.45625 0.12789062499999998 0.4001388890625 0.012890625 0.4001388890625 0.012890625 0.45625 0.12789062499999998 0.45625
1 0.009765625 0.42902777812500004 0.009765625 0.48347222187499994 0.12789062499999998 0.48347222187499994 0.12789062499999998 0.42902777812500004 0.009765625 0.42902777812500004
1 0.14734375 0.11777777812500001 0.14734375 0.1883333328125 0.23171875000000003 0.1883333328125 0.23171875000000003 0.11777777812500001 0.14734375 0.11777777812500001
1 0.23125 0.22125 0.23125 0.14666666718750002 0.15046874999999998 0.14666666718750002 0.15046874999999998 0.22125 0.23125 0.22125
1 0.15859375 0.17555555625000002 0.15859375 0.239722221875 0.225390625 0.239722221875 0.225390625 0.17555555625000002 0.15859375 0.17555555625000002
1 0.22171875000000002 0.25569444375 0.22171875000000002 0.205277778125 0.15140625000000002 0.205277778125 0.15140625000000002 0.25569444375 0.22171875000000002 0.25569444375
1 0.1459375 0.22208333281249998 0.1459375 0.279027778125 0.216796875 0.279027778125 0.216796875 0.22208333281249998 0.1459375 0.22208333281249998
1 0.2190625 0.3013888890625 0.2190625 0.2429166671875 0.1459375 0.2429166671875 0.1459375 0.3013888890625 0.2190625 0.3013888890625
1 0.145078125 0.2686111109375 0.145078125 0.3270833328125 0.21226562499999999 0.3270833328125 0.21226562499999999 0.2686111109375 0.145078125 0.2686111109375
1 0.21046874999999998 0.34875 0.21046874999999998 0.2966666671875 0.141015625 0.2966666671875 0.141015625 0.34875 0.21046874999999998 0.34875
1 0.140078125 0.3270833328125 0.140078125 0.37444444374999997 0.2109375 0.37444444374999997 0.2109375 0.3270833328125 0.140078125 0.3270833328125
1 0.206875 0.39930555624999997 0.206875 0.34722222187499996 0.13515625 0.34722222187499996 0.13515625 0.39930555624999997 0.206875 0.39930555624999997
1 0.130625 0.38 0.130625 0.41777777812499994 0.20414062500000002 0.41777777812499994 0.20414062500000002 0.38 0.130625 0.38
1 0.20187499999999997 0.4441666671875 0.20187499999999997 0.40569444375 0.12609375 0.40569444375 0.12609375 0.4441666671875 0.20187499999999997 0.4441666671875
1 0.13289062499999998 0.42902777812500004 0.13289062499999998 0.46749999999999997 0.20234375 0.46749999999999997 0.20234375 0.42902777812500004 0.13289062499999998 0.42902777812500004
1 0.20007812500000002 0.48986111093750007 0.20007812500000002 0.45861111093750007 0.123828125 0.45861111093750007 0.123828125 0.48986111093750007 0.20007812500000002 0.48986111093750007
1 0.20171875 0.4688888890625 0.20171875 0.490277778125 0.256953125 0.490277778125 0.256953125 0.4688888890625 0.20171875 0.4688888890625
1 0.261484375 0.4748611109375 0.261484375 0.44152777812500005 0.2028125 0.44152777812500005 0.2028125 0.4748611109375 0.261484375 0.4748611109375
1 0.20398437500000002 0.42277777812500006 0.20398437500000002 0.45680555624999997 0.26187499999999997 0.45680555624999997 0.26187499999999997 0.42277777812500006 0.20398437500000002 0.42277777812500006
1 0.264453125 0.4313888890625 0.264453125 0.40138888906250003 0.20546875 0.40138888906250003 0.20546875 0.4313888890625 0.264453125 0.4313888890625
1 0.2028125 0.3745833328125 0.2028125 0.41944444374999995 0.266015625 0.41944444374999995 0.266015625 0.3745833328125 0.2028125 0.3745833328125
1 0.26632812499999997 0.3954166671875 0.26632812499999997 0.35263888906249996 0.20656249999999998 0.35263888906249996 0.20656249999999998 0.3954166671875 0.26632812499999997 0.3954166671875
1 0.20812499999999998 0.33055555625 0.20812499999999998 0.37055555625 0.270078125 0.37055555625 0.270078125 0.33055555625 0.20812499999999998 0.33055555625
1 0.27164062499999997 0.35055555625 0.27164062499999997 0.3091666671875 0.21218750000000003 0.3091666671875 0.21218750000000003 0.35055555625 0.27164062499999997 0.35055555625
1 0.21296875 0.2811111109375 0.21296875 0.33319444374999996 0.270078125 0.33319444374999996 0.270078125 0.2811111109375 0.21296875 0.2811111109375
1 0.27273437500000003 0.306527778125 0.27273437500000003 0.259027778125 0.215234375 0.259027778125 0.215234375 0.306527778125 0.27273437500000003 0.306527778125
1 0.22164062499999998 0.24097222187499998 0.22164062499999998 0.287777778125 0.27203125 0.287777778125 0.27203125 0.24097222187499998 0.22164062499999998 0.24097222187499998
1 0.27421875 0.27236111093750004 0.27421875 0.220972221875 0.22578125 0.220972221875 0.22578125 0.27236111093750004 0.27421875 0.27236111093750004
1 0.22125 0.202222221875 0.22125 0.2576388890625 0.27726562499999996 0.2576388890625 0.27726562499999996 0.202222221875 0.22125 0.202222221875
1 0.278359375 0.2376388890625 0.278359375 0.1741666671875 0.226875 0.1741666671875 0.226875 0.2376388890625 0.278359375 0.2376388890625
1 0.32796875000000003 0.29041666718750003 0.32796875000000003 0.23430555625 0.276875 0.23430555625 0.276875 0.29041666718750003 0.32796875000000003 0.29041666718750003
1 0.270859375 0.2563888890625 0.270859375 0.3091666671875 0.32765625 0.3091666671875 0.32765625 0.2563888890625 0.270859375 0.2563888890625
1 0.32687499999999997 0.3225 0.32687499999999997 0.269027778125 0.27203125 0.269027778125 0.27203125 0.3225 0.32687499999999997 0.3225
1 0.27203125 0.2958333328125 0.27203125 0.3398611109375 0.32125 0.3398611109375 0.32125 0.2958333328125 0.27203125 0.2958333328125
1 0.322734375 0.35722222187499997 0.322734375 0.30583333281249997 0.27125 0.30583333281249997 0.27125 0.35722222187499997 0.322734375 0.35722222187499997
1 0.27234375 0.34055555625 0.27234375 0.37333333281250003 0.315234375 0.37333333281250003 0.315234375 0.34055555625 0.27234375 0.34055555625
1 0.3175 0.394722221875 0.3175 0.35263888906249996 0.27273437500000003 0.35263888906249996 0.27273437500000003 0.394722221875 0.3175 0.394722221875
1 0.26484375 0.38 0.26484375 0.4113888890625 0.313359375 0.4113888890625 0.313359375 0.38 0.26484375 0.38
1 0.31296875 0.42944444375 0.31296875 0.39875 0.26296875000000003 0.39875 0.26296875000000003 0.42944444375 0.31296875 0.42944444375
1 0.26375000000000004 0.42138888906250005 0.26375000000000004 0.45083333281250004 0.31257812500000004 0.45083333281250004 0.31257812500000004 0.42138888906250005 0.26375000000000004 0.42138888906250005
1 0.306953125 0.46749999999999997 0.306953125 0.4308333328125 0.26109375 0.4308333328125 0.26109375 0.46749999999999997 0.306953125 0.46749999999999997
1 0.258046875 0.45555555625000005 0.258046875 0.4808333328125 0.3046875 0.4808333328125 0.3046875 0.45555555625000005 0.258046875 0.45555555625000005
1 0.30281250000000004 0.500277778125 0.30281250000000004 0.47750000000000004 0.25546875 0.47750000000000004 0.25546875 0.500277778125 0.30281250000000004 0.500277778125
1 0.350546875 0.5069444437499999 0.350546875 0.48555555625 0.30171875 0.48555555625 0.30171875 0.5069444437499999 0.350546875 0.5069444437499999
1 0.306171875 0.46624999999999994 0.306171875 0.49430555624999994 0.348671875 0.49430555624999994 0.348671875 0.46624999999999994 0.306171875 0.46624999999999994
1 0.306171875 0.4454166671875 0.306171875 0.46624999999999994 0.34945312500000003 0.46624999999999994 0.34945312500000003 0.4454166671875 0.306171875 0.4454166671875
1 0.315625 0.42805555625 0.315625 0.4588888890625 0.350546875 0.4588888890625 0.350546875 0.42805555625 0.315625 0.42805555625
1 0.355859375 0.43805555625 0.355859375 0.41333333281250006 0.315234375 0.41333333281250006 0.315234375 0.43805555625 0.355859375 0.43805555625
1 0.31632812499999996 0.39194444375000004 0.31632812499999996 0.42805555625 0.356953125 0.42805555625 0.356953125 0.39194444375000004 0.31632812499999996 0.39194444375000004
1 0.3546875 0.40944444375 0.3546875 0.38 0.31671875 0.38 0.31671875 0.40944444375 0.3546875 0.40944444375
1 0.320078125 0.365277778125 0.320078125 0.4 0.35617187499999997 0.4 0.35617187499999997 0.365277778125 0.320078125 0.365277778125
1 0.35921875000000003 0.3745833328125 0.35921875000000003 0.34055555625 0.321953125 0.34055555625 0.321953125 0.3745833328125 0.35921875000000003 0.3745833328125
1 0.324609375 0.326527778125 0.324609375 0.36 0.3621875 0.36 0.3621875 0.326527778125 0.324609375 0.326527778125
1 0.365234375 0.34125 0.365234375 0.31180555625 0.32578125 0.31180555625 0.32578125 0.34125 0.365234375 0.34125
1 0.326484375 0.289722221875 0.326484375 0.33055555625 0.365234375 0.33055555625 0.365234375 0.289722221875 0.326484375 0.289722221875
1 0.368203125 0.31180555625 0.368203125 0.27444444375 0.32796875000000003 0.27444444375 0.32796875000000003 0.31180555625 0.368203125 0.31180555625
1 0.326484375 0.25305555625 0.326484375 0.29375 0.368203125 0.29375 0.368203125 0.25305555625 0.326484375 0.25305555625
1 0.36828125 0.2875 0.36828125 0.3175 0.39484375 0.3175 0.39484375 0.2875 0.36828125 0.2875
1 0.39453125 0.32819444375 0.39453125 0.2975 0.36734374999999997 0.2975 0.36734374999999997 0.32819444375 0.39453125 0.32819444375
1 0.36515624999999996 0.31986111093749997 0.36515624999999996 0.34319444374999997 0.39171875 0.34319444374999997 0.39171875 0.31986111093749997 0.36515624999999996 0.31986111093749997
1 0.39015625 0.36263888906249997 0.39015625 0.33375 0.36546875 0.33375 0.36546875 0.36263888906249997 0.39015625 0.36263888906249997
1 0.360390625 0.34819444375 0.360390625 0.37374999999999997 0.38828125 0.37374999999999997 0.38828125 0.34819444375 0.360390625 0.34819444375
1 0.38765625 0.38777777812499997 0.38765625 0.3554166671875 0.359765625 0.3554166671875 0.359765625 0.38777777812499997 0.38765625 0.38777777812499997
1 0.353828125 0.377777778125 0.353828125 0.40555555625000006 0.38453125 0.40555555625000006 0.38453125 0.377777778125 0.353828125 0.377777778125
1 0.38203125 0.42000000000000004 0.38203125 0.3883333328125 0.35476562500000003 0.3883333328125 0.35476562500000003 0.42000000000000004 0.38203125 0.42000000000000004
1 0.353515625 0.41111111093749997 0.353515625 0.43 0.38421875 0.43 0.38421875 0.41111111093749997 0.353515625 0.41111111093749997
1 0.38046875 0.44902777812499994 0.38046875 0.42555555624999997 0.351328125 0.42555555624999997 0.351328125 0.44902777812499994 0.38046875 0.44902777812499994
1 0.351953125 0.4379166671875 0.351953125 0.46125 0.37796875 0.46125 0.37796875 0.4379166671875 0.351953125 0.4379166671875
1 0.37859375 0.47791666718750003 0.37859375 0.44680555625 0.350390625 0.44680555625 0.350390625 0.47791666718750003 0.37859375 0.47791666718750003
1 0.37828125 0.49472222187500003 0.37828125 0.4701388890625 0.346328125 0.4701388890625 0.346328125 0.49472222187500003 0.37828125 0.49472222187500003
1 0.37640625 0.5102777781250001 0.37640625 0.4845833328125 0.346015625 0.4845833328125 0.346015625 0.5102777781250001 0.37640625 0.5102777781250001
1 0.39523437499999997 0.2976388890625 0.39523437499999997 0.32375 0.42281250000000004 0.32375 0.42281250000000004 0.2976388890625 0.39523437499999997 0.2976388890625
1 0.41937499999999994 0.33861111093749996 0.41937499999999994 0.30763888906250003 0.39523437499999997 0.30763888906250003 0.39523437499999997 0.33861111093749996 0.41937499999999994 0.33861111093749996
1 0.39359375 0.3276388890625 0.39359375 0.352777778125 0.4140625 0.352777778125 0.4140625 0.3276388890625 0.39359375 0.3276388890625
1 0.41624999999999995 0.36444444374999996 0.41624999999999995 0.34180555625000003 0.39125 0.34180555625000003 0.39125 0.36444444374999996 0.41624999999999995 0.36444444374999996
1 0.390859375 0.353472221875 0.390859375 0.377222221875 0.41500000000000004 0.377222221875 0.41500000000000004 0.353472221875 0.390859375 0.353472221875
1 0.4140625 0.3876388890625 0.4140625 0.36569444375 0.39109375 0.36569444375 0.39109375 0.3876388890625 0.4140625 0.3876388890625
1 0.391953125 0.375972221875 0.391953125 0.40305555625 0.412109375 0.40305555625 0.412109375 0.375972221875 0.391953125 0.375972221875
1 0.41140625000000003 0.41861111093750003 0.41140625000000003 0.391527778125 0.387265625 0.391527778125 0.387265625 0.41861111093750003 0.41140625000000003 0.41861111093750003
1 0.386328125 0.40569444375 0.386328125 0.42944444375 0.409375 0.42944444375 0.409375 0.40569444375 0.386328125 0.40569444375
1 0.385546875 0.42097222187499994 0.385546875 0.445277778125 0.40859375 0.445277778125 0.40859375 0.42097222187499994 0.385546875 0.42097222187499994
1 0.40640625 0.45736111093750004 0.40640625 0.43055555625 0.38046875 0.43055555625 0.38046875 0.45736111093750004 0.40640625 0.45736111093750004
1 0.38351562499999997 0.4545833328125 0.38351562499999997 0.467777778125 0.40617187499999996 0.467777778125 0.40617187499999996 0.4545833328125 0.38351562499999997 0.4545833328125
1 0.40640625 0.482777778125 0.40640625 0.462777778125 0.38046875 0.462777778125 0.38046875 0.482777778125 0.40640625 0.482777778125
1 0.378515625 0.47583333281250006 0.378515625 0.49555555625 0.404453125 0.49555555625 0.404453125 0.47583333281250006 0.378515625 0.47583333281250006
1 0.405078125 0.5098611109375 0.405078125 0.489722221875 0.378515625 0.489722221875 0.378515625 0.5098611109375 0.405078125 0.5098611109375
0 0.558515625 0.5287499999999999 0.558515625 0.383472221875 0.508671875 0.383472221875 0.508671875 0.5287499999999999 0.558515625 0.5287499999999999