0 0.765390625 0.14625 0.765390625 0.7588888890625001 0.9696875 0.7588888890625001 0.9696875 0.14625 0.765390625 0.14625
1 0.99375 0.67319444375 0.99375 0.6375 0.951484375 0.6375 0.951484375 0.67319444375 0.99375 0.67319444375
1 0.994765625 0.7038888890624999 0.994765625 0.657777778125 0.9487500000000001 0.657777778125 0.9487500000000001 0.7038888890624999 0.994765625 0.7038888890624999
1 0.7400781249999999 0.796527778125 0.7400781249999999 0.6204166671875 0.40718750000000004 0.6204166671875 0.40718750000000004 0.796527778125 0.7400781249999999 0.796527778125
1 0.356796875 0.5723611109375 0.356796875 0.6811111109375 0.413671875 0.6811111109375 0.413671875 0.5723611109375 0.356796875 0.5723611109375
1 0.368203125 0.6079166671875 0.368203125 0.54819444375 0.34164062500000003 0.54819444375 0.34164062500000003 0.6079166671875 0.368203125 0.6079166671875
1 0.362734375 0.5694444437499999 0.362734375 0.5251388890625 0.34054687499999997 0.5251388890625 0.34054687499999997 0.5694444437499999 0.362734375 0.5694444437499999
1 0.32429687500000004 0.5116666671875 0.32429687500000004 0.5579166671875 0.342734375 0.5579166671875 0.342734375 0.5116666671875 0.32429687500000004 0.5116666671875
1 0.325625 0.5075000000000001 0.325625 0.46805555625000006 0.296875 0.46805555625000006 0.296875 0.5075000000000001 0.325625 0.5075000000000001
1 0.39437500000000003 0.24194444375000002 0.39437500000000003 0.1861111109375 0.341796875 0.1861111109375 0.341796875 0.24194444375000002 0.39437500000000003 0.24194444375000002
1 0.39273437499999997 0.2554166671875 0.39273437499999997 0.21208333281249997 0.326640625 0.21208333281249997 0.326640625 0.2554166671875 0.39273437499999997 0.2554166671875
1 0.346875 0.007777778125 0.346875 0.053472221875 0.473125 0.053472221875 0.473125 0.007777778125 0.346875 0.007777778125
1 0.10218750000000001 0.038333332812499996 0.10218750000000001 0.07875 0.16984375000000002 0.07875 0.16984375000000002 0.038333332812499996 0.10218750000000001 0.038333332812499996
1 0.18070312500000002 0.13944444375 0.18070312500000002 0.09805555625 0.11570312499999999 0.09805555625 0.11570312499999999 0.13944444375 0.18070312500000002 0.13944444375
1 0.11140625 0.43680555625000006 0.11140625 0.3983333328125 0.076171875 0.3983333328125 0.076171875 0.43680555625000006 0.11140625 0.43680555625000006
1 0.085390625 0.43777777812499996 0.085390625 0.3983333328125 0.037734375 0.3983333328125 0.037734375 0.43777777812499996 0.085390625 0.43777777812499996
1 0.037734375 0.45027777812499997 0.037734375 0.40499999999999997 0.016640625 0.40499999999999997 0.016640625 0.45027777812499997 0.037734375 0.45027777812499997
1 0.014453125 0.4579166671875 0.014453125 0.4175 0.00203125 0.4175 0.00203125 0.4579166671875 0.014453125 0.4579166671875