0 0.349921875 0.0026041671875 0.349921875 0.9664583328124999 0.8797656249999999 0.9664583328124999 0.8797656249999999 0.0026041671875 0.349921875 0.0026041671875
1 0.14671875 0.42020833281250003 0.14671875 0.3961458328125 0.0003125 0.3961458328125 0.0003125 0.42020833281250003 0.14671875 0.42020833281250003
1 0.14421875 0.4415625 0.14421875 0.42020833281250003 0.0003125 0.42020833281250003 0.0003125 0.4415625 0.14421875 0.4415625
1 0.143671875 0.4683333328125 0.143671875 0.4415625 0.0013281249999999999 0.4415625 0.0013281249999999999 0.4683333328125 0.143671875 0.4683333328125
1 0.15015625 0.48635416718749996 0.15015625 0.46770833281249996 0.0003125 0.46770833281249996 0.0003125 0.48635416718749996 0.15015625 0.48635416718749996
1 0.15015625 0.5264583328125 0.15015625 0.48635416718749996 0.00234375 0.48635416718749996 0.00234375 0.5264583328125 0.15015625 0.5264583328125
1 0.15421875000000002 0.5425 0.15421875000000002 0.5170833328125 0.0063281249999999995 0.5170833328125 0.0063281249999999995 0.5425 0.15421875000000002 0.5425
1 0.15171874999999999 0.5692708328125 0.15171874999999999 0.5311458328125 0.0003125 0.5311458328125 0.0003125 0.5692708328125 0.15171874999999999 0.5692708328125
1 0.152734375 0.5933333328125 0.152734375 0.5559375 0.0017968749999999999 0.5559375 0.0017968749999999999 0.5933333328125 0.152734375 0.5933333328125
1 0.153203125 0.619375 0.153203125 0.5765625 0.00234375 0.5765625 0.00234375 0.619375 0.153203125 0.619375
1 0.167265625 0.63875 0.167265625 0.6040625000000001 0.0017968749999999999 0.6040625000000001 0.0017968749999999999 0.63875 0.167265625 0.63875
1 0.214453125 0.6265625 0.214453125 0.5958333328125 0.154296875 0.5958333328125 0.154296875 0.6265625 0.214453125 0.6265625
1 0.14375 0.5684375 0.14375 0.5944791671874999 0.21187499999999998 0.5944791671874999 0.21187499999999998 0.5684375 0.14375 0.5684375
1 0.14171875 0.55375 0.14171875 0.5778125000000001 0.20789062500000002 0.5778125000000001 0.20789062500000002 0.55375 0.14171875 0.55375
1 0.14320312500000001 0.5316666671875 0.14320312500000001 0.55375 0.20890625 0.55375 0.20890625 0.5316666671875 0.14320312500000001 0.5316666671875
1 0.14320312500000001 0.5076041671875 0.14320312500000001 0.5316666671875 0.21640625 0.5316666671875 0.21640625 0.5076041671875 0.14320312500000001 0.5076041671875
1 0.14828125 0.48020833281249997 0.14828125 0.5076041671875 0.21640625 0.5076041671875 0.21640625 0.48020833281249997 0.14828125 0.48020833281249997
1 0.147265625 0.45885416718750005 0.147265625 0.47822916718749997 0.20890625 0.47822916718749997 0.20890625 0.45885416718750005 0.147265625 0.45885416718750005
1 0.151796875 0.44947916718750003 0.151796875 0.45885416718750005 0.20890625 0.45885416718750005 0.20890625 0.44947916718750003 0.151796875 0.44947916718750003
1 0.151796875 0.4327083328125 0.151796875 0.44947916718750003 0.209375 0.44947916718750003 0.209375 0.4327083328125 0.151796875 0.4327083328125
1 0.151796875 0.4246875 0.151796875 0.4327083328125 0.209375 0.4327083328125 0.209375 0.4246875 0.151796875 0.4246875
1 0.151796875 0.4146875 0.151796875 0.4246875 0.20789062500000002 0.4246875 0.20789062500000002 0.4146875 0.151796875 0.4146875
1 0.139765625 0.4027083328125 0.139765625 0.4146875 0.20789062500000002 0.4146875 0.20789062500000002 0.4027083328125 0.139765625 0.4027083328125
1 0.139765625 0.3879166671875 0.139765625 0.4027083328125 0.20390625 0.4027083328125 0.20390625 0.3879166671875 0.139765625 0.3879166671875
1 0.138203125 0.3739583328125 0.138203125 0.3879166671875 0.20390625 0.3879166671875 0.20390625 0.3739583328125 0.138203125 0.3739583328125
1 0.113671875 0.3552083328125 0.113671875 0.3391666671875 0.023984375 0.3391666671875 0.023984375 0.3552083328125 0.113671875 0.3552083328125
1 0.0690625 0.3726041671875 0.0690625 0.34989583281250003 0.002421875 0.34989583281250003 0.002421875 0.3726041671875 0.0690625 0.3726041671875
1 0.06703125 0.3798958328125 0.06703125 0.36854166718750003 0.002890625 0.36854166718750003 0.002890625 0.3798958328125 0.06703125 0.3798958328125
1 0.0640625 0.3966666671875 0.0640625 0.380625 0.002890625 0.380625 0.002890625 0.3966666671875 0.0640625 0.3966666671875
1 0.065546875 0.38395833281249997 0.065546875 0.3966666671875 0.140234375 0.3966666671875 0.140234375 0.38395833281249997 0.065546875 0.38395833281249997
1 0.06593750000000001 0.3501041671875 0.06593750000000001 0.37333333281250003 0.139765625 0.37333333281250003 0.139765625 0.3501041671875 0.06593750000000001 0.3501041671875
1 0.13804687499999999 0.388125 0.13804687499999999 0.3644791671875 0.06421875 0.3644791671875 0.06421875 0.388125 0.13804687499999999 0.388125