0 0.995078125 0.9420833328124999 0.995078125 0.20444444375 0.83078125 0.20444444375 0.83078125 0.9420833328124999 0.995078125 0.9420833328124999
0 0.531953125 0.5523611109375001 0.531953125 0.35805555624999996 0.42312500000000003 0.35805555624999996 0.42312500000000003 0.5523611109375001 0.531953125 0.5523611109375001
0 0.396015625 0.410972221875 0.396015625 0.51 0.4334375 0.51 0.4334375 0.410972221875 0.396015625 0.410972221875
0 0.396015625 0.48208333281250004 0.396015625 0.41194444375000006 0.36625 0.41194444375000006 0.36625 0.48208333281250004 0.396015625 0.48208333281250004
0 0.340859375 0.40319444375 0.340859375 0.467777778125 0.36953125 0.467777778125 0.36953125 0.40319444375 0.340859375 0.40319444375
0 0.236171875 0.427777778125 0.236171875 0.3670833328125 0.204765625 0.3670833328125 0.204765625 0.427777778125 0.236171875 0.427777778125
0 0.1890625 0.42874999999999996 0.1890625 0.35361111093750003 0.159296875 0.35361111093750003 0.159296875 0.42874999999999996 0.1890625 0.42874999999999996
0 0.11875 0.3295833328125 0.11875 0.42874999999999996 0.1771875 0.42874999999999996 0.1771875 0.3295833328125 0.11875 0.3295833328125
0 0.0465625 0.40430555625000003 0.0465625 0.1129166671875 0.0010937499999999999 0.1129166671875 0.0010937499999999999 0.40430555625000003 0.0465625 0.40430555625000003
0 0.07328124999999999 0.40361111093749996 0.07328124999999999 0.1604166671875 0.015703125000000002 0.1604166671875 0.015703125000000002 0.40361111093749996 0.07328124999999999 0.40361111093749996
0 0.10859375 0.41027777812500005 0.10859375 0.19180555625 0.060078125 0.19180555625 0.060078125 0.41027777812500005 0.10859375 0.41027777812500005