0 0.782109375 0.00125 0.782109375 0.9236111109375 0.99546875 0.9236111109375 0.99546875 0.00125 0.782109375 0.00125
0 0.6828125 0.7048611109375 0.6828125 0.0083333328125 0.380859375 0.0083333328125 0.380859375 0.7048611109375 0.6828125 0.7048611109375
0 0.41671874999999997 0.5354166671875 0.41671874999999997 0.135 0.046406249999999996 0.135 0.046406249999999996 0.5354166671875 0.41671874999999997 0.5354166671875
1 0.21328125 0.29902777812500003 0.21328125 0.339027778125 0.291328125 0.339027778125 0.291328125 0.29902777812500003 0.21328125 0.29902777812500003
1 0.294921875 0.355972221875 0.294921875 0.313472221875 0.21375000000000002 0.313472221875 0.21375000000000002 0.355972221875 0.294921875 0.355972221875
1 0.20242187500000003 0.44888888906249996 0.20242187500000003 0.48666666718749996 0.28585937499999997 0.48666666718749996 0.28585937499999997 0.44888888906249996 0.20242187500000003 0.44888888906249996
1 0.291328125 0.46819444375 0.291328125 0.43208333281250005 0.20242187500000003 0.43208333281250005 0.20242187500000003 0.46819444375 0.291328125 0.46819444375
1 0.21007812499999998 0.424027778125 0.21007812499999998 0.46013888906249995 0.290390625 0.46013888906249995 0.290390625 0.424027778125 0.21007812499999998 0.424027778125
1 0.290390625 0.438472221875 0.290390625 0.395277778125 0.20968749999999997 0.395277778125 0.20968749999999997 0.438472221875 0.290390625 0.438472221875
1 0.21375000000000002 0.384027778125 0.21375000000000002 0.42083333281249996 0.290390625 0.42083333281249996 0.290390625 0.384027778125 0.21375000000000002 0.384027778125
1 0.2921875 0.4063888890625 0.2921875 0.3695833328125 0.21328125 0.3695833328125 0.21328125 0.4063888890625 0.2921875 0.4063888890625
1 0.21187499999999998 0.34555555625 0.21187499999999998 0.39194444375000004 0.29578125 0.39194444375000004 0.29578125 0.34555555625 0.21187499999999998 0.34555555625
1 0.311171875 0.46013888906249995 0.311171875 0.43375 0.28546875 0.43375 0.28546875 0.46013888906249995 0.311171875 0.46013888906249995
1 0.313828125 0.47375 0.313828125 0.4561111109375 0.282265625 0.4561111109375 0.282265625 0.47375 0.313828125 0.47375
1 0.311171875 0.48666666718749996 0.311171875 0.4658333328125 0.283203125 0.4658333328125 0.283203125 0.48666666718749996 0.311171875 0.48666666718749996