0 0.48286458281250005 0.624722221875 0.48286458281250005 0.10092592656249999 0.29265625 0.10092592656249999 0.29265625 0.624722221875 0.48286458281250005 0.624722221875
0 0.4438541671875 0.235277778125 0.4438541671875 0.615 0.5577083328125 0.615 0.5577083328125 0.235277778125 0.4438541671875 0.235277778125
0 0.6098958328124999 0.601203703125 0.6098958328124999 0.3295370375 0.5124479171874999 0.3295370375 0.5124479171874999 0.601203703125 0.6098958328124999 0.601203703125
0 0.7221875 0.5678703703125 0.7221875 0.4015740734375 0.5756249999999999 0.4015740734375 0.5756249999999999 0.5678703703125 0.7221875 0.5678703703125
0 0.1750520828125 0.3075 0.1750520828125 0.6691666671875 0.46734375000000006 0.6691666671875 0.46734375000000006 0.3075 0.1750520828125 0.3075
0 0.6572916671875 0.803240740625 0.6572916671875 0.08 0.0013020828125 0.08 0.0013020828125 0.803240740625 0.6572916671875 0.803240740625
0 0.9332291671874999 0.47083333281249995 0.9332291671874999 0.5554629624999999 0.9789583328125 0.5554629624999999 0.9789583328125 0.47083333281249995 0.9332291671874999 0.47083333281249995
1 0.6537499999999999 0.48157407343749997 0.6537499999999999 0.4654629625 0.6271875 0.4654629625 0.6271875 0.48157407343749997 0.6537499999999999 0.48157407343749997
1 0.6517708328125 0.4904629625 0.6517708328125 0.4796296296875 0.6255208328124999 0.4796296296875 0.6255208328124999 0.4904629625 0.6517708328125 0.4904629625
1 0.6519270828125 0.49657407343750004 0.6519270828125 0.48990740781250003 0.6235416671875 0.48990740781250003 0.6235416671875 0.49657407343750004 0.6519270828125 0.49657407343750004
1 0.6516666671875 0.5046296296875 0.6516666671875 0.49657407343750004 0.6235416671875 0.49657407343750004 0.6235416671875 0.5046296296875 0.6516666671875 0.5046296296875
1 0.6280208328125 0.4848148140625 0.6280208328125 0.46953703750000003 0.58875 0.46953703750000003 0.58875 0.4848148140625 0.6280208328125 0.4848148140625
1 0.6280208328125 0.49796296250000005 0.6280208328125 0.4848148140625 0.58796875 0.4848148140625 0.58796875 0.49796296250000005 0.6280208328125 0.49796296250000005
1 0.6272395828125 0.5071296296875001 0.6272395828125 0.49796296250000005 0.58796875 0.49796296250000005 0.58796875 0.5071296296875001 0.6272395828125 0.5071296296875001
1 0.6272395828125 0.5154629625 0.6272395828125 0.5071296296875001 0.5857291671875 0.5071296296875001 0.5857291671875 0.5154629625 0.6272395828125 0.5154629625
1 0.6226041671875 0.5229629625000001 0.6226041671875 0.5154629625 0.5857291671875 0.5154629625 0.5857291671875 0.5229629625000001 0.6226041671875 0.5229629625000001
1 0.6226041671875 0.5315740734375 0.6226041671875 0.5229629625000001 0.5905729171874999 0.5229629625000001 0.5905729171874999 0.5315740734375 0.6226041671875 0.5315740734375
1 0.6236458328125 0.5425925921875 0.6236458328125 0.5315740734375 0.5905729171874999 0.5315740734375 0.5905729171874999 0.5425925921875 0.6236458328125 0.5425925921875
1 0.6236458328125 0.5546296296875 0.6236458328125 0.5425925921875 0.5908333328125 0.5425925921875 0.5908333328125 0.5546296296875 0.6236458328125 0.5546296296875
1 0.6261979171875 0.5390740734375 0.6261979171875 0.5511111109375 0.6521874999999999 0.5511111109375 0.6521874999999999 0.5390740734375 0.6261979171875 0.5390740734375
1 0.6509895828125 0.5318518515624999 0.6509895828125 0.5229629625000001 0.625625 0.5229629625000001 0.625625 0.5390740734375 0.6521874999999999 0.5390740734375 0.6521874999999999 0.5318518515624999 0.6509895828125 0.5318518515624999
1 0.63375 0.470277778125 0.63375 0.4576851859375 0.5934375000000001 0.4576851859375 0.5934375000000001 0.470277778125 0.63375 0.470277778125