1 0.1849479171875 0.4765740734375 0.1849479171875 0.45601851875 0.16140625 0.45601851875 0.16140625 0.4765740734375 0.1849479171875 0.4765740734375
1 0.1849479171875 0.48546296250000004 0.1849479171875 0.4765740734375 0.1620833328125 0.4765740734375 0.1620833328125 0.48546296250000004 0.1849479171875 0.48546296250000004
1 0.18536458281249998 0.5005555562499999 0.18536458281249998 0.48546296250000004 0.1620833328125 0.48546296250000004 0.1620833328125 0.5005555562499999 0.18536458281249998 0.5005555562499999
1 0.1883854171875 0.5160185187499999 0.1883854171875 0.5000925921875 0.1601041671875 0.5000925921875 0.1601041671875 0.5160185187499999 0.1883854171875 0.5160185187499999
1 0.1875520828125 0.5345370375 0.1875520828125 0.5160185187499999 0.1601041671875 0.5160185187499999 0.1601041671875 0.5345370375 0.1875520828125 0.5345370375
1 0.18578125 0.5453703703125 0.18578125 0.5325925921875 0.15531250000000002 0.5325925921875 0.15531250000000002 0.5453703703125 0.18578125 0.5453703703125
1 0.1914583328125 0.559722221875 0.1914583328125 0.5453703703125 0.15531250000000002 0.5453703703125 0.15531250000000002 0.559722221875 0.1914583328125 0.559722221875
1 0.1914583328125 0.578240740625 0.1914583328125 0.559722221875 0.1546875 0.559722221875 0.1546875 0.578240740625 0.1914583328125 0.578240740625
1 0.1883854171875 0.590277778125 0.1883854171875 0.57555555625 0.15531250000000002 0.57555555625 0.15531250000000002 0.590277778125 0.1883854171875 0.590277778125
1 0.1883854171875 0.5759259265625001 0.1883854171875 0.590277778125 0.27718750000000003 0.590277778125 0.27718750000000003 0.5759259265625001 0.1883854171875 0.5759259265625001
1 0.1866666671875 0.559722221875 0.1866666671875 0.5775 0.2765104171875 0.5775 0.2765104171875 0.559722221875 0.1866666671875 0.559722221875
1 0.18994791718749998 0.5465740734375 0.18994791718749998 0.56398148125 0.2765104171875 0.56398148125 0.2765104171875 0.5465740734375 0.18994791718749998 0.5465740734375
1 0.18578125 0.530277778125 0.18578125 0.5508333328125 0.2763020828125 0.5508333328125 0.2763020828125 0.530277778125 0.18578125 0.530277778125
1 0.18927083281249998 0.516759259375 0.18927083281249998 0.5349074078125 0.2769270828125 0.5349074078125 0.2769270828125 0.516759259375 0.18927083281249998 0.516759259375
1 0.1833854171875 0.5036111109375 0.1833854171875 0.5210185187499999 0.27958333281250003 0.5210185187499999 0.27958333281250003 0.5036111109375 0.1833854171875 0.5036111109375
1 0.1936458328125 0.48388888906250005 0.1936458328125 0.5071296296875001 0.28239583281249997 0.5071296296875001 0.28239583281249997 0.48388888906250005 0.1936458328125 0.48388888906250005
1 0.196875 0.4711111109375 0.196875 0.4924074078125 0.2841145828125 0.4924074078125 0.2841145828125 0.4711111109375 0.196875 0.4711111109375
1 0.2858854171875 0.4765740734375 0.2858854171875 0.4579629625 0.1975520828125 0.4579629625 0.1975520828125 0.4765740734375 0.2858854171875 0.4765740734375
1 0.1999479171875 0.4425 0.1999479171875 0.4703703703125 0.2841145828125 0.4703703703125 0.2841145828125 0.4425 0.1999479171875 0.4425
1 0.19885416718749999 0.4746296296875 0.19885416718749999 0.4583333328125 0.1822916671875 0.4583333328125 0.1822916671875 0.4746296296875 0.19885416718749999 0.4746296296875
1 0.20036458281249997 0.4881481484375 0.20036458281249997 0.4746296296875 0.1822916671875 0.4746296296875 0.1822916671875 0.4881481484375 0.20036458281249997 0.4881481484375
0 0.40786458281250004 0.6459259265624999 0.40786458281250004 0.3465740734375 0.09578125 0.3465740734375 0.09578125 0.6459259265624999 0.40786458281250004 0.6459259265624999
0 0.759375 0.5784259265625 0.759375 0.4513888890625 0.6822916671875 0.4513888890625 0.6822916671875 0.5784259265625 0.759375 0.5784259265625
0 0.6157812500000001 0.4841666671875 0.6157812500000001 0.569722221875 0.6537499999999999 0.569722221875 0.6537499999999999 0.4841666671875 0.6157812500000001 0.4841666671875
0 0.5642708328125 0.5556481484375 0.5642708328125 0.508240740625 0.5371875 0.508240740625 0.5371875 0.5556481484375 0.5642708328125 0.5556481484375
0 0.1110416671875 0.6988888890625 0.1110416671875 0.0323148140625 0.0044270828125 0.0323148140625 0.0044270828125 0.6988888890625 0.1110416671875 0.6988888890625