0 0.9560416671875 0.5650925921875001 0.9560416671875 0.44314814843750006 0.8967708328124999 0.44314814843750006 0.8967708328124999 0.5650925921875001 0.9560416671875 0.5650925921875001
0 0.09520833281249999 0.56898148125 0.09520833281249999 0.418796296875 0.05234375 0.418796296875 0.05234375 0.56898148125 0.09520833281249999 0.56898148125
1 0.66796875 0.389722221875 0.66796875 0.3416666671875 0.5638020828125 0.3416666671875 0.5638020828125 0.389722221875 0.66796875 0.389722221875
1 0.6671875 0.3998148140625 0.6671875 0.3663888890625 0.5660937500000001 0.3663888890625 0.5660937500000001 0.3998148140625 0.6671875 0.3998148140625
1 0.6660416671875 0.4158333328125 0.6660416671875 0.38305555625 0.5675520828125 0.38305555625 0.5675520828125 0.4158333328125 0.6660416671875 0.4158333328125
1 0.6675520828125 0.4338888890625 0.6675520828125 0.4011111109375 0.5671875 0.4011111109375 0.5671875 0.4338888890625 0.6675520828125 0.4338888890625
1 0.6660416671875 0.45324074062499997 0.6660416671875 0.42314814843750004 0.5675520828125 0.42314814843750004 0.5675520828125 0.45324074062499997 0.6660416671875 0.45324074062499997
1 0.6671875 0.4665740734375 0.6671875 0.4345370375 0.5668229171875 0.4345370375 0.5668229171875 0.4665740734375 0.6671875 0.4665740734375
1 0.6683333328125001 0.4879629625 0.6683333328125001 0.4579629625 0.5668229171875 0.4579629625 0.5668229171875 0.4879629625 0.6683333328125001 0.4879629625
1 0.6660416671875 0.5 0.6660416671875 0.47592592656250005 0.5686979171875 0.47592592656250005 0.5686979171875 0.5 0.6660416671875 0.5
1 0.6668229171875 0.518703703125 0.6668229171875 0.49601851874999997 0.56796875 0.49601851874999997 0.56796875 0.518703703125 0.6668229171875 0.518703703125
1 0.6668229171875 0.5361111109375 0.6668229171875 0.510740740625 0.5641666671875 0.510740740625 0.5641666671875 0.5361111109375 0.6668229171875 0.5361111109375
1 0.6653125 0.5541666671875001 0.6653125 0.532777778125 0.5649479171875 0.532777778125 0.5649479171875 0.5541666671875001 0.6653125 0.5541666671875001
1 0.6604166671875 0.5749074078125 0.6604166671875 0.54944444375 0.5638020828125 0.54944444375 0.5638020828125 0.5749074078125 0.6604166671875 0.5749074078125
1 0.55515625 0.6009259265625 0.55515625 0.579 0.5660937500000001 0.5786481484375 0.5660937500000001 0.594259259375 0.6638020828125 0.594259259375 0.6638020828125 0.5682407406250001 0.5660937500000001 0.5682407406250001 0.55515625 0.57351851875 0.45026041718750004 0.57351851875 0.45026041718750004 0.6009259265625 0.55515625 0.6009259265625
1 0.4536458328125 0.558796296875 0.4536458328125 0.5822222218750001 0.55703125 0.5822222218750001 0.55703125 0.558796296875 0.4536458328125 0.558796296875
1 0.45140624999999995 0.5348148140625 0.45140624999999995 0.5641666671875 0.5566666671875 0.5641666671875 0.5566666671875 0.5348148140625 0.45140624999999995 0.5348148140625
1 0.45218749999999996 0.520740740625 0.45218749999999996 0.5468518515625 0.5566666671875 0.5468518515625 0.5566666671875 0.520740740625 0.45218749999999996 0.520740740625
1 0.45406250000000004 0.49601851874999997 0.45406250000000004 0.5254629625 0.5585416671875 0.5254629625 0.5585416671875 0.49601851874999997 0.45406250000000004 0.49601851874999997
1 0.4555729171875 0.4746296296875 0.4555729171875 0.5113888890625 0.5540625 0.5113888890625 0.5540625 0.4746296296875 0.4555729171875 0.4746296296875
1 0.45218749999999996 0.45861111093750007 0.45218749999999996 0.4873148140625 0.55703125 0.4873148140625 0.55703125 0.45861111093750007 0.45218749999999996 0.45861111093750007
1 0.45140624999999995 0.43185185156249994 0.45140624999999995 0.4665740734375 0.5540625 0.4665740734375 0.5540625 0.43185185156249994 0.45140624999999995 0.43185185156249994
1 0.4529166671875 0.41787037031249996 0.4529166671875 0.4486111109375 0.5544270828125 0.4486111109375 0.5544270828125 0.41787037031249996 0.4529166671875 0.41787037031249996
1 0.4498958328125 0.39574074062500003 0.4498958328125 0.4325 0.55515625 0.4325 0.55515625 0.39574074062500003 0.4498958328125 0.39574074062500003
1 0.4529166671875 0.37842592656249996 0.4529166671875 0.4084259265625 0.5555208328125001 0.4084259265625 0.5555208328125001 0.37842592656249996 0.4529166671875 0.37842592656249996
1 0.4555729171875 0.356296296875 0.4555729171875 0.385740740625 0.5555208328125001 0.385740740625 0.5555208328125001 0.356296296875 0.4555729171875 0.356296296875
1 0.4578125 0.33629629687499996 0.4578125 0.3750925921875 0.5566666671875 0.3750925921875 0.5566666671875 0.33629629687499996 0.4578125 0.33629629687499996
1 0.4555729171875 0.31222222187500004 0.4555729171875 0.353703703125 0.5563020828125 0.353703703125 0.5563020828125 0.31222222187500004 0.4555729171875 0.31222222187500004
1 0.589375 0.35972222187499997 0.589375 0.3315740734375 0.55515625 0.3315740734375 0.55515625 0.35972222187499997 0.589375 0.35972222187499997
1 0.5886458328125 0.3643518515625 0.5886458328125 0.3436111109375 0.5555208328125001 0.3436111109375 0.5555208328125001 0.3643518515625 0.5886458328125 0.3643518515625
1 0.5649479171875 0.379722221875 0.5649479171875 0.3643518515625 0.5559375 0.3643518515625 0.5559375 0.379722221875 0.5649479171875 0.379722221875
1 0.5649479171875 0.397777778125 0.5649479171875 0.379722221875 0.5525520828125 0.379722221875 0.5525520828125 0.397777778125 0.5649479171875 0.397777778125
1 0.56796875 0.41518518593750003 0.56796875 0.397777778125 0.5525520828125 0.397777778125 0.5525520828125 0.41518518593750003 0.56796875 0.41518518593750003
1 0.5675520828125 0.4345370375 0.5675520828125 0.41518518593750003 0.54953125 0.41518518593750003 0.54953125 0.4345370375 0.5675520828125 0.4345370375
1 0.5664583328125 0.44787037031250004 0.5664583328125 0.4345370375 0.54953125 0.4345370375 0.54953125 0.44787037031250004 0.5664583328125 0.44787037031250004
1 0.5664583328125 0.46398148125 0.5664583328125 0.44787037031250004 0.5525520828125 0.44787037031250004 0.5525520828125 0.46398148125 0.5664583328125 0.46398148125
1 0.5649479171875 0.4846296296875 0.5649479171875 0.46398148125 0.5525520828125 0.46398148125 0.5525520828125 0.4846296296875 0.5649479171875 0.4846296296875
1 0.5649479171875 0.498703703125 0.5649479171875 0.4846296296875 0.5525520828125 0.4846296296875 0.5525520828125 0.498703703125 0.5649479171875 0.498703703125
1 0.5675520828125 0.520740740625 0.5675520828125 0.498703703125 0.5525520828125 0.498703703125 0.5525520828125 0.520740740625 0.5675520828125 0.520740740625
1 0.07265625 0.5773148140625 0.07265625 0.5596296296875 0.3023460140625 0.5413405796874999 0.5675520828125 0.5400925921875 0.5675520828125 0.5213888890625 0.5529166671875 0.5213888890625 0.304956125 0.5411327499999999 0.026718750000000003 0.5596296296875 0.026718750000000003 0.5773148140625 0.07265625 0.5773148140625
1 0.029322917187500002 0.5962962968750001 0.029322917187500002 0.5763888890625 0.0019270828125 0.5763888890625 0.0019270828125 0.5962962968750001 0.029322917187500002 0.5962962968750001
1 0.33036458281250003 0.4095370375 0.33036458281250003 0.3904629625 0.27786458281250004 0.3904629625 0.27786458281250004 0.4095370375 0.33036458281250003 0.4095370375
1 0.3118229171875 0.41787037031249996 0.3118229171875 0.4048148140625 0.2796875 0.4048148140625 0.2796875 0.41787037031249996 0.3118229171875 0.41787037031249996
1 0.3118229171875 0.43962962968749997 0.3118229171875 0.41787037031249996 0.27734375 0.41787037031249996 0.27734375 0.43962962968749997 0.3118229171875 0.43962962968749997
1 0.30895833281249996 0.4545370375 0.30895833281249996 0.4303703703125 0.2763020828125 0.4303703703125 0.2763020828125 0.4545370375 0.30895833281249996 0.4545370375
1 0.3094791671875 0.464259259375 0.3094791671875 0.44759259218749997 0.2776041671875 0.44759259218749997 0.2776041671875 0.464259259375 0.3094791671875 0.464259259375
1 0.31 0.4790740734375 0.31 0.45592592656250003 0.278125 0.45592592656250003 0.278125 0.4790740734375 0.31 0.4790740734375
1 0.3110416671875 0.49351851875 0.3110416671875 0.47398148124999995 0.2776041671875 0.47398148124999995 0.2776041671875 0.49351851875 0.3110416671875 0.49351851875
1 0.30921875 0.503703703125 0.30921875 0.48370370312500005 0.2791666671875 0.48370370312500005 0.2791666671875 0.503703703125 0.30921875 0.503703703125
1 0.3094791671875 0.5166666671875 0.3094791671875 0.5018518515625 0.27890625 0.5018518515625 0.27890625 0.5166666671875 0.3094791671875 0.5166666671875
1 0.3071354171875 0.5292592593750001 0.3071354171875 0.5166666671875 0.27890625 0.5166666671875 0.27890625 0.5292592593750001 0.3071354171875 0.5292592593750001
1 0.3094791671875 0.5431481484375 0.3094791671875 0.5292592593750001 0.2799479171875 0.5292592593750001 0.2799479171875 0.5431481484375 0.3094791671875 0.5431481484375
1 0.31078125 0.5565740734375 0.31078125 0.542222221875 0.2791666671875 0.542222221875 0.2791666671875 0.5565740734375 0.31078125 0.5565740734375
1 0.3105208328125 0.5700925921875 0.3105208328125 0.5565740734375 0.278125 0.5565740734375 0.278125 0.5700925921875 0.3105208328125 0.5700925921875
1 0.31390625 0.5853703703125 0.31390625 0.5700925921875 0.2786458328125 0.5700925921875 0.2786458328125 0.5853703703125 0.31390625 0.5853703703125
1 0.4569270828125 0.3711111109375 0.4569270828125 0.3399074078125 0.3991666671875 0.3399074078125 0.3991666671875 0.3711111109375 0.4569270828125 0.3711111109375
1 0.4519791671875 0.387222221875 0.4519791671875 0.35907407343750003 0.3996354171875 0.35907407343750003 0.3996354171875 0.387222221875 0.4519791671875 0.387222221875
1 0.4533333328125 0.4063888890625 0.4533333328125 0.3751851859375 0.3996354171875 0.3751851859375 0.3996354171875 0.4063888890625 0.4533333328125 0.4063888890625
1 0.45239583281250006 0.4184259265625 0.45239583281250006 0.3951851859375 0.40369791718750003 0.3951851859375 0.40369791718750003 0.4184259265625 0.45239583281250006 0.4184259265625
1 0.45239583281250006 0.4425 0.45239583281250006 0.41444444375 0.4032291671875 0.41444444375 0.4032291671875 0.4425 0.45239583281250006 0.4425
1 0.45510416718749996 0.46333333281250005 0.45510416718749996 0.4256481484375 0.40505208281250005 0.4256481484375 0.40505208281250005 0.46333333281250005 0.45510416718749996 0.46333333281250005
1 0.45151041718749996 0.4746296296875 0.45151041718749996 0.44092592656249996 0.40458333281250003 0.44092592656249996 0.40458333281250003 0.4746296296875 0.45151041718749996 0.4746296296875
1 0.45286458281249997 0.4890740734375 0.45286458281249997 0.4609259265625 0.40552083281250006 0.4609259265625 0.40552083281250006 0.4890740734375 0.45286458281249997 0.4890740734375
1 0.45286458281249997 0.5090740734375 0.45286458281249997 0.4890740734375 0.40010416718749997 0.4890740734375 0.40010416718749997 0.5090740734375 0.45286458281249997 0.5090740734375
1 0.45104166718750005 0.5283333328125 0.45104166718750005 0.5018518515625 0.40010416718749997 0.5018518515625 0.40010416718749997 0.5283333328125 0.45104166718750005 0.5283333328125
1 0.45062499999999994 0.541203703125 0.45062499999999994 0.5226851859375 0.3978125 0.5226851859375 0.3978125 0.541203703125 0.45062499999999994 0.541203703125
1 0.4488020828125 0.561203703125 0.4488020828125 0.541203703125 0.3978125 0.541203703125 0.3978125 0.561203703125 0.4488020828125 0.561203703125
1 0.45062499999999994 0.5796296296875 0.45062499999999994 0.557222221875 0.40010416718749997 0.557222221875 0.40010416718749997 0.5796296296875 0.45062499999999994 0.5796296296875
1 0.4560416671875 0.6052777781249999 0.4560416671875 0.5788888890624999 0.40010416718749997 0.5788888890624999 0.40010416718749997 0.6052777781249999 0.4560416671875 0.6052777781249999
1 0.355 0.5748148140625 0.355 0.5949074078125001 0.40822916718749996 0.5949074078125001 0.40822916718749996 0.5748148140625 0.355 0.5748148140625
1 0.355 0.557222221875 0.355 0.5740740734374999 0.3991666671875 0.5740740734374999 0.3991666671875 0.557222221875 0.355 0.557222221875
1 0.3567708328125 0.5427777781249999 0.3567708328125 0.557222221875 0.3991666671875 0.557222221875 0.3991666671875 0.5427777781249999 0.3567708328125 0.5427777781249999
1 0.3554166671875 0.5283333328125 0.3554166671875 0.5427777781249999 0.4059375 0.5427777781249999 0.4059375 0.5283333328125 0.3554166671875 0.5283333328125
1 0.3522916671875 0.5090740734375 0.3522916671875 0.5283333328125 0.40552083281250006 0.5283333328125 0.40552083281250006 0.5090740734375 0.3522916671875 0.5090740734375
1 0.355 0.49305555625 0.355 0.5171296296875 0.40098958281249997 0.5171296296875 0.40098958281249997 0.49305555625 0.355 0.49305555625
1 0.3531770828125 0.4770370375 0.3531770828125 0.4946296296875 0.40098958281249997 0.4946296296875 0.40098958281249997 0.4770370375 0.3531770828125 0.4770370375
1 0.355 0.4625925921875 0.355 0.4801851859375 0.4014583328125 0.4801851859375 0.4014583328125 0.4625925921875 0.355 0.4625925921875
1 0.3594791671875 0.44175925937500005 0.3594791671875 0.4641666671875 0.40416666718750005 0.4641666671875 0.40416666718750005 0.44175925937500005 0.3594791671875 0.44175925937500005
1 0.35859375 0.42731481406249994 0.35859375 0.449722221875 0.3996354171875 0.449722221875 0.3996354171875 0.42731481406249994 0.35859375 0.42731481406249994
1 0.3608333328125 0.408796296875 0.3608333328125 0.4321296296875 0.4028125 0.4321296296875 0.4028125 0.408796296875 0.3608333328125 0.408796296875
1 0.3603645828125 0.3975925921875 0.3603645828125 0.41925925937499997 0.40234375 0.41925925937499997 0.40234375 0.3975925921875 0.3603645828125 0.3975925921875
1 0.4008854171875 0.3843518515625 0.4008854171875 0.36157407343750003 0.3575520828125 0.36157407343750003 0.3575520828125 0.3843518515625 0.4008854171875 0.3843518515625
1 0.39958333281249997 0.4061111109375 0.39958333281249997 0.3763888890625 0.3591145828125 0.3763888890625 0.3591145828125 0.4061111109375 0.39958333281249997 0.4061111109375
1 0.3565104171875 0.4158333328125 0.3565104171875 0.3899074078125 0.31265624999999997 0.3899074078125 0.31265624999999997 0.4158333328125 0.3565104171875 0.4158333328125
1 0.35390625 0.4251851859375 0.35390625 0.4028703703125 0.3144791671875 0.4028703703125 0.3144791671875 0.4251851859375 0.35390625 0.4251851859375
1 0.35494791718749996 0.4441666671875 0.35494791718749996 0.4176851859375 0.31083333281250003 0.4176851859375 0.31083333281250003 0.4441666671875 0.35494791718749996 0.4441666671875
1 0.35234375 0.45759259218750004 0.35234375 0.43537037031250003 0.3116145828125 0.43537037031250003 0.3116145828125 0.45759259218750004 0.35234375 0.45759259218750004
1 0.3544270828125 0.4725 0.3544270828125 0.4529629625 0.3077083328125 0.4529629625 0.3077083328125 0.4725 0.3544270828125 0.4725
1 0.35390625 0.482222221875 0.35390625 0.4641666671875 0.3105729171875 0.4641666671875 0.3105729171875 0.482222221875 0.35390625 0.482222221875
1 0.35390625 0.501296296875 0.35390625 0.482222221875 0.3116145828125 0.482222221875 0.3116145828125 0.501296296875 0.35390625 0.501296296875
1 0.35208333281250004 0.5137962968750001 0.35208333281250004 0.49472222187500003 0.3116145828125 0.49472222187500003 0.3116145828125 0.5137962968750001 0.35208333281250004 0.5137962968750001
1 0.35234375 0.52351851875 0.35234375 0.5096296296875 0.3058854171875 0.5096296296875 0.3058854171875 0.52351851875 0.35234375 0.52351851875
1 0.3546875 0.54398148125 0.3546875 0.52351851875 0.3097916671875 0.52351851875 0.3097916671875 0.54398148125 0.3546875 0.54398148125
1 0.35546875 0.5574074078125 0.35546875 0.5421296296875 0.31526041718750003 0.5421296296875 0.31526041718750003 0.5574074078125 0.35546875 0.5574074078125
1 0.35390625 0.573240740625 0.35390625 0.5574074078125 0.31526041718750003 0.5574074078125 0.31526041718750003 0.573240740625 0.35390625 0.573240740625
1 0.35390625 0.58851851875 0.35390625 0.573240740625 0.31421875 0.573240740625 0.31421875 0.58851851875 0.35390625 0.58851851875
1 0.2518229171875 0.5699074078125 0.2518229171875 0.586203703125 0.2815625 0.586203703125 0.2815625 0.5699074078125 0.2518229171875 0.5699074078125
1 0.2513020828125 0.55601851875 0.2513020828125 0.56898148125 0.2805208328125 0.56898148125 0.2805208328125 0.55601851875 0.2513020828125 0.55601851875
1 0.2510416671875 0.5458333328125 0.2510416671875 0.55601851875 0.2805208328125 0.55601851875 0.2805208328125 0.5458333328125 0.2510416671875 0.5458333328125
1 0.2510416671875 0.53 0.2510416671875 0.5458333328125 0.27999999999999997 0.5458333328125 0.27999999999999997 0.53 0.2510416671875 0.53
1 0.2502604171875 0.5184259265625 0.2502604171875 0.53 0.27999999999999997 0.53 0.27999999999999997 0.5184259265625 0.2502604171875 0.5184259265625
1 0.2502604171875 0.505 0.2502604171875 0.5184259265625 0.2794791671875 0.5184259265625 0.2794791671875 0.505 0.2502604171875 0.505
1 0.2518229171875 0.49101851874999997 0.2518229171875 0.5054629625 0.2797395828125 0.5054629625 0.2797395828125 0.49101851874999997 0.2518229171875 0.49101851874999997
1 0.2520833328125 0.47759259218750005 0.2520833328125 0.494259259375 0.27921874999999996 0.494259259375 0.27921874999999996 0.47759259218750005 0.2520833328125 0.47759259218750005
1 0.2510416671875 0.46601851875 0.2510416671875 0.4831481484375 0.27921874999999996 0.4831481484375 0.27921874999999996 0.46601851875 0.2510416671875 0.46601851875
1 0.2502604171875 0.45388888906249997 0.2502604171875 0.4715740734375 0.27531249999999996 0.4715740734375 0.27531249999999996 0.45388888906249997 0.2502604171875 0.45388888906249997
1 0.2781770828125 0.45759259218750004 0.2781770828125 0.44138888906249996 0.24713541718749998 0.44138888906249996 0.24713541718749998 0.45759259218750004 0.2781770828125 0.45759259218750004
1 0.2513020828125 0.4284259265625 0.2513020828125 0.4483333328125 0.2758333328125 0.4483333328125 0.2758333328125 0.4284259265625 0.2513020828125 0.4284259265625
1 0.2771354171875 0.43398148125 0.2771354171875 0.4158333328125 0.2520833328125 0.4158333328125 0.2520833328125 0.43398148125 0.2771354171875 0.43398148125
1 0.253125 0.3991666671875 0.253125 0.4228703703125 0.27921874999999996 0.4228703703125 0.27921874999999996 0.3991666671875 0.253125 0.3991666671875
1 0.25729166718749996 0.41351851875 0.25729166718749996 0.40101851875000005 0.2246875 0.40101851875000005 0.2246875 0.41351851875 0.25729166718749996 0.41351851875
1 0.2481770828125 0.430740740625 0.2481770828125 0.41351851875 0.22442708281249998 0.41351851875 0.22442708281249998 0.430740740625 0.2481770828125 0.430740740625
1 0.2494791671875 0.443240740625 0.2494791671875 0.4265740734375 0.2241666671875 0.4265740734375 0.2241666671875 0.443240740625 0.2494791671875 0.443240740625
1 0.2520833328125 0.4511111109375 0.2520833328125 0.43444444375 0.22390625000000003 0.43444444375 0.22390625000000003 0.4511111109375 0.2520833328125 0.4511111109375
1 0.2515625 0.46555555625 0.2515625 0.4501851859375 0.22442708281249998 0.4501851859375 0.22442708281249998 0.46555555625 0.2515625 0.46555555625
1 0.2502604171875 0.47481481406250003 0.2502604171875 0.4623148140625 0.2233854171875 0.4623148140625 0.2233854171875 0.47481481406250003 0.2502604171875 0.47481481406250003
1 0.2502604171875 0.48546296250000004 0.2502604171875 0.47481481406250003 0.22234375 0.47481481406250003 0.22234375 0.48546296250000004 0.2502604171875 0.48546296250000004
1 0.24921875 0.493796296875 0.24921875 0.48546296250000004 0.22234375 0.48546296250000004 0.22234375 0.493796296875 0.24921875 0.493796296875
1 0.24921875 0.51055555625 0.24921875 0.493796296875 0.22234375 0.493796296875 0.22234375 0.51055555625 0.24921875 0.51055555625
1 0.24739583281250002 0.5188888890625 0.24739583281250002 0.5073148140625 0.2226041671875 0.5073148140625 0.2226041671875 0.5188888890625 0.24739583281250002 0.5188888890625
1 0.2479166671875 0.5318518515624999 0.2479166671875 0.5188888890625 0.2210416671875 0.5188888890625 0.2210416671875 0.5318518515624999 0.2479166671875 0.5318518515624999
1 0.25 0.54444444375 0.25 0.5318518515624999 0.22156250000000002 0.5318518515624999 0.22156250000000002 0.54444444375 0.25 0.54444444375
1 0.25 0.5550925921875 0.25 0.54444444375 0.22078125 0.54444444375 0.22078125 0.5550925921875 0.25 0.5550925921875
1 0.24895833281250002 0.5699074078125 0.24895833281250002 0.5550925921875 0.22078125 0.5550925921875 0.22078125 0.5699074078125 0.24895833281250002 0.5699074078125
1 0.2494791671875 0.5829629625 0.2494791671875 0.5699074078125 0.2246875 0.5699074078125 0.2246875 0.5829629625 0.2494791671875 0.5829629625
1 0.2009375 0.5666666671875 0.2009375 0.5829629625 0.2246875 0.5829629625 0.2246875 0.5666666671875 0.2009375 0.5666666671875
1 0.2009375 0.55648148125 0.2009375 0.5666666671875 0.22390625000000003 0.5666666671875 0.22390625000000003 0.55648148125 0.2009375 0.55648148125
1 0.2004166671875 0.5476851859375 0.2004166671875 0.55648148125 0.22390625000000003 0.55648148125 0.22390625000000003 0.5476851859375 0.2004166671875 0.5476851859375
1 0.2004166671875 0.5351851859375001 0.2004166671875 0.5476851859375 0.22234375 0.5476851859375 0.22234375 0.5351851859375001 0.2004166671875 0.5351851859375001
1 0.1998958328125 0.526759259375 0.1998958328125 0.5351851859375001 0.22234375 0.5351851859375001 0.22234375 0.526759259375 0.1998958328125 0.526759259375
1 0.1998958328125 0.5133333328125 0.1998958328125 0.526759259375 0.2233854171875 0.526759259375 0.2233854171875 0.5133333328125 0.1998958328125 0.5133333328125
1 0.19885416718749999 0.502222221875 0.19885416718749999 0.5133333328125 0.2233854171875 0.5133333328125 0.2233854171875 0.502222221875 0.19885416718749999 0.502222221875
1 0.19885416718749999 0.4891666671875 0.19885416718749999 0.5026851859375 0.2226041671875 0.5026851859375 0.2226041671875 0.4891666671875 0.19885416718749999 0.4891666671875
1 0.1978125 0.48175925937499997 0.1978125 0.4891666671875 0.2226041671875 0.4891666671875 0.2226041671875 0.48175925937499997 0.1978125 0.48175925937499997
1 0.199375 0.46601851875 0.199375 0.48175925937499997 0.22390625000000003 0.48175925937499997 0.22390625000000003 0.46601851875 0.199375 0.46601851875
1 0.22390625000000003 0.46925925937499996 0.22390625000000003 0.45759259218750004 0.1998958328125 0.45759259218750004 0.1998958328125 0.46925925937499996 0.22390625000000003 0.46925925937499996
1 0.19885416718749999 0.443703703125 0.19885416718749999 0.4613888890625 0.22234375 0.4613888890625 0.22234375 0.443703703125 0.19885416718749999 0.443703703125
1 0.2240625 0.4388888890625 0.2240625 0.41916666718749995 0.19885416718749999 0.41916666718749995 0.19885416718749999 0.4388888890625 0.2240625 0.4388888890625
1 0.2242708328125 0.446203703125 0.2242708328125 0.42731481406249994 0.1981770828125 0.42731481406249994 0.1981770828125 0.446203703125 0.2242708328125 0.446203703125
1 0.1972916671875 0.44157407343750005 0.1972916671875 0.42731481406249994 0.1751041671875 0.42731481406249994 0.1751041671875 0.44157407343750005 0.1972916671875 0.44157407343750005
1 0.1990625 0.4516666671875 0.1990625 0.43694444375 0.1742708328125 0.43694444375 0.1742708328125 0.4516666671875 0.1990625 0.4516666671875
1 0.1992708328125 0.46398148125 0.1992708328125 0.4474074078125 0.1733854171875 0.4474074078125 0.1733854171875 0.46398148125 0.1992708328125 0.46398148125
1 0.1964583328125 0.471759259375 0.1964583328125 0.4601851859375 0.1733854171875 0.4601851859375 0.1733854171875 0.471759259375 0.1964583328125 0.471759259375
1 0.1959895828125 0.4825925921875 0.1959895828125 0.47101851874999995 0.1761979171875 0.47101851874999995 0.1761979171875 0.4825925921875 0.1959895828125 0.4825925921875
1 0.1959895828125 0.490740740625 0.1959895828125 0.4825925921875 0.1761979171875 0.4825925921875 0.1761979171875 0.490740740625 0.1959895828125 0.490740740625
1 0.1959895828125 0.50305555625 0.1959895828125 0.4911111109375 0.1775 0.4911111109375 0.1775 0.50305555625 0.1959895828125 0.50305555625
1 0.2031770828125 0.51351851875 0.2031770828125 0.5023148140625 0.1755729171875 0.5023148140625 0.1755729171875 0.51351851875 0.2031770828125 0.51351851875
1 0.19776041718749998 0.53398148125 0.19776041718749998 0.522777778125 0.1761979171875 0.522777778125 0.1761979171875 0.53398148125 0.19776041718749998 0.53398148125
1 0.1996875 0.5204629625 0.1996875 0.51351851875 0.1755729171875 0.51351851875 0.1755729171875 0.5204629625 0.1996875 0.5204629625
1 0.1990625 0.5440740734375 0.1990625 0.5316666671875 0.1766145828125 0.5316666671875 0.1766145828125 0.5440740734375 0.1990625 0.5440740734375
1 0.1992708328125 0.5556481484375 0.1992708328125 0.5440740734375 0.1766145828125 0.5440740734375 0.1766145828125 0.5556481484375 0.1992708328125 0.5556481484375
1 0.1990625 0.5676851859375 0.1990625 0.5556481484375 0.1751041671875 0.5556481484375 0.1751041671875 0.5676851859375 0.1990625 0.5676851859375
1 0.19796875 0.5776851859375001 0.19796875 0.5673148140625 0.1751041671875 0.5673148140625 0.1751041671875 0.5776851859375001 0.19796875 0.5776851859375001
1 0.1551041671875 0.5673148140625 0.1551041671875 0.57694444375 0.1746875 0.57694444375 0.1746875 0.5673148140625 0.1551041671875 0.5673148140625
1 0.1551041671875 0.553796296875 0.1551041671875 0.5673148140625 0.176875 0.5673148140625 0.176875 0.553796296875 0.1551041671875 0.553796296875
1 0.1548958328125 0.546759259375 0.1548958328125 0.553796296875 0.176875 0.553796296875 0.176875 0.546759259375 0.1548958328125 0.546759259375
1 0.1548958328125 0.5351851859375001 0.1548958328125 0.546759259375 0.1772916671875 0.546759259375 0.1772916671875 0.5351851859375001 0.1548958328125 0.5351851859375001
1 0.1533854171875 0.5250925921875 0.1533854171875 0.5351851859375001 0.1772916671875 0.5351851859375001 0.1772916671875 0.5250925921875 0.1533854171875 0.5250925921875
1 0.1533854171875 0.516203703125 0.1533854171875 0.5250925921875 0.1766145828125 0.5250925921875 0.1766145828125 0.516203703125 0.1533854171875 0.516203703125
1 0.15421875000000002 0.5069444437499999 0.15421875000000002 0.516203703125 0.1766145828125 0.516203703125 0.1766145828125 0.5069444437499999 0.15421875000000002 0.5069444437499999
1 0.15421875000000002 0.4934259265625 0.15421875000000002 0.5069444437499999 0.1748958328125 0.5069444437499999 0.1748958328125 0.4934259265625 0.15421875000000002 0.4934259265625
1 0.1507291671875 0.48564814843750004 0.1507291671875 0.4934259265625 0.1751041671875 0.4934259265625 0.1751041671875 0.48564814843750004 0.1507291671875 0.48564814843750004
1 0.1507291671875 0.475277778125 0.1507291671875 0.48564814843750004 0.1777083328125 0.48564814843750004 0.1777083328125 0.475277778125 0.1507291671875 0.475277778125
1 0.1522916671875 0.46555555625 0.1522916671875 0.475277778125 0.1777083328125 0.475277778125 0.1777083328125 0.46555555625 0.1522916671875 0.46555555625
1 0.1751041671875 0.456296296875 0.1751041671875 0.4454629625 0.1548958328125 0.4454629625 0.1548958328125 0.456296296875 0.1751041671875 0.456296296875
1 0.1525 0.4315740734375 0.1525 0.4454629625 0.1742708328125 0.4454629625 0.1742708328125 0.4315740734375 0.1525 0.4315740734375
1 0.1742708328125 0.4651851859375 0.1742708328125 0.456296296875 0.15421875000000002 0.456296296875 0.15421875000000002 0.4651851859375 0.1742708328125 0.4651851859375
1 0.1429166671875 0.5138888890625 0.1429166671875 0.498796296875 0.1185416671875 0.498796296875 0.1185416671875 0.5138888890625 0.1429166671875 0.5138888890625
1 0.1325 0.5220370375 0.1325 0.5138888890625 0.1185416671875 0.5138888890625 0.1185416671875 0.5220370375 0.1325 0.5220370375
1 0.1325 0.5328703703125 0.1325 0.5220370375 0.1183333328125 0.5220370375 0.1183333328125 0.5328703703125 0.1325 0.5328703703125
1 0.13140625 0.54101851875 0.13140625 0.5328703703125 0.1183333328125 0.5328703703125 0.1183333328125 0.54101851875 0.13140625 0.54101851875
1 0.13140625 0.5522222218749999 0.13140625 0.54101851875 0.1177083328125 0.54101851875 0.1177083328125 0.5522222218749999 0.13140625 0.5522222218749999
1 0.13093749999999998 0.563796296875 0.13093749999999998 0.5522222218749999 0.1177083328125 0.5522222218749999 0.1177083328125 0.563796296875 0.13093749999999998 0.563796296875
1 0.13093749999999998 0.5746296296875 0.13093749999999998 0.563796296875 0.1196354171875 0.563796296875 0.1196354171875 0.5746296296875 0.13093749999999998 0.5746296296875