0 0.5636458328125 0.404722221875 0.5636458328125 0.5619444437500001 0.6105729171875 0.5619444437500001 0.6105729171875 0.404722221875 0.5636458328125 0.404722221875
1 0.5803645828125 0.5643518515625 0.5803645828125 0.5466666671875 0.5415625000000001 0.5466666671875 0.5415625000000001 0.5643518515625 0.5803645828125 0.5643518515625
1 0.5415625000000001 0.562777778125 0.5415625000000001 0.5499074078125 0.5271354171875 0.5499074078125 0.5271354171875 0.562777778125 0.5415625000000001 0.562777778125
1 0.5325520828125 0.5796296296875 0.5325520828125 0.562777778125 0.4842708328125 0.562777778125 0.4842708328125 0.5796296296875 0.5325520828125 0.5796296296875
1 0.4747916671875 0.5851851859375 0.4747916671875 0.5611111109375 0.43239583281250005 0.5611111109375 0.43239583281250005 0.5851851859375 0.4747916671875 0.5851851859375
1 0.6394791671875 0.49694444375 0.6394791671875 0.47768518593750003 0.6155729171875 0.47768518593750003 0.6155729171875 0.49694444375 0.6394791671875 0.49694444375
1 0.6367708328125 0.5073148140625 0.6367708328125 0.49694444375 0.6155729171875 0.49694444375 0.6155729171875 0.5073148140625 0.6367708328125 0.5073148140625
1 0.6358854171874999 0.5193518515625 0.6358854171874999 0.5081481484375 0.61875 0.5081481484375 0.61875 0.5193518515625 0.6358854171874999 0.5193518515625
1 0.6327083328125 0.5305555562500001 0.6327083328125 0.5193518515625 0.61875 0.5193518515625 0.61875 0.5305555562500001 0.6327083328125 0.5305555562500001
1 0.6327083328125 0.5418518515625 0.6327083328125 0.5305555562500001 0.61875 0.5305555562500001 0.61875 0.5418518515625 0.6327083328125 0.5418518515625
1 0.6331770828125001 0.5522222218749999 0.6331770828125001 0.54101851875 0.61875 0.54101851875 0.61875 0.5522222218749999 0.6331770828125001 0.5522222218749999
1 0.6331770828125001 0.5690740734374999 0.6331770828125001 0.5522222218749999 0.6173958328125 0.5522222218749999 0.6173958328125 0.5690740734374999 0.6331770828125001 0.5690740734374999
1 0.9990625 0.2711111109375 0.9990625 0.2018518515625 0.9380208328125 0.2018518515625 0.9380208328125 0.2711111109375 0.9990625 0.2711111109375
1 0.9386458328125 0.2341666671875 0.9386458328125 0.3011111109375 0.9997395828125001 0.3011111109375 0.9997395828125001 0.2341666671875 0.9386458328125 0.2341666671875
1 0.9977604171875001 0.3265740734375 0.9977604171875001 0.268796296875 0.9341145828125 0.268796296875 0.9341145828125 0.3265740734375 0.9977604171875001 0.3265740734375
1 0.9964583328125001 0.372777778125 0.9964583328125001 0.2988888890625 0.9341145828125 0.2988888890625 0.9341145828125 0.372777778125 0.9964583328125001 0.372777778125
1 0.9393229171874999 0.3358333328125 0.9393229171874999 0.3900925921875 0.9984375 0.3900925921875 0.9984375 0.3358333328125 0.9393229171874999 0.3358333328125
1 0.9952083328124999 0.42240740781249997 0.9952083328124999 0.36351851874999996 0.9432291671874999 0.36351851874999996 0.9432291671874999 0.42240740781249997 0.9952083328124999 0.42240740781249997
1 0.9977604171875001 0.451296296875 0.9977604171875001 0.39935185156249997 0.93671875 0.39935185156249997 0.93671875 0.451296296875 0.9977604171875001 0.451296296875
1 0.9997395828125001 0.47435185156250004 0.9997395828125001 0.4374074078125 0.9373437499999999 0.4374074078125 0.9373437499999999 0.47435185156250004 0.9997395828125001 0.47435185156250004
1 0.9964583328125001 0.50444444375 0.9964583328125001 0.47555555624999996 0.93671875 0.47555555624999996 0.93671875 0.50444444375 0.9964583328125001 0.50444444375
1 0.9958333328125001 0.5413888890624999 0.9958333328125001 0.50444444375 0.9360937500000001 0.50444444375 0.9360937500000001 0.5413888890624999 0.9958333328125001 0.5413888890624999
1 0.9451562499999999 0.5355555562500001 0.9451562499999999 0.5690740734374999 0.9977604171875001 0.5690740734374999 0.9977604171875001 0.5355555562500001 0.9451562499999999 0.5355555562500001
1 0.9971354171875 0.603703703125 0.9971354171875 0.5575 0.9458333328125 0.5575 0.9458333328125 0.603703703125 0.9971354171875 0.603703703125
1 0.9990625 0.637222221875 0.9990625 0.5840740734375001 0.9451562499999999 0.5840740734375001 0.9451562499999999 0.637222221875 0.9990625 0.637222221875
1 0.8509895828125 0.5840740734375001 0.8509895828125 0.63148148125 0.940625 0.63148148125 0.940625 0.5840740734375001 0.8509895828125 0.5840740734375001
1 0.8516145828124999 0.5575 0.8516145828124999 0.5933333328125 0.94453125 0.5933333328125 0.94453125 0.5575 0.8516145828124999 0.5575
1 0.8496874999999999 0.53444444375 0.8496874999999999 0.5633333328125001 0.9509895828125 0.5633333328125001 0.9509895828125 0.53444444375 0.8496874999999999 0.53444444375
1 0.8516145828124999 0.503240740625 0.8516145828124999 0.5401851859375 0.9496874999999999 0.5401851859375 0.9496874999999999 0.503240740625 0.8516145828124999 0.503240740625
1 0.9458333328125 0.5159259265625 0.9458333328125 0.47898148125000006 0.8444791671875 0.47898148125000006 0.8444791671875 0.5159259265625 0.9458333328125 0.5159259265625
1 0.8444791671875 0.454722221875 0.8444791671875 0.49749999999999994 0.9419270828125 0.49749999999999994 0.9419270828125 0.454722221875 0.8444791671875 0.454722221875
1 0.93671875 0.4628703703125 0.93671875 0.4236111109375 0.84640625 0.4236111109375 0.84640625 0.4628703703125 0.93671875 0.4628703703125
1 0.8431770828125 0.3900925921875 0.8431770828125 0.44092592656249996 0.9373437499999999 0.44092592656249996 0.9373437499999999 0.3900925921875 0.8431770828125 0.3900925921875
1 0.9380208328125 0.4166666671875 0.9380208328125 0.3681481484375 0.8451041671875 0.3681481484375 0.8451041671875 0.4166666671875 0.9380208328125 0.4166666671875
1 0.8425520828125 0.3346296296875 0.8425520828125 0.3865740734375 0.9341145828125 0.3865740734375 0.9341145828125 0.3346296296875 0.8425520828125 0.3346296296875
1 0.93671875 0.3750925921875 0.93671875 0.30805555625 0.8438020828124999 0.30805555625 0.8438020828124999 0.3750925921875 0.93671875 0.3750925921875
1 0.8418749999999999 0.2803703703125 0.8418749999999999 0.3496296296875 0.9321875000000001 0.3496296296875 0.9321875000000001 0.2803703703125 0.8418749999999999 0.2803703703125
1 0.9393229171874999 0.31851851875000003 0.9393229171874999 0.2526851859375 0.8379687499999999 0.2526851859375 0.8379687499999999 0.31851851875000003 0.9393229171874999 0.31851851875000003
1 0.8457812499999999 0.2075925921875 0.8457812499999999 0.2953703703125 0.9548958328125 0.2953703703125 0.9548958328125 0.2075925921875 0.8457812499999999 0.2075925921875
1 0.8456250000000001 0.3421296296875 0.8456250000000001 0.2836111109375 0.7838020828125 0.2836111109375 0.7838020828125 0.3421296296875 0.8456250000000001 0.3421296296875
1 0.8438020828124999 0.35981481406250004 0.8438020828124999 0.309259259375 0.7846875 0.309259259375 0.7846875 0.35981481406250004 0.8438020828124999 0.35981481406250004
1 0.8429166671875 0.3798148140625 0.8429166671875 0.3293518515625 0.7815624999999999 0.3293518515625 0.7815624999999999 0.3798148140625 0.8429166671875 0.3798148140625
1 0.8438020828124999 0.400740740625 0.8438020828124999 0.35101851875 0.785625 0.35101851875 0.785625 0.400740740625 0.8438020828124999 0.400740740625
1 0.8456250000000001 0.420740740625 0.8456250000000001 0.37101851875 0.78203125 0.37101851875 0.78203125 0.420740740625 0.8456250000000001 0.420740740625
1 0.8487500000000001 0.4375925921875 0.8487500000000001 0.40546296249999997 0.78515625 0.40546296249999997 0.78515625 0.4375925921875 0.8487500000000001 0.4375925921875
1 0.8469791671875001 0.45685185156249997 0.8469791671875001 0.42555555624999997 0.7873958328125 0.42555555624999997 0.7873958328125 0.45685185156249997 0.8469791671875001 0.45685185156249997
1 0.8487500000000001 0.48166666718749995 0.8487500000000001 0.4408333328125 0.7865104171875 0.4408333328125 0.7865104171875 0.48166666718749995 0.8487500000000001 0.48166666718749995
1 0.85375 0.49611111093750004 0.85375 0.45999999999999996 0.7878645828125 0.45999999999999996 0.7878645828125 0.49611111093750004 0.85375 0.49611111093750004
1 0.8487500000000001 0.5121296296875 0.8487500000000001 0.4881481484375 0.7869791671875 0.4881481484375 0.7869791671875 0.5121296296875 0.8487500000000001 0.5121296296875
1 0.8501041671875 0.53944444375 0.8501041671875 0.5113888890625 0.7842708328125 0.5113888890625 0.7842708328125 0.53944444375 0.8501041671875 0.53944444375
1 0.84921875 0.5611111109375 0.84921875 0.5346296296874999 0.785625 0.5346296296874999 0.785625 0.5611111109375 0.84921875 0.5611111109375
1 0.84921875 0.5851851859375 0.84921875 0.55148148125 0.7905729171875 0.55148148125 0.7905729171875 0.5851851859375 0.84921875 0.5851851859375
1 0.8505729171875 0.606759259375 0.8505729171875 0.57555555625 0.7901041671875 0.57555555625 0.7901041671875 0.606759259375 0.8505729171875 0.606759259375
1 0.7418750000000001 0.5690740734374999 0.7418750000000001 0.597222221875 0.7887500000000001 0.597222221875 0.7887500000000001 0.5690740734374999 0.7418750000000001 0.5690740734374999
1 0.7923958328125 0.5675 0.7923958328125 0.5522222218749999 0.7405208328125 0.5522222218749999 0.7405208328125 0.5675 0.7923958328125 0.5675
1 0.7441145828125 0.5337962968750001 0.7441145828125 0.5538888890625 0.7846875 0.5538888890625 0.7846875 0.5337962968750001 0.7441145828125 0.5337962968750001
1 0.7422916671875 0.5145370375 0.7422916671875 0.5370370375 0.7910416671875 0.5370370375 0.7910416671875 0.5145370375 0.7422916671875 0.5145370375
1 0.7422916671875 0.49935185156250006 0.7422916671875 0.5145370375 0.7910416671875 0.5145370375 0.7910416671875 0.49935185156250006 0.7422916671875 0.49935185156250006
1 0.7422916671875 0.4800925921875 0.7422916671875 0.5001851859374999 0.7955208328125 0.5001851859374999 0.7955208328125 0.4800925921875 0.7422916671875 0.4800925921875
1 0.7842708328125 0.48490740781249997 0.7842708328125 0.45999999999999996 0.7432291671875 0.45999999999999996 0.7432291671875 0.48490740781249997 0.7842708328125 0.48490740781249997
1 0.7409375 0.43601851875 0.7409375 0.46648148125000005 0.7842708328125 0.46648148125000005 0.7842708328125 0.43601851875 0.7409375 0.43601851875
1 0.7838020828125 0.45277777812500003 0.7838020828125 0.4175 0.7441145828125 0.4175 0.7441145828125 0.45277777812500003 0.7838020828125 0.45277777812500003
1 0.7459374999999999 0.40305555625 0.7459374999999999 0.4343518515625 0.7846875 0.4343518515625 0.7846875 0.40305555625 0.7459374999999999 0.40305555625
1 0.7865104171875 0.41509259218750005 0.7865104171875 0.38305555625 0.7432291671875 0.38305555625 0.7432291671875 0.41509259218750005 0.7865104171875 0.41509259218750005
1 0.7418750000000001 0.36944444375 0.7418750000000001 0.40870370312500004 0.78515625 0.40870370312500004 0.78515625 0.36944444375 0.7418750000000001 0.36944444375
1 0.78515625 0.3846296296875 0.78515625 0.3493518515625 0.7422916671875 0.3493518515625 0.7422916671875 0.3846296296875 0.78515625 0.3846296296875
1 0.7432291671875 0.33092592656250003 0.7432291671875 0.3701851859375 0.7842708328125 0.3701851859375 0.7842708328125 0.33092592656250003 0.7432291671875 0.33092592656250003
1 0.7869791671875 0.34861111093749997 0.7869791671875 0.309259259375 0.7459374999999999 0.309259259375 0.7459374999999999 0.34861111093749997 0.7869791671875 0.34861111093749997
1 0.7400520828125 0.3878703703125 0.7400520828125 0.35175925937499997 0.6985416671875 0.35175925937499997 0.6985416671875 0.3878703703125 0.7400520828125 0.3878703703125
1 0.7445833328125 0.400740740625 0.7445833328125 0.3718518515625 0.7039583328125001 0.3718518515625 0.7039583328125001 0.400740740625 0.7445833328125 0.400740740625
1 0.74140625 0.4183333328125 0.74140625 0.39027777812500003 0.7071354171875 0.39027777812500003 0.7071354171875 0.4183333328125 0.74140625 0.4183333328125
1 0.74140625 0.43916666718749997 0.74140625 0.406296296875 0.7017187500000001 0.406296296875 0.7017187500000001 0.43916666718749997 0.74140625 0.43916666718749997
1 0.7427604171875 0.44805555625000004 0.7427604171875 0.42157407343750003 0.7039583328125001 0.42157407343750003 0.7039583328125001 0.44805555625000004 0.7427604171875 0.44805555625000004
1 0.7409375 0.4608333328125 0.7409375 0.4343518515625 0.7075520828124999 0.4343518515625 0.7075520828124999 0.4608333328125 0.7409375 0.4608333328125
1 0.7445833328125 0.47768518593750003 0.7445833328125 0.45277777812500003 0.7053125 0.45277777812500003 0.7053125 0.47768518593750003 0.7445833328125 0.47768518593750003
1 0.74140625 0.489722221875 0.74140625 0.46648148125000005 0.7053125 0.46648148125000005 0.7053125 0.489722221875 0.74140625 0.489722221875
1 0.7432291671875 0.5081481484375 0.7432291671875 0.48407407343750003 0.70578125 0.48407407343750003 0.70578125 0.5081481484375 0.7432291671875 0.5081481484375
1 0.7418750000000001 0.516203703125 0.7418750000000001 0.5001851859374999 0.7071354171875 0.5001851859374999 0.7071354171875 0.516203703125 0.7418750000000001 0.516203703125
1 0.7386979171875 0.5354629625 0.7386979171875 0.51694444375 0.7061979171874999 0.51694444375 0.7061979171874999 0.5354629625 0.7386979171875 0.5354629625
1 0.7382291671875 0.55305555625 0.7382291671875 0.5354629625 0.70578125 0.5354629625 0.70578125 0.55305555625 0.7382291671875 0.55305555625
1 0.7395833328125 0.57148148125 0.7395833328125 0.55305555625 0.70578125 0.55305555625 0.70578125 0.57148148125 0.7395833328125 0.57148148125
1 0.7422916671875 0.5867592593750001 0.7422916671875 0.5659259265625 0.7061979171874999 0.5659259265625 0.7061979171874999 0.5867592593750001 0.7422916671875 0.5867592593750001
1 0.6778125 0.5650925921875001 0.6778125 0.58194444375 0.7120833328125 0.58194444375 0.7120833328125 0.5650925921875001 0.6778125 0.5650925921875001
1 0.6778125 0.5490740734374999 0.6778125 0.5650925921875001 0.7102604171875 0.5650925921875001 0.7102604171875 0.5490740734374999 0.6778125 0.5490740734374999
1 0.6786979171875 0.5346296296874999 0.6786979171875 0.5490740734374999 0.7102604171875 0.5490740734374999 0.7102604171875 0.5346296296874999 0.6786979171875 0.5346296296874999
1 0.6786979171875 0.5210185187499999 0.6786979171875 0.5346296296874999 0.7080208328125 0.5346296296874999 0.7080208328125 0.5210185187499999 0.6786979171875 0.5210185187499999
1 0.6751041671875 0.50898148125 0.6751041671875 0.5210185187499999 0.7080208328125 0.5210185187499999 0.7080208328125 0.50898148125 0.6751041671875 0.50898148125
1 0.6751041671875 0.49055555625 0.6751041671875 0.50898148125 0.7039583328125001 0.50898148125 0.7039583328125001 0.49055555625 0.6751041671875 0.49055555625
1 0.6751041671875 0.4800925921875 0.6751041671875 0.49611111093750004 0.7044270828125 0.49611111093750004 0.7044270828125 0.4800925921875 0.6751041671875 0.4800925921875
1 0.6755208328125 0.467222221875 0.6755208328125 0.4881481484375 0.7026041671875001 0.4881481484375 0.7026041671875001 0.467222221875 0.6755208328125 0.467222221875
1 0.70578125 0.46962962968750005 0.70578125 0.45046296249999995 0.6755208328125 0.45046296249999995 0.6755208328125 0.46962962968750005 0.70578125 0.46962962968750005
1 0.6755208328125 0.4375925921875 0.6755208328125 0.45685185156249997 0.7026041671875001 0.45685185156249997 0.7026041671875001 0.4375925921875 0.6755208328125 0.4375925921875
1 0.7026041671875001 0.443240740625 0.7026041671875001 0.420740740625 0.6755208328125 0.420740740625 0.6755208328125 0.443240740625 0.7026041671875001 0.443240740625
1 0.6755208328125 0.40546296249999997 0.6755208328125 0.4303703703125 0.7044270828125 0.4303703703125 0.7044270828125 0.40546296249999997 0.6755208328125 0.40546296249999997
1 0.7044270828125 0.4159259265625 0.7044270828125 0.3911111109375 0.6759895828125 0.3911111109375 0.6759895828125 0.4159259265625 0.7044270828125 0.4159259265625
1 0.6759895828125 0.3774074078125 0.6759895828125 0.40231481406249997 0.7026041671875001 0.40231481406249997 0.7026041671875001 0.3774074078125 0.6759895828125 0.3774074078125
1 0.6809375 0.4175 0.6809375 0.39509259218750004 0.6502604171875 0.39509259218750004 0.6502604171875 0.4175 0.6809375 0.4175
1 0.6746354171875 0.4263888890625 0.6746354171875 0.40546296249999997 0.6516145828125001 0.40546296249999997 0.6516145828125001 0.4263888890625 0.6746354171875 0.4263888890625
1 0.6759895828125 0.4408333328125 0.6759895828125 0.4199074078125 0.6520833328125 0.4199074078125 0.6520833328125 0.4408333328125 0.6759895828125 0.4408333328125
1 0.6759895828125 0.45361111093749995 0.6759895828125 0.431203703125 0.6511979171875 0.431203703125 0.6511979171875 0.45361111093749995 0.6759895828125 0.45361111093749995
1 0.6755208328125 0.463240740625 0.6755208328125 0.4463888890625 0.6498437499999999 0.4463888890625 0.6498437499999999 0.463240740625 0.6755208328125 0.463240740625
1 0.6755208328125 0.473703703125 0.6755208328125 0.45685185156249997 0.6471354171875 0.45685185156249997 0.6471354171875 0.473703703125 0.6755208328125 0.473703703125
1 0.6751041671875 0.4881481484375 0.6751041671875 0.4728703703125 0.649375 0.4728703703125 0.649375 0.4881481484375 0.6751041671875 0.4881481484375
1 0.6755208328125 0.49851851875 0.6755208328125 0.4800925921875 0.6502604171875 0.4800925921875 0.6502604171875 0.49851851875 0.6755208328125 0.49851851875
1 0.6741666671875 0.51055555625 0.6741666671875 0.4953703703125 0.65296875 0.4953703703125 0.65296875 0.51055555625 0.6741666671875 0.51055555625
1 0.6764583328125 0.5210185187499999 0.6764583328125 0.5073148140625 0.6520833328125 0.5073148140625 0.6520833328125 0.5210185187499999 0.6764583328125 0.5210185187499999
1 0.6786979171875 0.5337962968750001 0.6786979171875 0.521759259375 0.6516145828125001 0.521759259375 0.6516145828125001 0.5337962968750001 0.6786979171875 0.5337962968750001
1 0.6786979171875 0.5466666671875 0.6786979171875 0.5337962968750001 0.65296875 0.5337962968750001 0.65296875 0.5466666671875 0.6786979171875 0.5466666671875
1 0.6764583328125 0.55944444375 0.6764583328125 0.5466666671875 0.65296875 0.5466666671875 0.65296875 0.55944444375 0.6764583328125 0.55944444375
1 0.6556770828125 0.560277778125 0.6556770828125 0.57555555625 0.676875 0.57555555625 0.676875 0.560277778125 0.6556770828125 0.560277778125
1 0.0884375 0.7914814812500001 0.0884375 0.6783333328125 0.0007291671875 0.6783333328125 0.0007291671875 0.7914814812500001 0.0884375 0.7914814812500001
1 0.0027083328125 0.611296296875 0.0027083328125 0.7256481484374999 0.0890625 0.7256481484374999 0.0890625 0.611296296875 0.0027083328125 0.611296296875
1 0.0053124999999999995 0.5650925921875001 0.0053124999999999995 0.6275000000000001 0.09427083281250001 0.6275000000000001 0.09427083281250001 0.5650925921875001 0.0053124999999999995 0.5650925921875001
1 0.0027083328125 0.4808333328125 0.0027083328125 0.5662962968749999 0.1046875 0.5662962968749999 0.1046875 0.4808333328125 0.0027083328125 0.4808333328125
1 0.0027083328125 0.40805555625 0.0027083328125 0.502777778125 0.1020833328125 0.502777778125 0.1020833328125 0.40805555625 0.0027083328125 0.40805555625
1 0.0994791671875 0.43694444375 0.0994791671875 0.3445370375 0.00140625 0.3445370375 0.00140625 0.43694444375 0.0994791671875 0.43694444375
1 0.0007291671875 0.2649074078125 0.0007291671875 0.3861111109375 0.1020833328125 0.3861111109375 0.1020833328125 0.2649074078125 0.0007291671875 0.2649074078125
1 0.00234375 0.1286111109375 0.00234375 0.27064814843749996 0.11151041718750002 0.27064814843749996 0.11151041718750002 0.1286111109375 0.00234375 0.1286111109375
1 0.10760416718750002 0.323796296875 0.10760416718750002 0.18407407343749999 0.0049479171874999995 0.18407407343749999 0.0049479171874999995 0.323796296875 0.10760416718750002 0.323796296875