1 0.6609375 0.1078125 0.21171875 0.053125
1 0.9015625 0.11640625 0.196875 0.05078125
1 0.42578125 0.12109375 0.20703125 0.0578125
1 0.05546875 0.1265625 0.1109375 0.0578125
1 0.2140625 0.13203125 0.196875 0.04296875
1 0.9 0.16953125 0.19921875 0.06015625
1 0.66484375 0.171875 0.20703125 0.0625
1 0.41953125 0.17890625 0.2015625 0.053125
1 0.21640625 0.1875 0.19921875 0.04296875
1 0.0515625 0.18984375 0.103125 0.05078125
1 0.9 0.0203125 0.19453125 0.040625
1 0.665625 0.22109375 0.209375 0.05546875
1 0.89765625 0.225 0.2046875 0.06015625
1 0.43515625 0.2359375 0.20703125 0.0578125
1 0.05546875 0.24140625 0.1109375 0.06015625
1 0.2171875 0.025 0.19921875 0.0484375
1 0.2140625 0.2515625 0.2015625 0.0578125
1 0.678125 0.27734375 0.21171875 0.053125
1 0.89765625 0.290625 0.2046875 0.0671875
1 0.05625 0.29453125 0.1109375 0.0484375
1 0.2171875 0.29921875 0.2015625 0.0484375
1 0.43125 0.29921875 0.2046875 0.053125
1 0.6671875 0.3390625 0.21171875 0.0625
1 0.89609375 0.34140625 0.2078125 0.0609375
1 0.2140625 0.3484375 0.196875 0.0484375
1 0.43125 0.35 0.2015625 0.05078125
1 0.0578125 0.35234375 0.115625 0.0625
1 0.77421875 0.396875 0.21640625 0.05546875
1 0.5578125 0.40625 0.2046875 0.06015625
1 0.3453125 0.4078125 0.20703125 0.06484375
1 0.1359375 0.40859375 0.2015625 0.06484375
1 0.9421875 0.4109375 0.115625 0.0671875
1 0.771875 0.459375 0.21640625 0.0671875
1 0.1359375 0.4640625 0.2015625 0.04296875
1 0.34765625 0.46484375 0.20703125 0.053125
1 0.5578125 0.46640625 0.209375 0.0578125
1 0.9421875 0.475 0.115625 0.0625
1 0.6578125 0.0515625 0.20703125 0.053125
1 0.34140625 0.5171875 0.19921875 0.0484375
1 0.77421875 0.51953125 0.21171875 0.0625
1 0.55859375 0.52421875 0.20703125 0.06015625
1 0.13359375 0.525 0.2046875 0.0578125
1 0.9421875 0.5265625 0.115625 0.0484375
1 0.34609375 0.57421875 0.2140625 0.0578125
1 0.77265625 0.578125 0.21171875 0.0578125
1 0.13125 0.578125 0.2015625 0.0484375
1 0.940625 0.57734375 0.11875 0.0546875
1 0.5578125 0.5828125 0.2046875 0.0578125
1 0.13828125 0.63125 0.2046875 0.053125
1 0.34765625 0.634375 0.2046875 0.05546875
1 0.93984375 0.6390625 0.1203125 0.0671875
1 0.7703125 0.640625 0.21171875 0.0578125
1 0.55625 0.640625 0.209375 0.0578125
1 0.43046875 0.06484375 0.2046875 0.0578125
1 0.05078125 0.0671875 0.10078125 0.0625
1 0.90234375 0.06875 0.1921875 0.06484375
1 0.1359375 0.69375 0.2046875 0.0625
1 0.34609375 0.69609375 0.2046875 0.0578125
1 0.55625 0.69609375 0.20703125 0.05546875
1 0.76796875 0.69609375 0.21171875 0.05546875
1 0.93828125 0.69921875 0.1234375 0.0578125
1 0.13828125 0.74609375 0.196875 0.0578125
1 0.34375 0.75 0.2015625 0.0671875
1 0.76953125 0.7515625 0.21171875 0.06015625
1 0.553125 0.75390625 0.20703125 0.06015625
1 0.9421875 0.75703125 0.115625 0.0671875
1 0.21640625 0.078125 0.196875 0.0484375
1 0.1359375 0.80390625 0.2046875 0.0625
1 0.3453125 0.80625 0.209375 0.06015625
1 0.765625 0.8109375 0.21171875 0.0625
1 0.55390625 0.81484375 0.20703125 0.0625
1 0.94296875 0.81875 0.1140625 0.059375
1 0.13203125 0.8609375 0.20703125 0.0484375
1 0.34140625 0.86171875 0.20703125 0.06015625
1 0.765625 0.8640625 0.20703125 0.053125
1 0.55390625 0.86796875 0.21171875 0.053125
1 0.94140625 0.87734375 0.115625 0.053125