1 0.64296875 0.09375 0.1875 0.0359375
1 0.44140625 0.0953125 0.18515625 0.040625
1 0.21875 0.109375 0.19921875 0.04296875
1 0.87890625 0.115625 0.178125 0.03828125
1 0.6421875 0.12890625 0.1875 0.040625
1 0.4421875 0.13125 0.1875 0.040625
1 0.88125 0.0140625 0.184375 0.028125
1 0.2171875 0.1453125 0.2015625 0.040625
1 0.87890625 0.15 0.18046875 0.0359375
1 0.64296875 0.16484375 0.1875 0.0359375
1 0.4359375 0.1703125 0.1875 0.03828125
1 0.8734375 0.18515625 0.178125 0.03359375
1 0.21015625 0.1859375 0.2015625 0.04296875
1 0.646875 0.0203125 0.1875 0.03125
1 0.64296875 0.19921875 0.1875 0.0359375
1 0.43515625 0.203125 0.1828125 0.03828125
1 0.87265625 0.21875 0.18046875 0.03359375
1 0.21171875 0.22109375 0.2015625 0.0359375
1 0.4484375 0.02421875 0.18515625 0.03828125
1 0.640625 0.2359375 0.1875 0.0359375
1 0.4359375 0.23828125 0.1828125 0.0359375
1 0.86875 0.25234375 0.178125 0.03359375
1 0.209375 0.2546875 0.196875 0.0359375
1 0.6390625 0.26796875 0.1875 0.0359375
1 0.4375 0.27265625 0.18515625 0.03359375
1 0.87265625 0.2859375 0.1703125 0.03359375
1 0.209375 0.28984375 0.196875 0.03828125
1 0.4375 0.3015625 0.1828125 0.03359375
1 0.63671875 0.303125 0.18515625 0.03359375
1 0.8734375 0.32109375 0.178125 0.03828125
1 0.2078125 0.32109375 0.2015625 0.040625
1 0.63671875 0.33515625 0.1828125 0.03359375
1 0.4375 0.3390625 0.1875 0.03828125
1 0.209375 0.3546875 0.20703125 0.03359375
1 0.87265625 0.35703125 0.178125 0.03359375
1 0.64296875 0.36640625 0.18046875 0.03828125
1 0.4390625 0.375 0.1921875 0.0359375
1 0.209375 0.3890625 0.2015625 0.0359375
1 0.87265625 0.3921875 0.17578125 0.0359375
1 0.22265625 0.03984375 0.196875 0.040625
1 0.65 0.40390625 0.1875 0.03359375
1 0.4359375 0.41015625 0.1921875 0.03359375
1 0.209375 0.42421875 0.19921875 0.03359375
1 0.8734375 0.428125 0.178125 0.03359375
1 0.88203125 0.04296875 0.178125 0.0359375
1 0.64921875 0.43515625 0.1828125 0.03828125
1 0.43515625 0.4421875 0.1921875 0.03359375
1 0.87734375 0.459375 0.18046875 0.02890625
1 0.21015625 0.46484375 0.2015625 0.02890625
1 0.65 0.47265625 0.18515625 0.03359375
1 0.43125 0.48046875 0.1921875 0.03828125
1 0.87265625 0.49140625 0.178125 0.0359375
1 0.2078125 0.49765625 0.196875 0.03359375
1 0.64765625 0.50625 0.18515625 0.03125
1 0.43515625 0.52265625 0.18984375 0.03828125
1 0.87109375 0.52734375 0.178125 0.03359375
1 0.21015625 0.53515625 0.19921875 0.0359375
1 0.64765625 0.53984375 0.1875 0.03125
1 0.87265625 0.56015625 0.178125 0.0359375
1 0.4375 0.56015625 0.196875 0.0359375
1 0.44609375 0.05625 0.1921875 0.03828125
1 0.2125 0.5671875 0.2046875 0.02890625
1 0.64765625 0.0578125 0.1828125 0.040625
1 0.646875 0.57421875 0.1875 0.03359375
1 0.4375 0.59375 0.1921875 0.03828125
1 0.87109375 0.5953125 0.178125 0.0359375
1 0.203125 0.60546875 0.209375 0.0484375
1 0.64765625 0.60703125 0.1875 0.03359375
1 0.4328125 0.62734375 0.196875 0.03828125
1 0.87265625 0.62890625 0.178125 0.03359375
1 0.65 0.6390625 0.1875 0.03359375
1 0.2078125 0.64765625 0.2015625 0.0484375
1 0.4328125 0.66015625 0.196875 0.0359375
1 0.87265625 0.66328125 0.1734375 0.040625
1 0.64765625 0.67421875 0.1828125 0.0359375
1 0.20703125 0.6890625 0.20703125 0.04296875
1 0.43125 0.69375 0.19921875 0.0359375
1 0.875 0.7015625 0.17578125 0.03359375
1 0.64921875 0.70703125 0.1921875 0.0359375
1 0.20546875 0.71875 0.209375 0.0484375
1 0.43125 0.7296875 0.196875 0.0359375
1 0.8734375 0.7328125 0.178125 0.03359375
1 0.6453125 0.740625 0.1875 0.03828125
1 0.1984375 0.75703125 0.2046875 0.0484375
1 0.43046875 0.759375 0.19453125 0.040625
1 0.8765625 0.76796875 0.178125 0.0359375
1 0.884375 0.0765625 0.18046875 0.03828125
1 0.2203125 0.0765625 0.196875 0.040625
1 0.64765625 0.7765625 0.1875 0.040625
1 0.43125 0.79453125 0.19921875 0.040625
1 0.209375 0.79453125 0.196875 0.0484375
1 0.87265625 0.803125 0.17578125 0.02890625
1 0.65 0.8109375 0.18984375 0.03828125
1 0.4328125 0.821875 0.196875 0.04296875
1 0.21171875 0.8328125 0.196875 0.053125
1 0.8703125 0.84140625 0.178125 0.040625
1 0.65390625 0.84765625 0.1828125 0.0484375
1 0.42890625 0.85546875 0.1921875 0.0484375
1 0.203125 0.87265625 0.2015625 0.0484375
1 0.87109375 0.87734375 0.178125 0.03828125
1 0.65390625 0.8890625 0.18046875 0.04296875
1 0.43046875 0.8921875 0.196875 0.04296875
1 0.20546875 0.9015625 0.2015625 0.03359375