1 0.6234375 0.01328125 0.2140625 0.0265625
1 0.6203125 0.14296875 0.23046875 0.053125
1 0.8578125 0.14765625 0.23046875 0.03828125
1 0.8546875 0.0140625 0.23125 0.028125
1 0.1453125 0.15625 0.23046875 0.04296875
1 0.384375 0.16484375 0.23046875 0.0484375
1 0.6203125 0.1921875 0.23046875 0.053125
1 0.8546875 0.19375 0.23046875 0.03828125
1 0.14453125 0.2015625 0.23046875 0.0453125
1 0.3796875 0.209375 0.22578125 0.040625
1 0.1390625 0.021875 0.23046875 0.040625
1 0.3796875 0.02265625 0.228125 0.04296875
1 0.85703125 0.240625 0.23046875 0.0484375
1 0.6203125 0.240625 0.2328125 0.0484375
1 0.14453125 0.25 0.23046875 0.0484375
1 0.3796875 0.25390625 0.23046875 0.053125
1 0.61796875 0.28125 0.2359375 0.04296875
1 0.85703125 0.28515625 0.2328125 0.04296875
1 0.1390625 0.29921875 0.22578125 0.0484375
1 0.38203125 0.3015625 0.23046875 0.0453125
1 0.61796875 0.3296875 0.2359375 0.0484375
1 0.85703125 0.3296875 0.23046875 0.04296875
1 0.1421875 0.34375 0.23046875 0.0484375
1 0.3796875 0.3484375 0.23046875 0.0484375
1 0.85703125 0.375 0.23046875 0.03828125
1 0.615625 0.37734375 0.23828125 0.053125
1 0.1390625 0.3890625 0.23046875 0.0484375
1 0.3796875 0.390625 0.23046875 0.04296875
1 0.85703125 0.42421875 0.23046875 0.0453125
1 0.61328125 0.42890625 0.23046875 0.04296875
1 0.1421875 0.43515625 0.22578125 0.0484375
1 0.3796875 0.4359375 0.22578125 0.03828125
1 0.85078125 0.46875 0.23046875 0.04296875
1 0.6140625 0.4734375 0.228125 0.0484375
1 0.1421875 0.4796875 0.22578125 0.04296875
1 0.375 0.48046875 0.22578125 0.040625
1 0.61796875 0.05078125 0.2359375 0.05078125
1 0.85703125 0.51328125 0.23046875 0.04296875
1 0.6140625 0.5171875 0.228125 0.0484375
1 0.1390625 0.52734375 0.22578125 0.04296875
1 0.3734375 0.52734375 0.22578125 0.040625
1 0.8578125 0.05546875 0.23046875 0.04296875
1 0.85546875 0.5578125 0.23046875 0.04296875
1 0.61875 0.5625 0.23046875 0.04296875
1 0.375 0.571875 0.22578125 0.0453125
1 0.1390625 0.57421875 0.22578125 0.04296875
1 0.853125 0.60078125 0.23046875 0.040625
1 0.61640625 0.609375 0.23046875 0.04296875
1 0.375 0.6140625 0.23046875 0.04296875
1 0.140625 0.61640625 0.22578125 0.04296875
1 0.140625 0.06484375 0.23046875 0.0484375
1 0.85234375 0.64765625 0.228125 0.04296875
1 0.61640625 0.65234375 0.22578125 0.04296875
1 0.1421875 0.66015625 0.22578125 0.0484375
1 0.375 0.66015625 0.22578125 0.04296875
1 0.85078125 0.69375 0.228125 0.04296875
1 0.61796875 0.69609375 0.23046875 0.04296875
1 0.38203125 0.07109375 0.23046875 0.0484375
1 0.375 0.7046875 0.22578125 0.04296875
1 0.1390625 0.709375 0.22578125 0.04296875
1 0.85234375 0.740625 0.228125 0.03828125
1 0.61875 0.740625 0.23046875 0.04296875
1 0.3734375 0.74765625 0.22578125 0.03828125
1 0.1390625 0.75234375 0.2234375 0.04296875
1 0.85234375 0.7828125 0.23046875 0.04296875
1 0.61796875 0.78515625 0.22578125 0.04296875
1 0.3734375 0.790625 0.22578125 0.03828125
1 0.1390625 0.79921875 0.23046875 0.04296875
1 0.853125 0.8265625 0.23046875 0.04296875
1 0.6203125 0.8296875 0.228125 0.04296875
1 0.37265625 0.834375 0.2234375 0.04296875
1 0.140625 0.84140625 0.22578125 0.04296875
1 0.85234375 0.86875 0.23046875 0.03828125
1 0.6203125 0.8703125 0.22578125 0.03359375
1 0.37109375 0.87265625 0.22578125 0.03359375
1 0.1421875 0.8765625 0.22578125 0.021875
1 0.61796875 0.1 0.2359375 0.0484375
1 0.8609375 0.10078125 0.23046875 0.040625
1 0.14296875 0.1109375 0.23046875 0.0453125
1 0.38203125 0.1234375 0.23046875 0.0484375