0 0.3308333328125 0.41685185156250004 0.3308333328125 0.612222221875 0.3932291671875 0.612222221875 0.3932291671875 0.41685185156250004 0.3308333328125 0.41685185156250004
1 0.4649479171875 0.6075 0.4649479171875 0.588240740625 0.4247916671875 0.588240740625 0.4247916671875 0.6075 0.4649479171875 0.6075
1 0.47083333281249995 0.6099074078125 0.47083333281249995 0.5898148140624999 0.46046875 0.5898148140624999 0.46046875 0.6099074078125 0.47083333281249995 0.6099074078125
1 0.42843749999999997 0.6099074078125 0.42843749999999997 0.5874074078125 0.39187500000000003 0.5874074078125 0.39187500000000003 0.6099074078125 0.42843749999999997 0.6099074078125
1 0.33546875 0.576203703125 0.33546875 0.5488888890625 0.2984895828125 0.5488888890625 0.2984895828125 0.576203703125 0.33546875 0.576203703125
1 0.3016666671875 0.6050925921875 0.3016666671875 0.577777778125 0.29130208281250003 0.577777778125 0.29130208281250003 0.6050925921875 0.3016666671875 0.6050925921875
1 0.2633333328125 0.5698148140625 0.2633333328125 0.6090740734375 0.2953645828125 0.6090740734375 0.2953645828125 0.5698148140625 0.2633333328125 0.5698148140625
1 0.2748958328125 0.6366666671875 0.2748958328125 0.5731481484375001 0.23531249999999998 0.5731481484375001 0.23531249999999998 0.6366666671875 0.2748958328125 0.6366666671875
1 0.21968749999999998 0.566203703125 0.21968749999999998 0.6308333328125 0.2515104171875 0.6308333328125 0.2515104171875 0.566203703125 0.21968749999999998 0.566203703125
1 0.13848958281249998 0.5234259265625 0.13848958281249998 0.6008333328125001 0.2301041671875 0.6008333328125001 0.2301041671875 0.5234259265625 0.13848958281249998 0.5234259265625
1 0.15531250000000002 0.7126851859375 0.15531250000000002 0.5809259265625 0.0116145828125 0.5809259265625 0.0116145828125 0.7126851859375 0.15531250000000002 0.7126851859375
1 0.21817708281249998 0.6906481484375 0.21817708281249998 0.58694444375 0.14296875 0.58694444375 0.14296875 0.6906481484375 0.21817708281249998 0.6906481484375
1 0.2484895828125 0.33944444375 0.2484895828125 0.1858333328125 0.0172395828125 0.1858333328125 0.0172395828125 0.33944444375 0.2484895828125 0.33944444375
1 0.1029166671875 0.2898148140625 0.1029166671875 0.3799074078125 0.27958333281250003 0.3799074078125 0.27958333281250003 0.2898148140625 0.1029166671875 0.2898148140625
1 0.15682291718750002 0.34407407343749996 0.15682291718750002 0.40064814843749996 0.2919270828125 0.40064814843749996 0.2919270828125 0.34407407343749996 0.15682291718750002 0.34407407343749996
1 0.1795833328125 0.382222221875 0.1795833328125 0.43648148124999997 0.31140625 0.43648148124999997 0.31140625 0.382222221875 0.1795833328125 0.382222221875
1 0.0055729171875 0.007777778125 0.0055729171875 0.177777778125 0.18875 0.177777778125 0.18875 0.007777778125 0.0055729171875 0.007777778125
1 0.1358854171875 0.010740740625 0.1358854171875 0.1271296296875 0.2939583328125 0.1271296296875 0.2939583328125 0.010740740625 0.1358854171875 0.010740740625
1 0.23723958281250002 0.14555555625 0.23723958281250002 0.22749999999999998 0.30546875 0.22749999999999998 0.30546875 0.14555555625 0.23723958281250002 0.14555555625
1 0.2632291671875 0.22749999999999998 0.2632291671875 0.2725925921875 0.3191145828125 0.2725925921875 0.3191145828125 0.22749999999999998 0.2632291671875 0.22749999999999998
1 0.2613020828125 0.058888889062500005 0.2613020828125 0.1350925921875 0.32625000000000004 0.1350925921875 0.32625000000000004 0.058888889062500005 0.2613020828125 0.058888889062500005
1 0.9176041671874999 0.82601851875 0.9176041671874999 0.6979629625 0.78171875 0.6979629625 0.78171875 0.82601851875 0.9176041671874999 0.82601851875
1 0.9956770828125 0.85555555625 0.9956770828125 0.7574074078125 0.91890625 0.7574074078125 0.91890625 0.85555555625 0.9956770828125 0.85555555625
1 0.8960416671875 0.0101851859375 0.8960416671875 0.14194444374999998 0.9916666671875 0.14194444374999998 0.9916666671875 0.0101851859375 0.8960416671875 0.0101851859375
1 0.9025000000000001 0.2984259265625 0.9025000000000001 0.112222221875 0.7696875000000001 0.112222221875 0.7696875000000001 0.2984259265625 0.9025000000000001 0.2984259265625
1 0.8744270828125 0.34500000000000003 0.8744270828125 0.2136111109375 0.69484375 0.2136111109375 0.69484375 0.34500000000000003 0.8744270828125 0.34500000000000003
1 0.8763020828125001 0.3865740734375 0.8763020828125001 0.2984259265625 0.6246875000000001 0.2984259265625 0.6246875000000001 0.3865740734375 0.8763020828125001 0.3865740734375
1 0.6328125 0.3518518515625 0.6328125 0.302777778125 0.59765625 0.302777778125 0.59765625 0.3518518515625 0.6328125 0.3518518515625
1 0.6907291671875 0.4548148140625 0.6907291671875 0.38648148125000004 0.55 0.38648148125000004 0.55 0.4548148140625 0.6907291671875 0.4548148140625
1 0.79640625 0.7637962968750001 0.79640625 0.6701851859375 0.7106770828125 0.6701851859375 0.7106770828125 0.7637962968750001 0.79640625 0.7637962968750001
1 0.6593229171874999 0.6840740734375 0.6593229171874999 0.6378703703124999 0.5911458328125 0.6378703703124999 0.5911458328125 0.6840740734375 0.6593229171874999 0.6840740734375
1 0.6034895828125 0.6701851859375 0.6034895828125 0.633240740625 0.5638541671875 0.633240740625 0.5638541671875 0.6701851859375 0.6034895828125 0.6701851859375
1 0.5644791671875 0.6563888890625 0.5644791671875 0.6159259265625 0.5404687499999999 0.6159259265625 0.5404687499999999 0.6563888890625 0.5644791671875 0.6563888890625
1 0.5436979171874999 0.6563888890625 0.5436979171874999 0.6148148140624999 0.5216145828125 0.6148148140624999 0.5216145828125 0.6563888890625 0.5436979171874999 0.6563888890625
1 0.6575520828125 0.32694444375 0.6575520828125 0.25712962968749997 0.5116145828125 0.25712962968749997 0.5116145828125 0.32694444375 0.6575520828125 0.32694444375
1 0.6996354171875 0.2554629625 0.6996354171875 0.1706481484375 0.54625 0.1706481484375 0.54625 0.2554629625 0.6996354171875 0.2554629625
1 0.5724479171875 0.1108333328125 0.5724479171875 0.19555555625 0.75484375 0.19555555625 0.75484375 0.1108333328125 0.5724479171875 0.1108333328125
1 0.62203125 0.044259259375 0.62203125 0.17898148125 0.82125 0.17898148125 0.82125 0.044259259375 0.62203125 0.044259259375
1 0.6659895828125 0.00601851875 0.6659895828125 0.07416666718750001 0.9082291671875 0.07416666718750001 0.9082291671875 0.00601851875 0.6659895828125 0.00601851875
0 0.4972395828125 0.385 0.4972395828125 0.6350925921874999 0.54859375 0.6350925921874999 0.54859375 0.385 0.4972395828125 0.385