0 0.3600520828125 0.3233333328125 0.3600520828125 0.632222221875 0.49000000000000005 0.632222221875 0.49000000000000005 0.3233333328125 0.3600520828125 0.3233333328125
1 0.08723958281250001 0.4786111109375 0.08723958281250001 0.4509259265625 0.028749999999999998 0.4509259265625 0.028749999999999998 0.4786111109375 0.08723958281250001 0.4786111109375
1 0.0021354171875 0.44398148125 0.0021354171875 0.48212962968750006 0.026197917187500003 0.48212962968750006 0.026197917187500003 0.44398148125 0.0021354171875 0.44398148125
1 0.08786458281250001 0.6853703703125 0.08786458281250001 0.64148148125 0.00020833281250000002 0.64148148125 0.00020833281250000002 0.6853703703125 0.08786458281250001 0.6853703703125
1 0.13723958281249998 0.6149074078125001 0.13723958281249998 0.5941666671875 0.0827083328125 0.5941666671875 0.0827083328125 0.6149074078125001 0.13723958281249998 0.6149074078125001
1 0.0874479171875 0.5246296296875 0.0874479171875 0.5563888890625 0.1453645828125 0.5563888890625 0.1453645828125 0.5246296296875 0.0874479171875 0.5246296296875
1 0.1534895828125 0.4871296296875 0.1534895828125 0.4591666671875 0.0890625 0.4591666671875 0.0890625 0.4871296296875 0.1534895828125 0.4871296296875
1 0.2022395828125 0.49768518593750005 0.2022395828125 0.470740740625 0.15296875000000001 0.470740740625 0.15296875000000001 0.49768518593750005 0.2022395828125 0.49768518593750005
1 0.24713541718749998 0.5034259265625 0.24713541718749998 0.47944444375 0.1989583328125 0.47944444375 0.1989583328125 0.5034259265625 0.24713541718749998 0.5034259265625
1 0.2855729171875 0.5063888890625 0.2855729171875 0.48805555624999997 0.24333333281249997 0.48805555624999997 0.24333333281249997 0.5063888890625 0.2855729171875 0.5063888890625
1 0.2828645828125 0.43518518593750005 0.2828645828125 0.41685185156250004 0.2477083328125 0.41685185156250004 0.2477083328125 0.43518518593750005 0.2828645828125 0.43518518593750005
1 0.2070833328125 0.3986111109375 0.2070833328125 0.4361111109375 0.2466145828125 0.4361111109375 0.2466145828125 0.3986111109375 0.2070833328125 0.3986111109375
1 0.2092708328125 0.41777777812499994 0.2092708328125 0.3908333328125 0.15671875 0.3908333328125 0.15671875 0.41777777812499994 0.2092708328125 0.41777777812499994
1 0.0939583328125 0.367777778125 0.0939583328125 0.407222221875 0.15567708281249998 0.407222221875 0.15567708281249998 0.367777778125 0.0939583328125 0.367777778125
1 0.09505208281250001 0.393796296875 0.09505208281250001 0.35907407343750003 0.028437499999999998 0.35907407343750003 0.028437499999999998 0.393796296875 0.09505208281250001 0.393796296875
1 0.0003125 0.3408333328125 0.0003125 0.38416666718750003 0.0263020828125 0.38416666718750003 0.0263020828125 0.3408333328125 0.0003125 0.3408333328125
1 0.0381770828125 0.28500000000000003 0.0381770828125 0.2503703703125 0.0019270828125 0.2503703703125 0.0019270828125 0.28500000000000003 0.0381770828125 0.28500000000000003
1 0.099375 0.3081481484375 0.099375 0.263796296875 0.0338541671875 0.263796296875 0.0338541671875 0.3081481484375 0.099375 0.3081481484375
1 0.1561979171875 0.3340740734375 0.1561979171875 0.28787037031249996 0.099375 0.28787037031249996 0.099375 0.3340740734375 0.1561979171875 0.3340740734375
1 0.21031249999999999 0.35046296250000003 0.21031249999999999 0.30333333281249997 0.16109374999999998 0.30333333281249997 0.16109374999999998 0.35046296250000003 0.21031249999999999 0.35046296250000003
1 0.2509375 0.3725925921875 0.2509375 0.3263888890625 0.21031249999999999 0.3263888890625 0.21031249999999999 0.3725925921875 0.2509375 0.3725925921875
1 0.2969270828125 0.38703703749999996 0.2969270828125 0.343703703125 0.2460416671875 0.343703703125 0.2460416671875 0.38703703749999996 0.2969270828125 0.38703703749999996
1 0.2898958328125 0.32351851875 0.2898958328125 0.2686111109375 0.2281770828125 0.2686111109375 0.2281770828125 0.32351851875 0.2898958328125 0.32351851875
1 0.25614583281250003 0.3038888890625 0.25614583281250003 0.24962962968750002 0.19765625 0.24962962968750002 0.19765625 0.3038888890625 0.25614583281250003 0.3038888890625
1 0.2126041671875 0.291203703125 0.2126041671875 0.24037037031250003 0.14828125 0.24037037031250003 0.14828125 0.291203703125 0.2126041671875 0.291203703125
1 0.15671875 0.2553703703125 0.15671875 0.21148148125000002 0.09114583281250001 0.21148148125000002 0.09114583281250001 0.2553703703125 0.15671875 0.2553703703125
1 0.1028125 0.22768518593749998 0.1028125 0.17333333281250002 0.02421875 0.17333333281250002 0.02421875 0.22768518593749998 0.1028125 0.22768518593749998
1 0.00020833281250000002 0.1549074078125 0.00020833281250000002 0.20805555625 0.0346354171875 0.20805555625 0.0346354171875 0.1549074078125 0.00020833281250000002 0.1549074078125
1 0.0463020828125 0.135277778125 0.0463020828125 0.057870370312499995 0.00020833281250000002 0.057870370312499995 0.00020833281250000002 0.135277778125 0.0463020828125 0.135277778125
1 0.110625 0.16185185156249998 0.110625 0.0971296296875 0.045 0.0971296296875 0.045 0.16185185156249998 0.110625 0.16185185156249998
1 0.1613020828125 0.20342592656249997 0.1613020828125 0.1213888890625 0.09828125 0.1213888890625 0.09828125 0.20342592656249997 0.1613020828125 0.20342592656249997
1 0.21197916718749998 0.22305555625 0.21197916718749998 0.1513888890625 0.15479166718749998 0.1513888890625 0.15479166718749998 0.22305555625 0.21197916718749998 0.22305555625
1 0.24703124999999998 0.24037037031250003 0.24703124999999998 0.172222221875 0.18921875 0.172222221875 0.18921875 0.24037037031250003 0.24703124999999998 0.24037037031250003
1 0.2944791671875 0.25648148125 0.2944791671875 0.20342592656249997 0.2288541671875 0.20342592656249997 0.2288541671875 0.25648148125 0.2944791671875 0.25648148125
1 0.22171875000000002 0.1375925921875 0.22171875000000002 0.198796296875 0.2977083328125 0.198796296875 0.2977083328125 0.1375925921875 0.22171875000000002 0.1375925921875
1 0.26135416718750004 0.1699074078125 0.26135416718750004 0.1156481484375 0.1898958328125 0.1156481484375 0.1898958328125 0.1699074078125 0.26135416718750004 0.1699074078125
1 0.1463541671875 0.0751851859375 0.1463541671875 0.1433333328125 0.2158333328125 0.1433333328125 0.2158333328125 0.0751851859375 0.1463541671875 0.0751851859375
1 0.16651041718749998 0.12833333281249998 0.16651041718749998 0.0428703703125 0.07229166718749999 0.0428703703125 0.07229166718749999 0.12833333281249998 0.16651041718749998 0.12833333281249998
1 0.0117708328125 0.0079629625 0.0117708328125 0.080740740625 0.10859375 0.080740740625 0.10859375 0.0079629625 0.0117708328125 0.0079629625
1 0.2267708328125 0.0784259265625 0.2267708328125 0.010277778125000001 0.1494791671875 0.010277778125000001 0.1494791671875 0.0784259265625 0.2267708328125 0.0784259265625
1 0.26125 0.11768518593749999 0.26125 0.0356481484375 0.1878125 0.0356481484375 0.1878125 0.11768518593749999 0.26125 0.11768518593749999
1 0.19885416718749999 0.6165740734375 0.19885416718749999 0.5980555562500001 0.1404166671875 0.5980555562500001 0.1404166671875 0.6165740734375 0.19885416718749999 0.6165740734375
1 0.23718750000000002 0.6165740734375 0.23718750000000002 0.5934259265625 0.1865104171875 0.5934259265625 0.1865104171875 0.6165740734375 0.23718750000000002 0.6165740734375
1 0.23328125000000002 0.5796296296875 0.23328125000000002 0.61305555625 0.28265625 0.61305555625 0.28265625 0.5796296296875 0.23328125000000002 0.5796296296875
1 0.27515625 0.39601851875 0.27515625 0.423796296875 0.33999999999999997 0.423796296875 0.33999999999999997 0.39601851875 0.27515625 0.39601851875
1 0.3428125 0.44000000000000006 0.3428125 0.41546296250000003 0.2870833328125 0.41546296250000003 0.2870833328125 0.44000000000000006 0.3428125 0.44000000000000006
1 0.3415625 0.45055555625 0.3415625 0.43166666718749996 0.2923958328125 0.43166666718749996 0.2923958328125 0.45055555625 0.3415625 0.45055555625
1 0.3365625 0.4973148140625 0.3365625 0.48175925937499997 0.28453125 0.48175925937499997 0.28453125 0.4973148140625 0.3365625 0.4973148140625
1 0.340625 0.50351851875 0.340625 0.49120370312499995 0.2942708328125 0.49120370312499995 0.2942708328125 0.50351851875 0.340625 0.50351851875
1 0.33781249999999996 0.5374074078125 0.33781249999999996 0.5196296296875 0.2945833328125 0.5196296296875 0.2945833328125 0.5374074078125 0.33781249999999996 0.5374074078125
1 0.33718750000000003 0.5129629625 0.33718750000000003 0.5018518515625 0.29802083281249997 0.5018518515625 0.29802083281249997 0.5129629625 0.33718750000000003 0.5129629625
1 0.34750000000000003 0.5246296296875 0.34750000000000003 0.5129629625 0.2914583328125 0.5129629625 0.2914583328125 0.5246296296875 0.34750000000000003 0.5246296296875
1 0.340625 0.5441666671875 0.340625 0.5346296296874999 0.2995833328125 0.5346296296874999 0.2995833328125 0.5441666671875 0.340625 0.5441666671875
1 0.3325 0.5575 0.3325 0.5441666671875 0.2995833328125 0.5441666671875 0.2995833328125 0.5575 0.3325 0.5575
1 0.3634895828125 0.5575 0.3634895828125 0.545277778125 0.33781249999999996 0.545277778125 0.33781249999999996 0.5575 0.3634895828125 0.5575
1 0.33968750000000003 0.5374074078125 0.33968750000000003 0.5525 0.3628645828125 0.5525 0.3628645828125 0.5374074078125 0.33968750000000003 0.5374074078125
1 0.3359375 0.5268518515625 0.3359375 0.5413888890624999 0.3625520828125 0.5413888890624999 0.3625520828125 0.5268518515625 0.3359375 0.5268518515625
1 0.33968750000000003 0.5174074078124999 0.33968750000000003 0.530740740625 0.3622395828125 0.530740740625 0.3622395828125 0.5174074078124999 0.33968750000000003 0.5174074078124999
1 0.33968750000000003 0.5118518515625 0.33968750000000003 0.5174074078124999 0.3647395828125 0.5174074078124999 0.3647395828125 0.5118518515625 0.33968750000000003 0.5118518515625
1 0.33968750000000003 0.50351851875 0.33968750000000003 0.5118518515625 0.3647395828125 0.5118518515625 0.3647395828125 0.50351851875 0.33968750000000003 0.50351851875
1 0.339375 0.49120370312499995 0.339375 0.50351851875 0.3663020828125 0.50351851875 0.3663020828125 0.49120370312499995 0.339375 0.49120370312499995
1 0.3415625 0.48175925937499997 0.3415625 0.4906481484375 0.3663020828125 0.4906481484375 0.3663020828125 0.48175925937499997 0.3415625 0.48175925937499997
1 0.3365625 0.4756481484375 0.3365625 0.48175925937499997 0.3622395828125 0.48175925937499997 0.3622395828125 0.4756481484375 0.3365625 0.4756481484375
1 0.3375 0.46166666718749994 0.3375 0.4756481484375 0.3622395828125 0.4756481484375 0.3622395828125 0.46166666718749994 0.3375 0.46166666718749994
1 0.3375 0.4516666671875 0.3375 0.46166666718749994 0.36380208281250004 0.46166666718749994 0.36380208281250004 0.4516666671875 0.3375 0.4516666671875
1 0.3403125 0.44000000000000006 0.3403125 0.4516666671875 0.36380208281250004 0.4516666671875 0.36380208281250004 0.44000000000000006 0.3403125 0.44000000000000006
1 0.3409375 0.43055555625 0.3409375 0.43944444374999997 0.3628645828125 0.43944444374999997 0.3628645828125 0.43055555625 0.3409375 0.43055555625
1 0.3334375 0.42157407343750003 0.3334375 0.43055555625 0.3625520828125 0.43055555625 0.3625520828125 0.42157407343750003 0.3334375 0.42157407343750003
1 0.3634895828125 0.42833333281249997 0.3634895828125 0.4143518515625 0.33406250000000004 0.4143518515625 0.33406250000000004 0.42833333281249997 0.3634895828125 0.42833333281249997
1 0.3375 0.39824074062500003 0.3375 0.4193518515625 0.3684895828125 0.4193518515625 0.3684895828125 0.39824074062500003 0.3375 0.39824074062500003
1 0.3794791671875 0.40601851875 0.3794791671875 0.39101851875000004 0.3136979171875 0.39101851875000004 0.3136979171875 0.40601851875 0.3794791671875 0.40601851875
0 0.1524479171875 0.47277777812500005 0.1524479171875 0.6180555562500001 0.200625 0.6180555562500001 0.200625 0.47277777812500005 0.1524479171875 0.47277777812500005
0 0.24390625 0.613240740625 0.24390625 0.49296296249999993 0.2070833328125 0.49296296249999993 0.2070833328125 0.613240740625 0.24390625 0.613240740625
0 0.285625 0.60944444375 0.285625 0.49490740781250003 0.2444791671875 0.49490740781250003 0.2444791671875 0.60944444375 0.285625 0.60944444375