0 0.5219270828125 0.5628703703125 0.5219270828125 0.42712962968749996 0.47906250000000006 0.42712962968749996 0.47906250000000006 0.5628703703125 0.5219270828125 0.5628703703125
1 0.6421354171875 0.7340740734375 0.6421354171875 0.64398148125 0.4920833328125 0.64398148125 0.4920833328125 0.7340740734375 0.6421354171875 0.7340740734375
1 0.7532291671875 0.7721296296875 0.7532291671875 0.668240740625 0.6239583328125 0.668240740625 0.6239583328125 0.7721296296875 0.7532291671875 0.7721296296875
1 0.1874479171875 0.7346296296875 0.1874479171875 0.6399074078125 0.0867708328125 0.6399074078125 0.0867708328125 0.7346296296875 0.1874479171875 0.7346296296875
1 0.13874999999999998 0.8015740734374999 0.13874999999999998 0.66305555625 0.0003645828125 0.66305555625 0.0003645828125 0.8015740734374999 0.13874999999999998 0.8015740734374999
1 0.2244791671875 0.6976851859375001 0.2244791671875 0.6237962968749999 0.16796875 0.6237962968749999 0.16796875 0.6976851859375001 0.2244791671875 0.6976851859375001
1 0.954375 0.7259259265625 0.954375 0.5966666671875 0.7469270828125001 0.5966666671875 0.7469270828125001 0.7259259265625 0.954375 0.7259259265625
1 0.9988020828125 0.754722221875 0.9988020828125 0.6253703703125 0.9920833328124999 0.6253703703125 0.9920833328124999 0.754722221875 0.9988020828125 0.754722221875
1 0.9934375 0.3859259265625 0.9934375 0.18 0.7630729171875 0.18 0.7630729171875 0.3859259265625 0.9934375 0.3859259265625
1 0.7589583328125 0.0070370375 0.7589583328125 0.0788888890625 0.9946875000000001 0.0788888890625 0.9946875000000001 0.0070370375 0.7589583328125 0.0070370375
1 0.2522916671875 0.5908333328125 0.2522916671875 0.5768518515625 0.2396875 0.5768518515625 0.2396875 0.5908333328125 0.2522916671875 0.5908333328125
1 0.2496875 0.5768518515625 0.2496875 0.58851851875 0.2590104171875 0.58851851875 0.2590104171875 0.5768518515625 0.2496875 0.5768518515625