1 0.9979166671874999 0.9962037031250001 0.9979166671874999 0.7806481484375001 0.7621875 0.7806481484375001 0.7621875 0.9962037031250001 0.9979166671874999 0.9962037031250001
1 0.16052083281250001 0.8485185187500001 0.16052083281250001 0.6828703703125 0.0011458328125 0.6828703703125 0.0011458328125 0.8485185187500001 0.16052083281250001 0.8485185187500001
1 0.23015625 0.7367592593750001 0.23015625 0.64694444375 0.13359375 0.64694444375 0.13359375 0.7367592593750001 0.23015625 0.7367592593750001
1 0.0010416671875 0.3046296296875 0.0010416671875 0.3315740734375 0.0340625 0.3315740734375 0.0340625 0.3046296296875 0.0010416671875 0.3046296296875
1 0.026510417187500003 0.339259259375 0.026510417187500003 0.30944444375 0.0010416671875 0.30944444375 0.0010416671875 0.339259259375 0.026510417187500003 0.339259259375
1 0.0010416671875 0.33546296249999996 0.0010416671875 0.36148148125 0.0340625 0.36148148125 0.0340625 0.33546296249999996 0.0010416671875 0.33546296249999996
1 0.0340625 0.38166666718750003 0.0340625 0.3499074078125 0.0005208328124999999 0.3499074078125 0.0005208328124999999 0.38166666718750003 0.0340625 0.38166666718750003
1 0.7153125 0.6287962968749999 0.7153125 0.6041666671875 0.6998958328125 0.6041666671875 0.6998958328125 0.6287962968749999 0.7153125 0.6287962968749999
1 0.7534375 0.6306481484375001 0.7534375 0.603240740625 0.7166145828125 0.603240740625 0.7166145828125 0.6306481484375001 0.7534375 0.6306481484375001
1 0.7965104171874999 0.63898148125 0.7965104171874999 0.6111111109375 0.7513541671875 0.6111111109375 0.7513541671875 0.63898148125 0.7965104171874999 0.63898148125
1 0.8479166671874999 0.652222221875 0.8479166671874999 0.6141666671875 0.7873958328125 0.6141666671875 0.7873958328125 0.652222221875 0.8479166671874999 0.652222221875
0 0.55765625 0.4143518515625 0.55765625 0.6048148140625 0.6163020828125 0.6048148140625 0.6163020828125 0.4143518515625 0.55765625 0.4143518515625
1 0.2497916671875 0.586296296875 0.2497916671875 0.5757407406249999 0.2140625 0.5757407406249999 0.2140625 0.586296296875 0.2497916671875 0.586296296875
1 0.27921874999999996 0.5918518515625 0.27921874999999996 0.5762962968750001 0.2438541671875 0.5762962968750001 0.2438541671875 0.5918518515625 0.27921874999999996 0.5918518515625
1 0.27921874999999996 0.580740740625 0.27921874999999996 0.5918518515625 0.2886458328125 0.5918518515625 0.2886458328125 0.580740740625 0.27921874999999996 0.580740740625