1 0.28984375 0.6000925921875 0.28984375 0.5838888890625 0.25036458281249996 0.5838888890625 0.25036458281249996 0.6000925921875 0.28984375 0.6000925921875
1 0.29802083281249997 0.6023148140625 0.29802083281249997 0.5833333328125 0.28859375 0.5833333328125 0.28859375 0.6023148140625 0.29802083281249997 0.6023148140625
1 0.2961458328125 0.58055555625 0.2961458328125 0.5961111109375 0.30302083281250003 0.5961111109375 0.30302083281250003 0.58055555625 0.2961458328125 0.58055555625
1 0.2532291671875 0.5984259265625 0.2532291671875 0.5838888890625 0.2165625 0.5838888890625 0.2165625 0.5984259265625 0.2532291671875 0.5984259265625
1 0.2030729171875 0.5966666671875 0.2030729171875 0.58055555625 0.17520833281249998 0.58055555625 0.17520833281249998 0.5966666671875 0.2030729171875 0.5966666671875
1 0.18145833281249998 0.601759259375 0.18145833281249998 0.5833333328125 0.16640625 0.5833333328125 0.16640625 0.601759259375 0.18145833281249998 0.601759259375
1 0.1730208328125 0.6106481484375 0.1730208328125 0.5811111109375 0.1385416671875 0.5811111109375 0.1385416671875 0.6106481484375 0.1730208328125 0.6106481484375
1 0.1354166671875 0.6084259265624999 0.1354166671875 0.5888888890625 0.11005208281250001 0.5888888890625 0.11005208281250001 0.6084259265624999 0.1354166671875 0.6084259265624999
1 0.1238020828125 0.6117592593750001 0.1238020828125 0.5900000000000001 0.096875 0.5900000000000001 0.096875 0.6117592593750001 0.1238020828125 0.6117592593750001
1 0.031718750000000004 0.603240740625 0.031718750000000004 0.5813888890625 0.00041666718749999997 0.5813888890625 0.00041666718749999997 0.603240740625 0.031718750000000004 0.603240740625
1 0.0371875 0.6138888890625 0.0371875 0.6 0.00041666718749999997 0.6 0.00041666718749999997 0.6138888890625 0.0371875 0.6138888890625
0 0.7703645828125001 0.26055555625000004 0.7703645828125001 0.6656481484375 0.9488541671874999 0.6656481484375 0.9488541671874999 0.26055555625000004 0.7703645828125001 0.26055555625000004
1 0.9973958328125001 0.6724074078125 0.9973958328125001 0.6306481484375001 0.9283854171874999 0.6306481484375001 0.9283854171874999 0.6724074078125 0.9973958328125001 0.6724074078125