0 0.5545833328125 0.4126851859375 0.5545833328125 0.5111111109375 0.5974479171875 0.5111111109375 0.5974479171875 0.4126851859375 0.5545833328125 0.4126851859375
0 0.56859375 0.5069444437499999 0.56859375 0.4126851859375 0.5444270828125 0.4126851859375 0.5444270828125 0.5069444437499999 0.56859375 0.5069444437499999
0 0.52390625 0.41740740781249996 0.52390625 0.48472222187499997 0.5482812499999999 0.48472222187499997 0.5482812499999999 0.41740740781249996 0.52390625 0.41740740781249996
0 0.26484375 0.2488888890625 0.26484375 0.5773148140625 0.44260416718749995 0.5773148140625 0.44260416718749995 0.2488888890625 0.26484375 0.2488888890625
0 0.0038541671875000003 0.0338888890625 0.0038541671875000003 0.8288888890624999 0.15203125 0.8288888890624999 0.15203125 0.0338888890625 0.0038541671875000003 0.0338888890625
1 0.24546874999999999 0.59898148125 0.24546874999999999 0.5290740734375 0.09578125 0.5290740734375 0.09578125 0.59898148125 0.24546874999999999 0.59898148125
1 0.0733333328125 0.173240740625 0.0733333328125 0.254722221875 0.2005729171875 0.254722221875 0.2005729171875 0.173240740625 0.0733333328125 0.173240740625
1 0.6725520828125 0.377777778125 0.6725520828125 0.3508333328125 0.660277778125 0.332222221875 0.66256340625 0.33055555625 0.6974479171875 0.33055555625 0.6974479171875 0.29500000000000004 0.638412590625 0.29500000000000004 0.637774884375 0.2981018515625 0.6357291671875 0.29500000000000004 0.6357291671875 0.33055555625 0.6281770828125001 0.3508333328125 0.6281770828125001 0.377777778125 0.6725520828125 0.377777778125
1 0.6974479171875 0.40083333281250005 0.6974479171875 0.3815740734375 0.6552604171875 0.3815740734375 0.6552604171875 0.40083333281250005 0.6974479171875 0.40083333281250005
1 0.6644270828125001 0.404722221875 0.6644270828125001 0.3854629625 0.6135416671875 0.3854629625 0.6135416671875 0.404722221875 0.6644270828125001 0.404722221875
1 0.6936979171875 0.531759259375 0.6936979171875 0.5009259265625 0.6238541671875 0.5009259265625 0.6238541671875 0.531759259375 0.6936979171875 0.531759259375
1 0.9528645828125001 0.6 0.9528645828125001 0.5598148140625 0.8055208328125 0.5598148140625 0.8055208328125 0.6 0.9528645828125001 0.6
1 0.9996354171874999 0.5958333328125 0.9996354171874999 0.5500925921875 0.9497395828125 0.5500925921875 0.9497395828125 0.5958333328125 0.9996354171874999 0.5958333328125
1 0.9684375 0.3241666671875 0.9684375 0.2853703703125 0.9365104171875 0.2853703703125 0.9365104171875 0.3241666671875 0.9684375 0.3241666671875
1 0.8702604171875 0.329722221875 0.8702604171875 0.2853703703125 0.8148958328125 0.2853703703125 0.8148958328125 0.329722221875 0.8702604171875 0.329722221875
1 0.8156770828125 0.3325 0.8156770828125 0.28814814843750003 0.7377083328125 0.28814814843750003 0.7377083328125 0.3325 0.8156770828125 0.3325
1 0.9497395828125 0.16898148125 0.9497395828125 0.0303703703125 0.7735937500000001 0.0303703703125 0.7735937500000001 0.16898148125 0.9497395828125 0.16898148125
1 0.8982812499999999 0.020740740625 0.8982812499999999 0.1578703703125 0.9996354171874999 0.1578703703125 0.9996354171874999 0.020740740625 0.8982812499999999 0.020740740625
1 0.9862500000000001 0.23185185156250002 0.9862500000000001 0.1568518515625 0.8877083328125 0.1568518515625 0.8877083328125 0.23185185156250002 0.9862500000000001 0.23185185156250002
1 0.7177083328125 0.1636111109375 0.7177083328125 0.255 0.82546875 0.255 0.82546875 0.24444444375000002 0.8947395828125 0.24444444375000002 0.8947395828125 0.16935185156250002 0.82546875 0.16935185156250002 0.82546875 0.1636111109375 0.7177083328125 0.1636111109375
0 0.4421875 0.383240740625 0.4421875 0.51398148125 0.48640625000000004 0.51398148125 0.48640625000000004 0.383240740625 0.4421875 0.383240740625
0 0.4715104171875 0.3904629625 0.4715104171875 0.5051851859375 0.4963020828125 0.5051851859375 0.4963020828125 0.3904629625 0.4715104171875 0.3904629625