0 0.5678124999999999 0.2270370375 0.5678124999999999 0.5041666671875 0.6481250000000001 0.5041666671875 0.6481250000000001 0.2270370375 0.5678124999999999 0.2270370375
1 0.72765625 0.33712962968750004 0.72765625 0.2865740734375 0.6559375000000001 0.2865740734375 0.6559375000000001 0.33712962968750004 0.72765625 0.33712962968750004
1 0.7781770828125001 0.3283333328125 0.7781770828125001 0.2825925921875 0.7051041671875 0.2825925921875 0.7051041671875 0.3283333328125 0.7781770828125001 0.3283333328125
1 0.8277083328125 0.32768518593749996 0.8277083328125 0.2849074078125 0.75953125 0.2849074078125 0.75953125 0.32768518593749996 0.8277083328125 0.32768518593749996
1 0.9433333328125 0.32148148125 0.9433333328125 0.27851851875 0.8903645828125001 0.27851851875 0.8903645828125001 0.32148148125 0.9433333328125 0.32148148125
1 0.8911458328125 0.3241666671875 0.8911458328125 0.28398148125 0.8295312499999999 0.28398148125 0.8295312499999999 0.3241666671875 0.8911458328125 0.3241666671875
1 0.9924479171874999 0.311759259375 0.9924479171874999 0.27851851875 0.9394791671875 0.27851851875 0.9394791671875 0.311759259375 0.9924479171874999 0.311759259375
1 0.93421875 0.206759259375 0.93421875 0.08898148125000001 0.7759375000000001 0.08898148125000001 0.7759375000000001 0.206759259375 0.93421875 0.206759259375
1 0.9959374999999999 0.2266666671875 0.9959374999999999 0.0790740734375 0.9106249999999999 0.0790740734375 0.9106249999999999 0.2266666671875 0.9959374999999999 0.2266666671875
1 0.315625 0.579722221875 0.315625 0.531203703125 0.1628125 0.531203703125 0.1628125 0.579722221875 0.315625 0.579722221875
1 0.17375000000000002 0.5962962968750001 0.17375000000000002 0.5381481484374999 0.104375 0.5381481484374999 0.104375 0.5962962968750001 0.17375000000000002 0.5962962968750001
1 0.3 0.22074074062500001 0.3 0.1098148140625 0.16619791718750002 0.1098148140625 0.16619791718750002 0.22074074062500001 0.3 0.22074074062500001
1 0.08562499999999999 0.1225925921875 0.08562499999999999 0.2311111109375 0.22140624999999997 0.2311111109375 0.22140624999999997 0.1225925921875 0.08562499999999999 0.1225925921875
1 0.1168229171875 0.21611111093750002 0.1168229171875 0.27379629687499996 0.21359374999999997 0.27379629687499996 0.21359374999999997 0.21611111093750002 0.1168229171875 0.21611111093750002
1 0.30192708281249997 0.26342592656249997 0.30192708281249997 0.2195370375 0.184375 0.2195370375 0.184375 0.26342592656249997 0.30192708281249997 0.26342592656249997
1 0.3318229171875 0.0740740734375 0.3318229171875 0.15722222187499998 0.41500000000000004 0.15722222187499998 0.41500000000000004 0.0740740734375 0.3318229171875 0.0740740734375
1 0.41692708281249996 0.18722222187499998 0.41692708281249996 0.135277778125 0.3584895828125 0.135277778125 0.3584895828125 0.18722222187499998 0.41692708281249996 0.18722222187499998
1 0.3506770828125 0.3026851859375 0.3506770828125 0.3396296296875 0.41432291718750003 0.3396296296875 0.41432291718750003 0.3026851859375 0.3506770828125 0.3026851859375
1 0.3552083328125 0.336203703125 0.3552083328125 0.29805555625 0.30453125000000003 0.29805555625 0.30453125000000003 0.336203703125 0.3552083328125 0.336203703125
1 0.24869791718749998 0.295740740625 0.24869791718749998 0.336203703125 0.30583333281249997 0.336203703125 0.30583333281249997 0.295740740625 0.24869791718749998 0.295740740625
0 0.0021874999999999998 0.00101851875 0.0021874999999999998 0.90898148125 0.16046875 0.90898148125 0.16046875 0.00101851875 0.0021874999999999998 0.00101851875
1 0.9349999999999999 0.5976851859375001 0.9349999999999999 0.543796296875 0.7789583328125 0.543796296875 0.7789583328125 0.5976851859375001 0.9349999999999999 0.5976851859375001