0 0.563125 0.271296296875 0.563125 0.5111111109375 0.629375 0.5111111109375 0.629375 0.271296296875 0.563125 0.271296296875
1 0.7256770828125 0.305 0.7256770828125 0.2633333328125 0.66703125 0.2633333328125 0.66703125 0.305 0.7256770828125 0.305
1 0.63953125 0.39805555625 0.63953125 0.37805555625 0.61203125 0.37805555625 0.61203125 0.39805555625 0.63953125 0.39805555625
1 0.7338020828125 0.5368518515625 0.7338020828125 0.4950925921875 0.6372916671875 0.4950925921875 0.6372916671875 0.5368518515625 0.7338020828125 0.5368518515625
1 0.78796875 0.308240740625 0.78796875 0.2649074078125 0.7211979171875 0.2649074078125 0.7211979171875 0.308240740625 0.78796875 0.308240740625
1 0.8474999999999999 0.3018518515625 0.8474999999999999 0.25851851875 0.77578125 0.25851851875 0.77578125 0.3018518515625 0.8474999999999999 0.3018518515625
1 0.91640625 0.29944444375 0.91640625 0.2578703703125 0.8525 0.2578703703125 0.8525 0.29944444375 0.91640625 0.29944444375
1 0.9722916671874999 0.2920370375 0.9722916671874999 0.2493518515625 0.9086458328125 0.2493518515625 0.9086458328125 0.2920370375 0.9722916671874999 0.2920370375
1 0.9976041671875 0.289722221875 0.9976041671875 0.256296296875 0.9703645828124999 0.256296296875 0.9703645828124999 0.289722221875 0.9976041671875 0.289722221875
1 0.9969791671875001 0.6212037031250001 0.9969791671875001 0.55648148125 0.7988541671875 0.55648148125 0.7988541671875 0.6212037031250001 0.9969791671875001 0.6212037031250001
1 0.9889583328124999 0.1533333328125 0.9889583328124999 0.0116666671875 0.8183333328125 0.0116666671875 0.8183333328125 0.1533333328125 0.9889583328124999 0.1533333328125
1 0.9968229171875 0.13342592656250002 0.9968229171875 0.027685185937500002 0.9249479171875 0.027685185937500002 0.9249479171875 0.13342592656250002 0.9968229171875 0.13342592656250002
1 0.8890625 0.1413888890625 0.8890625 0.207222221875 0.9990625 0.207222221875 0.9990625 0.1413888890625 0.8890625 0.1413888890625
1 0.9473958328125001 0.207222221875 0.9473958328125001 0.1234259265625 0.7756770828125 0.1234259265625 0.7756770828125 0.207222221875 0.9473958328125001 0.207222221875
1 0.30984375000000003 0.0176851859375 0.30984375000000003 0.11148148124999999 0.38953125 0.11148148124999999 0.38953125 0.0176851859375 0.30984375000000003 0.0176851859375
1 0.3077083328125 0.097222221875 0.3077083328125 0.029351851562499996 0.2780729171875 0.029351851562499996 0.2780729171875 0.097222221875 0.3077083328125 0.097222221875
1 0.39187500000000003 0.1471296296875 0.39187500000000003 0.10694444375 0.3435416671875 0.10694444375 0.3435416671875 0.1471296296875 0.39187500000000003 0.1471296296875
1 0.2866145828125 0.1 0.2866145828125 0.15129629687499999 0.3653645828125 0.15129629687499999 0.3653645828125 0.1 0.2866145828125 0.1
1 0.0223958328125 0.0029629625 0.0223958328125 0.1374074078125 0.20557291718749998 0.1374074078125 0.20557291718749998 0.0029629625 0.0223958328125 0.0029629625
1 0.1330729171875 0.1471296296875 0.1330729171875 0.0071296296875 0.0013541671875 0.0071296296875 0.0013541671875 0.1471296296875 0.1330729171875 0.1471296296875
1 0.11828125 0.14435185156250002 0.11828125 0.21777777812500002 0.2375520828125 0.21777777812500002 0.2375520828125 0.14435185156250002 0.11828125 0.14435185156250002
1 0.047343750000000004 0.145740740625 0.047343750000000004 0.2136111109375 0.1969791671875 0.2136111109375 0.1969791671875 0.145740740625 0.047343750000000004 0.145740740625
1 0.0005729171875 0.1499074078125 0.0005729171875 0.230277778125 0.11281250000000001 0.230277778125 0.11281250000000001 0.1499074078125 0.0005729171875 0.1499074078125
1 0.2172395828125 0.6196296296875 0.2172395828125 0.5573148140625 0.0340625 0.5573148140625 0.0340625 0.6196296296875 0.2172395828125 0.6196296296875
1 0.04265625 0.612777778125 0.04265625 0.5698148140625 0.0029166671875000003 0.5698148140625 0.0029166671875000003 0.612777778125 0.04265625 0.612777778125
0 0.20015624999999998 0.15111111093750001 0.20015624999999998 0.64305555625 0.43557291718749996 0.64305555625 0.43557291718749996 0.15111111093750001 0.20015624999999998 0.15111111093750001
0 0.3880208328125 0.3340740734375 0.3880208328125 0.5391666671875 0.4659895828125 0.5391666671875 0.4659895828125 0.3340740734375 0.3880208328125 0.3340740734375
1 0.3828645828125 0.30194444374999996 0.3828645828125 0.26916666718750004 0.3000520828125 0.26916666718750004 0.3000520828125 0.30194444374999996 0.3828645828125 0.30194444374999996
1 0.2930208328125 0.30962962968749996 0.2930208328125 0.26342592656249997 0.24755208281250002 0.26342592656249997 0.24755208281250002 0.30962962968749996 0.2930208328125 0.30962962968749996
1 0.2545833328125 0.305740740625 0.2545833328125 0.2711111109375 0.19015625 0.2711111109375 0.19015625 0.305740740625 0.2545833328125 0.305740740625
1 0.1609375 0.3125 0.1609375 0.275 0.1089583328125 0.275 0.1089583328125 0.3125 0.1609375 0.3125
1 0.23078125 0.3663888890625 0.23078125 0.3346296296875 0.1711979171875 0.3346296296875 0.1711979171875 0.3663888890625 0.23078125 0.3663888890625