1 0.6594270828125001 0.2916666671875 0.6594270828125001 0.2615740734375 0.6236979171875 0.2615740734375 0.6236979171875 0.2916666671875 0.6594270828125001 0.2916666671875
1 0.6556770828125 0.38694444375 0.6556770828125 0.3729629625 0.6211979171875 0.3729629625 0.6211979171875 0.38694444375 0.6556770828125 0.38694444375
1 0.76875 0.5391666671875 0.76875 0.5074074078125 0.6669791671875 0.5074074078125 0.6669791671875 0.5391666671875 0.76875 0.5391666671875
1 0.7724479171875 0.28814814843750003 0.7724479171875 0.22472222187500002 0.6695833328125 0.22472222187500002 0.6695833328125 0.28814814843750003 0.7724479171875 0.28814814843750003
1 0.84078125 0.287777778125 0.84078125 0.220277778125 0.7576562499999999 0.220277778125 0.7576562499999999 0.287777778125 0.84078125 0.287777778125
1 0.9190625000000001 0.26574074062499997 0.9190625000000001 0.2224074078125 0.8324479171875 0.2224074078125 0.8324479171875 0.26574074062499997 0.9190625000000001 0.26574074062499997
1 0.9921354171875001 0.25509259218749997 0.9921354171875001 0.22148148124999997 0.9331250000000001 0.22148148124999997 0.9331250000000001 0.25509259218749997 0.9921354171875001 0.25509259218749997
1 0.9979166671874999 0.12203703749999999 0.9979166671874999 0.0056481484375 0.8365625 0.0056481484375 0.8365625 0.12203703749999999 0.9979166671874999 0.12203703749999999
1 0.9511458328125 0.0333333328125 0.9511458328125 0.11231481406249999 0.9979166671874999 0.11231481406249999 0.9979166671874999 0.0333333328125 0.9511458328125 0.0333333328125
1 0.7391145828125001 0.00148148125 0.7391145828125001 0.029166667187500002 0.8240624999999999 0.029166667187500002 0.8240624999999999 0.00148148125 0.7391145828125001 0.00148148125
1 0.9953125 0.6576851859375 0.9953125 0.54 0.92125 0.54 0.92125 0.6576851859375 0.9953125 0.6576851859375
1 0.13135416718749998 0.2859259265625 0.13135416718749998 0.23398148124999998 0.021562500000000002 0.23398148124999998 0.021562500000000002 0.2859259265625 0.13135416718749998 0.2859259265625
1 0.2125520828125 0.266296296875 0.2125520828125 0.2270370375 0.18265625000000002 0.2270370375 0.18265625000000002 0.266296296875 0.2125520828125 0.266296296875
1 0.28531249999999997 0.27324074062500003 0.28531249999999997 0.2316666671875 0.2132291671875 0.2316666671875 0.2132291671875 0.27324074062500003 0.28531249999999997 0.27324074062500003
1 0.3743229171875 0.313703703125 0.3743229171875 0.228240740625 0.2827083328125 0.228240740625 0.2827083328125 0.313703703125 0.3743229171875 0.313703703125
1 0.2533333328125 0.005 0.2533333328125 0.09675925937499999 0.3835416671875 0.09675925937499999 0.3835416671875 0.005 0.2533333328125 0.005
1 0.01875 0.0029629625 0.01875 0.1566666671875 0.21067708281250003 0.1566666671875 0.21067708281250003 0.0029629625 0.01875 0.0029629625
0 0.5698958328125 0.2563888890625 0.5698958328125 0.531759259375 0.64734375 0.531759259375 0.64734375 0.2563888890625 0.5698958328125 0.2563888890625
0 0.4130729171875 0.7016666671875 0.4130729171875 0.074722221875 0.0566666671875 0.074722221875 0.0566666671875 0.7016666671875 0.4130729171875 0.7016666671875
0 0.47854166718749996 0.55194444375 0.47854166718749996 0.32083333281250004 0.38687499999999997 0.32083333281250004 0.38687499999999997 0.55194444375 0.47854166718749996 0.55194444375