0 0.5502604171875001 0.22629629687500002 0.5502604171875001 0.5246296296875 0.6309895828125 0.5246296296875 0.6309895828125 0.22629629687500002 0.5502604171875001 0.22629629687500002
1 0.6355208328125 0.3915740734375 0.6355208328125 0.35305555625 0.5840625 0.35305555625 0.5840625 0.3915740734375 0.6355208328125 0.3915740734375
1 0.8155208328124999 0.57194444375 0.8155208328124999 0.5104629625 0.6733333328125 0.5104629625 0.6733333328125 0.57194444375 0.8155208328124999 0.57194444375
1 0.8418749999999999 0.4293518515625 0.8418749999999999 0.3866666671875 0.7730208328125 0.3866666671875 0.7730208328125 0.4293518515625 0.8418749999999999 0.4293518515625
1 0.8048437500000001 0.2353703703125 0.8048437500000001 0.1406481484375 0.6872916671875 0.1406481484375 0.6872916671875 0.2353703703125 0.8048437500000001 0.2353703703125
1 0.9016145828125 0.22722222187500002 0.9016145828125 0.1395370375 0.7775520828125 0.1395370375 0.7775520828125 0.22722222187500002 0.9016145828125 0.22722222187500002
1 0.8152604171875 0.268796296875 0.8152604171875 0.21805555625 0.7086979171875 0.21805555625 0.7086979171875 0.268796296875 0.8152604171875 0.268796296875
1 0.6348958328125 0.258796296875 0.6348958328125 0.22805555625 0.5965104171875 0.22805555625 0.5965104171875 0.258796296875 0.6348958328125 0.258796296875
1 0.9880208328125001 0.23638888906250002 0.9880208328125001 0.14861111093749999 0.8775520828125 0.14861111093749999 0.8775520828125 0.23638888906250002 0.9880208328125001 0.23638888906250002
1 0.9548958328125 0.567777778125 0.9548958328125 0.5123148140625 0.8204166671875001 0.5123148140625 0.8204166671875001 0.567777778125 0.9548958328125 0.567777778125
1 0.2740625 0.2258333328125 0.2740625 0.1426851859375 0.14390624999999999 0.1426851859375 0.14390624999999999 0.2258333328125 0.2740625 0.2258333328125
1 0.1571354171875 0.18842592656249998 0.1571354171875 0.13851851875 0.07140625 0.13851851875 0.07140625 0.18842592656249998 0.1571354171875 0.18842592656249998
1 0.2896875 0.34101851875 0.2896875 0.2870370375 0.2390104171875 0.2870370375 0.2390104171875 0.34101851875 0.2896875 0.34101851875
1 0.44557291718750003 0.5128703703124999 0.44557291718750003 0.4824074078125 0.4066145828125 0.4824074078125 0.4066145828125 0.5128703703124999 0.44557291718750003 0.5128703703124999
0 0.2725 0.27870370312500004 0.2725 0.5766666671875 0.42062499999999997 0.5766666671875 0.42062499999999997 0.27870370312500004 0.2725 0.27870370312500004
0 0.2782291671875 0.7633333328125 0.2782291671875 0.0229629625 0.00546875 0.0229629625 0.00546875 0.7633333328125 0.2782291671875 0.7633333328125