1 0.9950520828125 0.9329629625000001 0.9950520828125 0.6618518515625 0.6243229171875 0.6618518515625 0.6243229171875 0.9329629625000001 0.9950520828125 0.9329629625000001
1 0.1288541671875 0.7683333328125 0.1288541671875 0.66351851875 0.0119270828125 0.66351851875 0.0119270828125 0.7683333328125 0.1288541671875 0.7683333328125
1 0.0465625 0.7799074078125 0.0465625 0.6801851859375 0.0016145828125 0.6801851859375 0.0016145828125 0.7799074078125 0.0465625 0.7799074078125
1 0.1784375 0.706759259375 0.1784375 0.6436111109375 0.11109374999999999 0.6436111109375 0.11109374999999999 0.706759259375 0.1784375 0.706759259375
1 0.2046354171875 0.6884259265625 0.2046354171875 0.6386111109375 0.1578645828125 0.6386111109375 0.1578645828125 0.6884259265625 0.2046354171875 0.6884259265625
1 0.22999999999999998 0.6578703703125 0.22999999999999998 0.6198148140625 0.2046875 0.6198148140625 0.2046875 0.6578703703125 0.22999999999999998 0.6578703703125
1 0.20598958281250002 0.5158333328125 0.20598958281250002 0.5586111109375 0.23328125000000002 0.5586111109375 0.23328125000000002 0.5158333328125 0.20598958281250002 0.5158333328125
1 0.18390625 0.4974074078125 0.18390625 0.5620370375 0.21375000000000002 0.5620370375 0.21375000000000002 0.4974074078125 0.18390625 0.4974074078125
1 0.14359375000000002 0.481203703125 0.14359375000000002 0.54351851875 0.18843749999999998 0.54351851875 0.18843749999999998 0.481203703125 0.14359375000000002 0.481203703125
1 0.0754166671875 0.46037037031250005 0.0754166671875 0.54351851875 0.14750000000000002 0.54351851875 0.14750000000000002 0.46037037031250005 0.0754166671875 0.46037037031250005
1 0.0011979171875 0.43499999999999994 0.0011979171875 0.5403703703125 0.0799479171875 0.5403703703125 0.0799479171875 0.43499999999999994 0.0011979171875 0.43499999999999994
1 0.0051041671875 0.1481481484375 0.0051041671875 0.310277778125 0.09322916718749999 0.310277778125 0.09322916718749999 0.1481481484375 0.0051041671875 0.1481481484375
1 0.0916666671875 0.256203703125 0.0916666671875 0.358796296875 0.14697916718749998 0.358796296875 0.14697916718749998 0.256203703125 0.0916666671875 0.256203703125
1 0.1471354171875 0.331296296875 0.1471354171875 0.41629629687499997 0.1940625 0.41629629687499997 0.1940625 0.331296296875 0.1471354171875 0.331296296875
1 0.1886458328125 0.39148148125 0.1886458328125 0.43555555625000003 0.21526041718750002 0.43555555625000003 0.21526041718750002 0.39148148125 0.1886458328125 0.39148148125
1 0.2116666671875 0.4050925921875 0.2116666671875 0.4516666671875 0.23781249999999998 0.4516666671875 0.23781249999999998 0.4050925921875 0.2116666671875 0.4050925921875
1 0.2608333328125 0.45638888906249997 0.2608333328125 0.4893518515625 0.27390625 0.4893518515625 0.27390625 0.45638888906249997 0.2608333328125 0.45638888906249997
1 0.2459375 0.43722222187500004 0.2459375 0.4804629625 0.2635416671875 0.4804629625 0.2635416671875 0.43722222187500004 0.2459375 0.43722222187500004
1 0.23151041718749998 0.426759259375 0.23151041718749998 0.4725 0.2558854171875 0.4725 0.2558854171875 0.426759259375 0.23151041718749998 0.426759259375
1 0.2680208328125 0.47805555625 0.2680208328125 0.5037962968749999 0.28203125 0.5037962968749999 0.28203125 0.47805555625 0.2680208328125 0.47805555625
1 0.27208333281249997 0.4700925921875 0.27208333281249997 0.49416666718749996 0.285625 0.49416666718749996 0.285625 0.4700925921875 0.27208333281249997 0.4700925921875
1 0.27208333281249997 0.45407407343750006 0.27208333281249997 0.47407407343749997 0.2878645828125 0.47407407343749997 0.2878645828125 0.45407407343750006 0.27208333281249997 0.45407407343750006
1 0.274375 0.44759259218749997 0.274375 0.4628703703125 0.285625 0.4628703703125 0.285625 0.44759259218749997 0.274375 0.44759259218749997
1 0.27479166718750003 0.3698148140625 0.27479166718750003 0.3899074078125 0.2847395828125 0.3899074078125 0.2847395828125 0.3698148140625 0.27479166718750003 0.3698148140625
1 0.2757291671875 0.3850925921875 0.2757291671875 0.41148148124999995 0.28250000000000003 0.41148148124999995 0.28250000000000003 0.3850925921875 0.2757291671875 0.3850925921875
1 0.2766145828125 0.41472222187499996 0.2766145828125 0.43722222187500004 0.28250000000000003 0.43722222187500004 0.28250000000000003 0.41472222187499996 0.2766145828125 0.41472222187499996
1 0.2279166671875 0.3634259265625 0.2279166671875 0.3899074078125 0.2806770828125 0.3899074078125 0.2806770828125 0.3634259265625 0.2279166671875 0.3634259265625
1 0.2071354171875 0.331296296875 0.2071354171875 0.37305555625000003 0.26625 0.37305555625000003 0.26625 0.331296296875 0.2071354171875 0.331296296875
1 0.14489583281250001 0.288796296875 0.14489583281250001 0.35055555625 0.2676041671875 0.35055555625 0.2676041671875 0.288796296875 0.14489583281250001 0.288796296875
1 0.1525520828125 0.2703703703125 0.1525520828125 0.33851851875 0.25135416718750003 0.33851851875 0.25135416718750003 0.2703703703125 0.1525520828125 0.2703703703125
1 0.1897916671875 0.21777777812500002 0.1897916671875 0.316203703125 0.238125 0.316203703125 0.238125 0.21777777812500002 0.1897916671875 0.21777777812500002
1 0.08453125 0.126296296875 0.08453125 0.2551851859375 0.2014583328125 0.2551851859375 0.2014583328125 0.126296296875 0.08453125 0.126296296875
1 0.0026041671875 0.007777778125 0.0026041671875 0.1491666671875 0.1654166671875 0.1491666671875 0.1654166671875 0.007777778125 0.0026041671875 0.007777778125
1 0.19953125 0.05648148125 0.19953125 0.141203703125 0.22713541718750002 0.141203703125 0.22713541718750002 0.05648148125 0.19953125 0.05648148125
1 0.16218749999999998 0.00351851875 0.16218749999999998 0.0748148140625 0.2060416671875 0.0748148140625 0.2060416671875 0.00351851875 0.16218749999999998 0.00351851875
1 0.1741145828125 0.12194444374999999 0.1741145828125 0.20277777812500003 0.24390625 0.20277777812500003 0.24390625 0.12194444374999999 0.1741145828125 0.12194444374999999
1 0.2314583328125 0.1748148140625 0.2314583328125 0.23351851875000001 0.2606770828125 0.23351851875000001 0.2606770828125 0.1748148140625 0.2314583328125 0.1748148140625
1 0.2466145828125 0.2181481484375 0.2466145828125 0.2836111109375 0.26828124999999997 0.2836111109375 0.26828124999999997 0.2181481484375 0.2466145828125 0.2181481484375
1 0.2606770828125 0.2624074078125 0.2606770828125 0.303796296875 0.28453125 0.303796296875 0.28453125 0.2624074078125 0.2606770828125 0.2624074078125
1 0.2374479171875 0.16814814843749998 0.2374479171875 0.2095370375 0.2839583328125 0.2095370375 0.2839583328125 0.16814814843749998 0.2374479171875 0.16814814843749998
1 0.2384895828125 0.13731481406249998 0.2384895828125 0.17962962968750001 0.2758333328125 0.17962962968750001 0.2758333328125 0.13731481406249998 0.2384895828125 0.13731481406249998
1 0.2228125 0.073796296875 0.2228125 0.138240740625 0.2709895828125 0.138240740625 0.2709895828125 0.073796296875 0.2228125 0.073796296875
1 0.2834375 0.125740740625 0.2834375 0.063240740625 0.253125 0.063240740625 0.253125 0.0016666671875 0.21848958281250003 0.0016666671875 0.21848958281250003 0.0843518515625 0.24609375 0.0843518515625 0.24609375 0.125740740625 0.2834375 0.125740740625
1 0.3033854171875 0.6037962968749999 0.3033854171875 0.5936111109375 0.2819791671875 0.5936111109375 0.2819791671875 0.6037962968749999 0.3033854171875 0.6037962968749999
0 0.2396354171875 0.46212962968750004 0.2396354171875 0.6555555562500001 0.28078125 0.6555555562500001 0.28078125 0.46212962968750004 0.2396354171875 0.46212962968750004
0 0.30296875 0.6179629624999999 0.30296875 0.46212962968750004 0.2558333328125 0.46212962968750004 0.2558333328125 0.6179629624999999 0.30296875 0.6179629624999999
1 0.2843229171875 0.5796296296875 0.2843229171875 0.5925925921874999 0.303125 0.5925925921874999 0.303125 0.5796296296875 0.2843229171875 0.5796296296875
1 0.37614583281249997 0.599722221875 0.37614583281249997 0.5834259265624999 0.3576041671875 0.5834259265624999 0.3576041671875 0.599722221875 0.37614583281249997 0.599722221875
1 0.3576041671875 0.5973148140625 0.3576041671875 0.5866666671874999 0.33046875 0.5866666671874999 0.33046875 0.5973148140625 0.3576041671875 0.5973148140625
1 0.4059375 0.599722221875 0.4059375 0.5917592593750001 0.37640625 0.5917592593750001 0.37640625 0.599722221875 0.4059375 0.599722221875
0 0.47000000000000003 0.48546296250000004 0.47000000000000003 0.6008333328125001 0.5110416671875 0.6008333328125001 0.5110416671875 0.48546296250000004 0.47000000000000003 0.48546296250000004