1 0.8842708328125 0.6896296296875 0.8842708328125 0.6361111109375 0.7504166671875 0.6361111109375 0.7504166671875 0.6896296296875 0.8842708328125 0.6896296296875
1 0.7744791671875 0.67555555625 0.7744791671875 0.6261111109375 0.6556770828125 0.6261111109375 0.6556770828125 0.67555555625 0.7744791671875 0.67555555625
1 0.6715104171874999 0.6595370375 0.6715104171874999 0.6154629625 0.5891666671875 0.6154629625 0.5891666671875 0.6595370375 0.6715104171874999 0.6595370375
1 0.48921875000000004 0.6171296296875 0.48921875000000004 0.59601851875 0.45510416718749996 0.59601851875 0.45510416718749996 0.6171296296875 0.48921875000000004 0.6171296296875
1 0.4886979171875 0.5863888890625 0.4886979171875 0.6124074078125 0.5163020828125 0.6124074078125 0.5163020828125 0.5863888890625 0.4886979171875 0.5863888890625
1 0.5346875 0.616203703125 0.5346875 0.5863888890625 0.5163020828125 0.5863888890625 0.5163020828125 0.616203703125 0.5346875 0.616203703125
1 0.53359375 0.5815740734375 0.53359375 0.6152777781250001 0.5595833328125 0.6152777781250001 0.5595833328125 0.5815740734375 0.53359375 0.5815740734375
1 0.5974999999999999 0.6075925921875001 0.5974999999999999 0.5921296296875 0.5709895828125 0.5921296296875 0.5709895828125 0.6075925921875001 0.5974999999999999 0.6075925921875001
0 0.0040104171874999995 0.0090740734375 0.0040104171874999995 0.813703703125 0.48218750000000005 0.813703703125 0.48218750000000005 0.0090740734375 0.0040104171874999995 0.0090740734375
1 0.29260416718750004 0.2365740734375 0.29260416718750004 0.18944444375 0.256875 0.18944444375 0.256875 0.2365740734375 0.29260416718750004 0.2365740734375
1 0.3320833328125 0.2375925921875 0.3320833328125 0.22120370312499998 0.28500000000000003 0.22120370312499998 0.28500000000000003 0.2375925921875 0.3320833328125 0.2375925921875
1 0.4844791671875 0.1051851859375 0.4844791671875 0.1636111109375 0.5638020828125 0.1636111109375 0.5638020828125 0.1051851859375 0.4844791671875 0.1051851859375
1 0.5458333328125 0.1343518515625 0.5458333328125 0.071296296875 0.4844791671875 0.071296296875 0.4844791671875 0.1343518515625 0.5458333328125 0.1343518515625
1 0.5408333328125 0.22722222187500002 0.5408333328125 0.1700925921875 0.47921874999999997 0.1700925921875 0.47921874999999997 0.22722222187500002 0.5408333328125 0.22722222187500002
1 0.5622395828125 0.2420370375 0.5622395828125 0.1979629625 0.5084895828125 0.1979629625 0.5084895828125 0.2420370375 0.5622395828125 0.2420370375
1 0.6014062499999999 0.22629629687500002 0.6014062499999999 0.19194444375 0.5471354171875 0.19194444375 0.5471354171875 0.22629629687500002 0.6014062499999999 0.22629629687500002
1 0.5648958328125 0.2109259265625 0.5648958328125 0.23648148125000001 0.6123958328125 0.23648148125000001 0.6123958328125 0.2109259265625 0.5648958328125 0.2109259265625
1 0.57984375 0.27009259218750004 0.57984375 0.249259259375 0.5532291671875 0.249259259375 0.5532291671875 0.27009259218750004 0.57984375 0.27009259218750004
1 0.49864583281249997 0.28851851875 0.49864583281249997 0.3198148140625 0.5649479171875 0.3198148140625 0.5649479171875 0.28851851875 0.49864583281249997 0.28851851875
1 0.47880208281250003 0.26527777812500003 0.47880208281250003 0.3174074078125 0.5446354171875 0.3174074078125 0.5446354171875 0.26527777812500003 0.47880208281250003 0.26527777812500003
1 0.5423958328125 0.4056481484375 0.5423958328125 0.36472222187500003 0.4810416671875 0.36472222187500003 0.4810416671875 0.4056481484375 0.5423958328125 0.4056481484375
1 0.49776041718749997 0.372777778125 0.49776041718749997 0.34629629687499996 0.43546874999999996 0.34629629687499996 0.43546874999999996 0.372777778125 0.49776041718749997 0.372777778125
1 0.56140625 0.407777778125 0.56140625 0.37472222187500004 0.53421875 0.37472222187500004 0.53421875 0.407777778125 0.56140625 0.407777778125