0 0.5418229171875 0.3500925921875 0.5418229171875 0.4999074078125 0.5822395828125 0.4999074078125 0.5822395828125 0.3500925921875 0.5418229171875 0.3500925921875
1 0.4158333328125 0.5231481484375 0.4158333328125 0.5013888890625 0.3446875 0.5013888890625 0.3446875 0.5231481484375 0.4158333328125 0.5231481484375
1 0.4261458328125 0.5197222218750001 0.4261458328125 0.49583333281249997 0.41078125 0.49583333281249997 0.41078125 0.5197222218750001 0.4261458328125 0.5197222218750001
1 0.4411979171875 0.5136111109375 0.4411979171875 0.4963888890625 0.4248958328125 0.4963888890625 0.4248958328125 0.5136111109375 0.4411979171875 0.5136111109375
1 0.20515625 0.6409259265625 0.20515625 0.5523148140624999 0.0933333328125 0.5523148140624999 0.0933333328125 0.6409259265625 0.20515625 0.6409259265625
1 0.10546875 0.679259259375 0.10546875 0.5666666671875 0.0044270828125 0.5666666671875 0.0044270828125 0.679259259375 0.10546875 0.679259259375
1 0.6509895828125 0.03694444375 0.6509895828125 0.0971296296875 0.6943229171875 0.0971296296875 0.6943229171875 0.1379629625 0.7840625 0.1379629625 0.7840625 0.0209259265625 0.6943229171875 0.0209259265625 0.6943229171875 0.03694444375 0.6509895828125 0.03694444375
1 0.6979166671875 0.22537037031249998 0.6979166671875 0.1893518515625 0.6536979171875 0.1893518515625 0.6536979171875 0.22537037031249998 0.6979166671875 0.22537037031249998
1 0.74125 0.2133333328125 0.74125 0.18694444375 0.6947395828125 0.18694444375 0.6947395828125 0.2133333328125 0.74125 0.2133333328125
1 0.7728125 0.31444444374999997 0.7728125 0.27194444375 0.7046875 0.27194444375 0.7046875 0.31444444374999997 0.7728125 0.31444444374999997
1 0.8309895828125 0.3120370375 0.8309895828125 0.270277778125 0.7579166671875 0.270277778125 0.7579166671875 0.3120370375 0.8309895828125 0.3120370375
1 0.8955208328125 0.3024074078125 0.8955208328125 0.270277778125 0.836875 0.270277778125 0.836875 0.3024074078125 0.8955208328125 0.3024074078125
1 0.76875 0.3681481484375 0.76875 0.3481481484375 0.7267708328125 0.3481481484375 0.7267708328125 0.3681481484375 0.76875 0.3681481484375
1 0.7321875 0.3713888890625 0.7321875 0.34731481406250003 0.7015104171875 0.34731481406250003 0.7015104171875 0.3713888890625 0.7321875 0.3713888890625
1 0.7006249999999999 0.37055555625 0.7006249999999999 0.34407407343749996 0.6591145828125 0.34407407343749996 0.6591145828125 0.37055555625 0.7006249999999999 0.37055555625
1 0.8426041671875 0.001296296875 0.8426041671875 0.1276851859375 0.9969791671875001 0.1276851859375 0.9969791671875001 0.001296296875 0.8426041671875 0.001296296875