1 0.7576041671875 0.317777778125 0.7576041671875 0.2551851859375 0.6736979171875 0.2551851859375 0.6736979171875 0.317777778125 0.7576041671875 0.317777778125
1 0.8121875 0.321759259375 0.8121875 0.251203703125 0.7458854171875 0.251203703125 0.7458854171875 0.321759259375 0.8121875 0.321759259375
1 0.7566666671875 0.3626851859375 0.7566666671875 0.337777778125 0.7106770828125 0.337777778125 0.7106770828125 0.3626851859375 0.7566666671875 0.3626851859375
1 0.7142708328125 0.36583333281249997 0.7142708328125 0.33861111093749996 0.6808854171875 0.33861111093749996 0.6808854171875 0.36583333281249997 0.7142708328125 0.36583333281249997
1 0.7196875 0.2126851859375 0.7196875 0.17101851875000001 0.6745833328125 0.17101851875000001 0.6745833328125 0.2126851859375 0.7196875 0.2126851859375
1 0.67640625 0.22546296250000003 0.67640625 0.17898148125 0.6335416671874999 0.17898148125 0.6335416671874999 0.22546296250000003 0.67640625 0.22546296250000003
1 0.6840104171875 0.000277778125 0.6840104171875 0.10564814843749999 0.7526041671875 0.10564814843749999 0.7526041671875 0.000277778125 0.6840104171875 0.000277778125
1 0.6777604171875 0.0945370375 0.6777604171875 0.028055556250000002 0.6278645828125 0.028055556250000002 0.6278645828125 0.0945370375 0.6777604171875 0.0945370375
1 0.8684375 0.0036111109374999998 0.8684375 0.1053703703125 0.9997395828125001 0.1053703703125 0.9997395828125001 0.0036111109374999998 0.8684375 0.0036111109374999998
1 0.0961458328125 0.6661111109375 0.0961458328125 0.592222221875 0.0007291671875 0.592222221875 0.0007291671875 0.6661111109375 0.0961458328125 0.6661111109375
1 0.38166666718750003 0.5225 0.38166666718750003 0.50444444375 0.31588541718749996 0.50444444375 0.31588541718749996 0.5225 0.38166666718750003 0.5225
1 0.3109895828125 0.5271296296875 0.3109895828125 0.5050925921875 0.2910416671875 0.5050925921875 0.2910416671875 0.5271296296875 0.3109895828125 0.5271296296875
1 0.3933333328125 0.5204629625 0.3933333328125 0.503703703125 0.3786458328125 0.503703703125 0.3786458328125 0.5204629625 0.3933333328125 0.5204629625
1 0.40875000000000006 0.5171296296875 0.40875000000000006 0.49768518593750005 0.3933333328125 0.49768518593750005 0.3933333328125 0.5171296296875 0.40875000000000006 0.5171296296875
0 0.5113020828125 0.33861111093749996 0.5113020828125 0.5049074078125 0.5574479171875 0.5049074078125 0.5574479171875 0.33861111093749996 0.5113020828125 0.33861111093749996