1 0.9432812500000001 0.2679629625 0.9432812500000001 0.2256481484375 0.8642708328125 0.2256481484375 0.8642708328125 0.2679629625 0.9432812500000001 0.2679629625
1 0.8658854171874999 0.2949074078125 0.8658854171874999 0.259259259375 0.8328645828125 0.259259259375 0.8328645828125 0.2949074078125 0.8658854171874999 0.2949074078125
1 0.8328645828125 0.24009259218749998 0.8328645828125 0.2718518515625 0.86265625 0.2718518515625 0.86265625 0.24009259218749998 0.8328645828125 0.24009259218749998
1 0.8631770828124999 0.2554629625 0.8631770828124999 0.223703703125 0.8274479171875001 0.223703703125 0.8274479171875001 0.2554629625 0.8631770828124999 0.2554629625
1 0.8675 0.2101851859375 0.8675 0.18805555625 0.8073958328125 0.18805555625 0.8073958328125 0.2371296296875 0.8166145828125 0.2371296296875 0.8166145828125 0.249722221875 0.8713020828125 0.249722221875 0.8713020828125 0.2101851859375 0.8675 0.2101851859375
1 0.8636979171875 0.1698148140625 0.8636979171875 0.1178703703125 0.8209375 0.1178703703125 0.8209375 0.1698148140625 0.8636979171875 0.1698148140625
1 0.8209375 0.094722221875 0.8209375 0.14481481406250002 0.8636979171875 0.14481481406250002 0.8636979171875 0.094722221875 0.8209375 0.094722221875
1 0.8647916671875 0.1178703703125 0.8647916671875 0.080277778125 0.8296354171875 0.080277778125 0.8296354171875 0.1178703703125 0.8647916671875 0.1178703703125
1 0.8274479171875001 0.061296296875 0.8274479171875001 0.1034259265625 0.86359375 0.1034259265625 0.86359375 0.061296296875 0.8274479171875001 0.061296296875
1 0.86359375 0.09694444375 0.86359375 0.038240740625000005 0.8241145828124999 0.038240740625000005 0.8241145828124999 0.09694444375 0.86359375 0.09694444375
1 0.8246354171875 0.10944444375 0.8246354171875 0.0815740734375 0.8116145828124999 0.0815740734375 0.8116145828124999 0.10944444375 0.8246354171875 0.10944444375
1 0.8241145828124999 0.12675925937500002 0.8241145828124999 0.0998148140625 0.8143229171874999 0.0998148140625 0.8143229171874999 0.12675925937500002 0.8241145828124999 0.12675925937500002
1 0.8289583328125 0.1363888890625 0.8289583328125 0.1113888890625 0.8110937500000001 0.1113888890625 0.8110937500000001 0.1363888890625 0.8289583328125 0.1363888890625
1 0.8214062500000001 0.1575925921875 0.8214062500000001 0.13444444375 0.8083854171875 0.13444444375 0.8083854171875 0.1575925921875 0.8214062500000001 0.1575925921875
1 0.9458854171875 0.2509259265625 0.9458854171875 0.2075925921875 0.8657812500000001 0.2075925921875 0.8657812500000001 0.2509259265625 0.9458854171875 0.2509259265625
1 0.86359375 0.1854629625 0.86359375 0.2325925921875 0.9545312499999999 0.2325925921875 0.9545312499999999 0.1854629625 0.86359375 0.1854629625
1 0.9523958328125 0.2104629625 0.9523958328125 0.165277778125 0.86359375 0.165277778125 0.86359375 0.2104629625 0.9523958328125 0.2104629625
1 0.8679166671875 0.1421296296875 0.8679166671875 0.1863888890625 0.95671875 0.1863888890625 0.95671875 0.1421296296875 0.8679166671875 0.1421296296875
1 0.9529166671875 0.167222221875 0.9529166671875 0.12101851875 0.85875 0.12101851875 0.85875 0.167222221875 0.9529166671875 0.167222221875
1 0.8592708328124999 0.10370370312499999 0.8592708328124999 0.14601851875 0.9502083328125 0.14601851875 0.9502083328125 0.10370370312499999 0.8592708328124999 0.10370370312499999
1 0.95078125 0.1315740734375 0.95078125 0.08444444375 0.8657812500000001 0.08444444375 0.8657812500000001 0.1315740734375 0.95078125 0.1315740734375
1 0.8652083328125 0.064259259375 0.8652083328125 0.12 0.9534895828125001 0.12 0.9534895828125001 0.064259259375 0.8652083328125 0.064259259375
1 0.9469791671875001 0.0959259265625 0.9469791671875001 0.0420370375 0.8673958328125 0.0420370375 0.8673958328125 0.0959259265625 0.9469791671875001 0.0959259265625
1 0.9536979171875 0.07148148125 0.9536979171875 0.0193518515625 0.8670833328124999 0.0193518515625 0.8670833328124999 0.07148148125 0.9536979171875 0.07148148125
1 0.8670833328124999 0.0049074078124999995 0.8670833328124999 0.056203703125000004 0.9487500000000001 0.056203703125000004 0.9487500000000001 0.0049074078124999995 0.8670833328124999 0.0049074078124999995
1 0.9255729171875 0.04601851875 0.9255729171875 0.0021296296874999997 0.8631770828124999 0.0021296296874999997 0.8631770828124999 0.04601851875 0.9255729171875 0.04601851875
1 0.8677604171875 0.0506481484375 0.8677604171875 0.006759259375 0.8294270828125001 0.006759259375 0.8294270828125001 0.0506481484375 0.8677604171875 0.0506481484375
1 0.8274479171875001 0.00101851875 0.8274479171875001 0.0345370375 0.8579687500000001 0.0345370375 0.8579687500000001 0.00101851875 0.8274479171875001 0.00101851875
1 0.8092708328124999 0.0033333328125 0.8092708328124999 0.013703703125 0.8274479171875001 0.013703703125 0.8274479171875001 0.0033333328125 0.8092708328124999 0.0033333328125
1 0.82421875 0.027592592187499997 0.82421875 0.012592592187500001 0.8125 0.012592592187500001 0.8125 0.027592592187499997 0.82421875 0.027592592187499997
1 0.8294270828125001 0.04601851875 0.8294270828125001 0.0229629625 0.8105729171875 0.0229629625 0.8105729171875 0.04601851875 0.8294270828125001 0.04601851875
1 0.82875 0.070277778125 0.82875 0.0356481484375 0.8111979171874999 0.0356481484375 0.8111979171874999 0.070277778125 0.82875 0.070277778125
1 0.1664583328125 0.21833333281249998 0.1664583328125 0.27611111093749996 0.29312499999999997 0.27611111093749996 0.29312499999999997 0.21833333281249998 0.1664583328125 0.21833333281249998
1 0.024166667187499997 0.24148148125 0.024166667187499997 0.2784259265625 0.0670833328125 0.2784259265625 0.0670833328125 0.24148148125 0.024166667187499997 0.24148148125
1 0.019982639062499998 0.2841666671875 0.019145446875 0.286567215625 0.0172395828125 0.2841666671875 0.016521990625 0.28622427968749997 0.014496528125 0.2841666671875 0.013898534374999999 0.28588134374999996 0.011753471875000001 0.2841666671875 0.0112750765625 0.2855384078125 0.0090104171875 0.2841666671875 0.0086516203125 0.2851954734375 0.006267360937499999 0.2841666671875 0.0060281640625 0.2848525375 0.00078125 0.2841666671875 0.00078125 0.32 0.025468750000000002 0.32 0.0280729171875 0.318715278125 0.0280729171875 0.33388888906249997 0.07161458281250001 0.33388888906249997 0.07161458281250001 0.2934259265625 0.027015817187500003 0.287596021875 0.025468750000000002 0.2841666671875 0.0243923609375 0.2872530859375 0.02272569375 0.2841666671875 0.0217689046875 0.2869101515625 0.019982639062499998 0.2841666671875
1 0.1008333328125 0.344259259375 0.1008333328125 0.3188888890625 0.0670833328125 0.3188888890625 0.0670833328125 0.344259259375 0.1008333328125 0.344259259375
1 0.0203125 0.0648148140625 0.0203125 0.1121296296875 0.06510416718749999 0.1121296296875 0.06510416718749999 0.0648148140625 0.0203125 0.0648148140625
1 0.0033854171875 0.0543518515625 0.0033854171875 0.0971296296875 0.025468750000000002 0.0971296296875 0.025468750000000002 0.0543518515625 0.0033854171875 0.0543518515625
1 0.24203125 0.0361111109375 0.24203125 0.081296296875 0.32864583281250004 0.081296296875 0.32864583281250004 0.0361111109375 0.24203125 0.0361111109375
1 0.210625 0.0004629625 0.210625 0.0466666671875 0.3178125 0.0466666671875 0.3178125 0.0004629625 0.210625 0.0004629625
1 0.24635416718749997 0.0495370375 0.24635416718749997 0.0043518515625 0.1467708328125 0.0043518515625 0.1467708328125 0.0495370375 0.24635416718749997 0.0495370375
1 0.24854166718749998 0.08898148125000001 0.24854166718749998 0.045740740625 0.1748958328125 0.045740740625 0.1748958328125 0.08898148125000001 0.24854166718749998 0.08898148125000001
1 0.26859375 0.08231481406249999 0.26859375 0.12555555625 0.3476041671875 0.12555555625 0.3476041671875 0.08231481406249999 0.26859375 0.08231481406249999
1 0.2014583328125 0.0620370375 0.2014583328125 0.11499999999999999 0.25609375 0.11499999999999999 0.25609375 0.0620370375 0.2014583328125 0.0620370375
1 0.2117708328125 0.25944444375 0.2117708328125 0.2975 0.3125520828125 0.2975 0.3125520828125 0.25944444375 0.2117708328125 0.25944444375
1 0.24973958281250003 0.29148148125 0.24973958281250003 0.3149074078125 0.3320833328125 0.3149074078125 0.3320833328125 0.29148148125 0.24973958281250003 0.29148148125
1 0.2056770828125 0.2778703703125 0.2056770828125 0.22379629687499997 0.1010416671875 0.22379629687499997 0.1010416671875 0.2778703703125 0.2056770828125 0.2778703703125
1 0.2796354171875 0.29898148125 0.2796354171875 0.3324074078125 0.35041666718750003 0.3324074078125 0.35041666718750003 0.29898148125 0.2796354171875 0.29898148125
1 0.27140624999999996 0.3250925921875 0.27140624999999996 0.34722222187499996 0.3628645828125 0.34722222187499996 0.3628645828125 0.3250925921875 0.27140624999999996 0.3250925921875
0 0.7584375 0.0056481484375 0.7584375 0.5775 0.9928125 0.5775 0.9928125 0.0056481484375 0.7584375 0.0056481484375