1 0.60734375 0.7934259265625 0.60734375 0.6658333328125 0.40010416718749997 0.6658333328125 0.40010416718749997 0.7934259265625 0.60734375 0.7934259265625
1 0.47630208281249997 0.6578703703125 0.47630208281249997 0.5868518515625001 0.3586458328125 0.5868518515625001 0.3586458328125 0.6578703703125 0.47630208281249997 0.6578703703125
1 0.47703125 0.7131481484375 0.47703125 0.63944444375 0.36531250000000004 0.63944444375 0.36531250000000004 0.7131481484375 0.47703125 0.7131481484375
1 0.40895833281250005 0.744722221875 0.40895833281250005 0.6815740734375 0.3741666671875 0.6815740734375 0.3741666671875 0.744722221875 0.40895833281250005 0.744722221875
1 0.379375 0.619722221875 0.379375 0.523703703125 0.17140625 0.523703703125 0.17140625 0.619722221875 0.379375 0.619722221875
1 0.3771354171875 0.680277778125 0.3771354171875 0.6052777781249999 0.1602604171875 0.6052777781249999 0.1602604171875 0.680277778125 0.3771354171875 0.680277778125
1 0.3771354171875 0.76055555625 0.3771354171875 0.65 0.13140625 0.65 0.13140625 0.76055555625 0.3771354171875 0.76055555625
1 0.37859375 0.8447222218749999 0.37859375 0.7171296296875 0.1366145828125 0.7171296296875 0.1366145828125 0.8447222218749999 0.37859375 0.8447222218749999
1 0.9991666671875 0.24305555625 0.9991666671875 0.1499074078125 0.9378645828125001 0.1499074078125 0.9378645828125001 0.24305555625 0.9991666671875 0.24305555625
1 0.9991666671875 0.1843518515625 0.9991666671875 0.1783333328125 0.9985937500000001 0.1783333328125 0.9985937500000001 0.1843518515625 0.9991666671875 0.1843518515625
1 0.9357291671875 0.1898148140625 0.9357291671875 0.27870370312500004 0.9973958328125001 0.27870370312500004 0.9973958328125001 0.1898148140625 0.9357291671875 0.1898148140625
1 0.9955208328125 0.3126851859375 0.9955208328125 0.217222221875 0.9418749999999999 0.217222221875 0.9418749999999999 0.3126851859375 0.9955208328125 0.3126851859375
1 0.9369270828125 0.2545370375 0.9369270828125 0.3301851859375 0.9973958328125001 0.3301851859375 0.9973958328125001 0.2545370375 0.9369270828125 0.2545370375
1 0.9943229171875 0.3620370375 0.9943229171875 0.285277778125 0.9381770828124999 0.285277778125 0.9381770828124999 0.3620370375 0.9943229171875 0.3620370375
1 0.9967708328124999 0.399259259375 0.9967708328124999 0.33351851875 0.9363020828125 0.33351851875 0.9363020828125 0.399259259375 0.9967708328124999 0.399259259375
1 0.9980208328125 0.4420370375 0.9980208328125 0.35981481406250004 0.9394270828125 0.35981481406250004 0.9394270828125 0.4420370375 0.9980208328125 0.4420370375
1 0.9961458328124999 0.47277777812500005 0.9961458328124999 0.4091666671875 0.9425000000000001 0.4091666671875 0.9425000000000001 0.47277777812500005 0.9961458328124999 0.47277777812500005
1 0.9973958328125001 0.5023148140625 0.9973958328125001 0.438703703125 0.9394270828125 0.438703703125 0.9394270828125 0.5023148140625 0.9973958328125001 0.5023148140625
1 0.9955208328125 0.5210185187499999 0.9955208328125 0.47712962968749995 0.9418749999999999 0.47712962968749995 0.9418749999999999 0.5210185187499999 0.9955208328125 0.5210185187499999
1 0.9418749999999999 0.5210185187499999 0.9418749999999999 0.5626851859374999 0.9948958328125 0.5626851859374999 0.9948958328125 0.5210185187499999 0.9418749999999999 0.5210185187499999
1 0.9985937500000001 0.5933333328125 0.9985937500000001 0.5527777781250001 0.9418749999999999 0.5527777781250001 0.9418749999999999 0.5933333328125 0.9985937500000001 0.5933333328125
1 0.9961458328124999 0.6273148140625 0.9961458328124999 0.5867592593750001 0.9357291671875 0.5867592593750001 0.9357291671875 0.6273148140625 0.9961458328124999 0.6273148140625
1 0.9967708328124999 0.6591666671875 0.9967708328124999 0.6152777781250001 0.9443229171875 0.6152777781250001 0.9443229171875 0.6591666671875 0.9967708328124999 0.6591666671875
1 0.9985937500000001 0.699722221875 0.9985937500000001 0.65805555625 0.9455729171874999 0.65805555625 0.9455729171874999 0.699722221875 0.9985937500000001 0.699722221875
1 0.9998437499999999 0.7402777781250001 0.9998437499999999 0.6931481484375001 0.943125 0.6931481484375001 0.943125 0.7402777781250001 0.9998437499999999 0.7402777781250001
1 0.9973958328125001 0.7753703703125 0.9973958328125001 0.723796296875 0.9455729171874999 0.723796296875 0.9455729171874999 0.7753703703125 0.9973958328125001 0.7753703703125
1 0.9468229171875 0.7501851859374999 0.9468229171875 0.706296296875 0.9196875 0.706296296875 0.9196875 0.7501851859374999 0.9468229171875 0.7501851859374999
1 0.9245833328125 0.67555555625 0.9245833328125 0.7194444437499999 0.9468229171875 0.7194444437499999 0.9468229171875 0.67555555625 0.9245833328125 0.67555555625
1 0.9542187500000001 0.6843518515625 0.9542187500000001 0.6470370375 0.9264583328124999 0.6470370375 0.9264583328124999 0.6843518515625 0.9542187500000001 0.6843518515625
1 0.9282812500000001 0.6251851859374999 0.9282812500000001 0.65805555625 0.9517187500000001 0.65805555625 0.9517187500000001 0.6251851859374999 0.9282812500000001 0.6251851859374999
1 0.9196875 0.5999074078125 0.9196875 0.6196296296875 0.9468229171875 0.6196296296875 0.9468229171875 0.5999074078125 0.9196875 0.5999074078125
1 0.9436979171875001 0.59555555625 0.9436979171875001 0.5670370375 0.9196875 0.5670370375 0.9196875 0.59555555625 0.9436979171875001 0.59555555625
1 0.9425000000000001 0.5626851859374999 0.9425000000000001 0.535277778125 0.9227604171875001 0.535277778125 0.9227604171875001 0.5626851859374999 0.9425000000000001 0.5626851859374999
1 0.9240104171875 0.5034259265625 0.9240104171875 0.5495370375 0.943125 0.5495370375 0.943125 0.5034259265625 0.9240104171875 0.5034259265625
1 0.9443229171875 0.512222221875 0.9443229171875 0.48370370312500005 0.9227604171875001 0.48370370312500005 0.9227604171875001 0.512222221875 0.9443229171875 0.512222221875
1 0.9215104171874999 0.45194444375 0.9215104171874999 0.5012037031250001 0.9412499999999999 0.5012037031250001 0.9412499999999999 0.45194444375 0.9215104171874999 0.45194444375
1 0.9443229171875 0.46175925937500006 0.9443229171875 0.42555555624999997 0.9190625000000001 0.42555555624999997 0.9190625000000001 0.46175925937500006 0.9443229171875 0.46175925937500006
1 0.9196875 0.40694444374999994 0.9196875 0.44314814843750006 0.9418749999999999 0.44314814843750006 0.9418749999999999 0.40694444374999994 0.9196875 0.40694444374999994
1 0.943125 0.4124074078125 0.943125 0.3718518515625 0.9184374999999999 0.3718518515625 0.9184374999999999 0.4124074078125 0.943125 0.4124074078125
1 0.9208854171875 0.3290740734375 0.9208854171875 0.3773148140625 0.9400000000000001 0.3773148140625 0.9400000000000001 0.3290740734375 0.9208854171875 0.3290740734375
1 0.9277083328125 0.7040740734375001 0.9277083328125 0.66898148125 0.8765104171875 0.66898148125 0.8765104171875 0.7040740734375001 0.9277083328125 0.7040740734375001
1 0.9326041671875 0.5473148140624999 0.9326041671875 0.5231481484375 0.8777083328125 0.5231481484375 0.8777083328125 0.5473148140624999 0.9326041671875 0.5473148140624999
1 0.79765625 0.6117592593750001 0.79765625 0.6033333328125 0.76078125 0.6033333328125 0.76078125 0.6117592593750001 0.79765625 0.6117592593750001
1 0.79796875 0.6223148140625 0.79796875 0.6086111109375001 0.7625520828125001 0.6086111109375001 0.7625520828125001 0.6223148140625 0.79796875 0.6223148140625
1 0.7929166671875 0.629259259375 0.7929166671875 0.619722221875 0.76046875 0.619722221875 0.76046875 0.629259259375 0.7929166671875 0.629259259375
1 0.7970833328125 0.640277778125 0.7970833328125 0.628703703125 0.76078125 0.628703703125 0.76078125 0.640277778125 0.7970833328125 0.640277778125
1 0.7970833328125 0.6503703703125 0.7970833328125 0.6398148140625 0.76046875 0.6398148140625 0.76046875 0.6503703703125 0.7970833328125 0.6503703703125
0 0.4141666671875 0.3815740734375 0.4141666671875 0.6775925921875 0.5940104171875 0.6775925921875 0.5940104171875 0.3815740734375 0.4141666671875 0.3815740734375