1 0.9965624999999999 0.3908333328125 0.9965624999999999 0.2774074078125 0.7615104171875 0.2774074078125 0.7615104171875 0.3908333328125 0.9965624999999999 0.3908333328125
1 0.0869791671875 0.5883333328125 0.0869791671875 0.528796296875 0.0011458328125 0.528796296875 0.0011458328125 0.5883333328125 0.0869791671875 0.5883333328125
1 0.08640624999999999 0.3148148140625 0.08640624999999999 0.246759259375 0.000625 0.246759259375 0.000625 0.3148148140625 0.08640624999999999 0.3148148140625
1 0.20031249999999998 0.3311111109375 0.20031249999999998 0.27074074062500003 0.10098958281249999 0.27074074062500003 0.10098958281249999 0.3311111109375 0.20031249999999998 0.3311111109375
1 0.20572916718749998 0.5575925921875 0.20572916718749998 0.5191666671874999 0.1075 0.5191666671874999 0.1075 0.5575925921875 0.20572916718749998 0.5575925921875
1 0.2742708328125 0.5374074078125 0.2742708328125 0.50194444375 0.20625 0.50194444375 0.20625 0.5374074078125 0.2742708328125 0.5374074078125
1 0.40703125 0.5048148140625 0.40703125 0.482777778125 0.3708854171875 0.482777778125 0.3708854171875 0.5048148140625 0.40703125 0.5048148140625
1 0.3838020828125 0.3618518515625 0.3838020828125 0.3263888890625 0.34119791718750003 0.3263888890625 0.34119791718750003 0.3618518515625 0.3838020828125 0.3618518515625
1 0.41239583281250003 0.3695370375 0.41239583281250003 0.3436111109375 0.3848958328125 0.3436111109375 0.3848958328125 0.3695370375 0.41239583281250003 0.3695370375
1 0.33848958281249997 0.352222221875 0.33848958281249997 0.3176851859375 0.2834375 0.3176851859375 0.2834375 0.352222221875 0.33848958281249997 0.352222221875
1 0.33359375 0.20259259218749998 0.33359375 0.11814814843749999 0.18843749999999998 0.11814814843749999 0.18843749999999998 0.20259259218749998 0.33359375 0.20259259218749998
1 0.5847916671875 0.5118518515625 0.5847916671875 0.47592592656250005 0.5257291671875 0.47592592656250005 0.5257291671875 0.5118518515625 0.5847916671875 0.5118518515625
1 0.72703125 0.5160185187499999 0.72703125 0.4841666671875 0.6190104171875 0.4841666671875 0.6190104171875 0.5160185187499999 0.72703125 0.5160185187499999
1 0.99828125 0.8349074078125 0.99828125 0.6906481484375 0.75578125 0.6906481484375 0.75578125 0.8349074078125 0.99828125 0.8349074078125
0 0.6917187499999999 0.505277778125 0.6917187499999999 0.2158333328125 0.52515625 0.2158333328125 0.52515625 0.505277778125 0.6917187499999999 0.505277778125