1 0.1452604171875 0.5923148140625 0.1452604171875 0.5243518515625001 0.017708332812499998 0.5243518515625001 0.017708332812499998 0.5923148140625 0.1452604171875 0.5923148140625
1 0.2294791671875 0.56694444375 0.2294791671875 0.5048148140625 0.1452604171875 0.5048148140625 0.1452604171875 0.56694444375 0.2294791671875 0.56694444375
1 0.3052604171875 0.5450925921875001 0.3052604171875 0.501296296875 0.23531249999999998 0.501296296875 0.23531249999999998 0.5450925921875001 0.3052604171875 0.5450925921875001
1 0.3661458328125 0.5243518515625001 0.3661458328125 0.488703703125 0.315625 0.488703703125 0.315625 0.5243518515625001 0.3661458328125 0.5243518515625001
1 0.40432291718749996 0.516296296875 0.40432291718749996 0.48175925937499997 0.3680729171875 0.48175925937499997 0.3680729171875 0.516296296875 0.40432291718749996 0.516296296875
1 0.440625 0.501296296875 0.440625 0.4783333328125 0.40760416718750003 0.4783333328125 0.40760416718750003 0.501296296875 0.440625 0.501296296875
1 0.47104166718749996 0.49787037031250003 0.47104166718749996 0.47481481406250003 0.44838541718749997 0.47481481406250003 0.44838541718749997 0.49787037031250003 0.47104166718749996 0.49787037031250003
1 0.4963020828125 0.49555555625 0.4963020828125 0.473703703125 0.4755729171875 0.473703703125 0.4755729171875 0.49555555625 0.4963020828125 0.49555555625
1 0.1394270828125 0.31592592656249996 0.1394270828125 0.2549074078125 0.0008333328124999999 0.2549074078125 0.0008333328124999999 0.31592592656249996 0.1394270828125 0.31592592656249996
1 0.2366145828125 0.3378703703125 0.2366145828125 0.2813888890625 0.14203125 0.2813888890625 0.14203125 0.3378703703125 0.2366145828125 0.3378703703125
1 0.3052604171875 0.3470370375 0.3052604171875 0.30444444375 0.23984375 0.30444444375 0.23984375 0.3470370375 0.3052604171875 0.3470370375
1 0.37906249999999997 0.3620370375 0.37906249999999997 0.3298148140625 0.31171875 0.3298148140625 0.31171875 0.3620370375 0.37906249999999997 0.3620370375
1 0.0529166671875 0.3808333328125 0.0529166671875 0.35601851875 0.0025520828125 0.35601851875 0.0025520828125 0.3808333328125 0.0529166671875 0.3808333328125
1 0.0855729171875 0.3858333328125 0.0855729171875 0.35601851875 0.0538541671875 0.35601851875 0.0538541671875 0.3858333328125 0.0855729171875 0.3858333328125
1 0.0034895828125 0.20018518593749998 0.0034895828125 0.17861111093749998 0.0007291671875 0.17861111093749998 0.0007291671875 0.20018518593749998 0.0034895828125 0.20018518593749998
1 0.08 0.21833333281249998 0.08 0.175277778125 0.007239582812500001 0.175277778125 0.007239582812500001 0.21833333281249998 0.08 0.21833333281249998
1 0.1471354171875 0.2365740734375 0.1471354171875 0.19851851874999998 0.0865104171875 0.19851851874999998 0.0865104171875 0.2365740734375 0.1471354171875 0.2365740734375
1 0.3056770828125 0.17861111093749998 0.3056770828125 0.0973148140625 0.1900520828125 0.0973148140625 0.1900520828125 0.17861111093749998 0.3056770828125 0.17861111093749998
1 0.1378125 0.112222221875 0.1378125 0.0028703703125 0.0034895828125 0.0028703703125 0.0034895828125 0.112222221875 0.1378125 0.112222221875
1 0.9922916671875001 0.5147222218749999 0.9922916671875001 0.4749074078125 0.9419270828125 0.4749074078125 0.9419270828125 0.5147222218749999 0.9922916671875001 0.5147222218749999
1 0.9997916671875 0.2428703703125 0.9997916671875 0.20138888906250002 0.98109375 0.20138888906250002 0.98109375 0.2428703703125 0.9997916671875 0.2428703703125
1 0.975 0.27435185156249997 0.975 0.218703703125 0.9442708328125 0.218703703125 0.9442708328125 0.27435185156249997 0.975 0.27435185156249997
1 0.94265625 0.290740740625 0.94265625 0.25805555625 0.9242708328125 0.25805555625 0.9242708328125 0.290740740625 0.94265625 0.290740740625
1 0.92265625 0.3079629625 0.92265625 0.276296296875 0.9080729171874999 0.276296296875 0.9080729171874999 0.3079629625 0.92265625 0.3079629625
1 0.9064583328125 0.313703703125 0.9064583328125 0.29361111093750003 0.8945833328124999 0.29361111093750003 0.8945833328124999 0.313703703125 0.9064583328125 0.313703703125
1 0.9415625000000001 0.501759259375 0.9415625000000001 0.467222221875 0.9215625 0.467222221875 0.9215625 0.501759259375 0.9415625000000001 0.501759259375
1 0.9388541671875 0.48648148124999996 0.9388541671875 0.45953703749999997 0.90109375 0.45953703749999997 0.90109375 0.48648148124999996 0.9388541671875 0.48648148124999996
1 0.8928645828124999 0.40972222187499996 0.8928645828124999 0.38898148125 0.7931250000000001 0.38898148125 0.7931250000000001 0.40972222187499996 0.8928645828124999 0.40972222187499996
1 0.9727604171875001 0.043796296875 0.9727604171875001 0.0004629625 0.9477604171875 0.0004629625 0.9477604171875 0.043796296875 0.9727604171875001 0.043796296875
1 0.9471354171874999 0.08824074062500001 0.9471354171874999 0.030462962500000003 0.9283854171874999 0.030462962500000003 0.9283854171874999 0.08824074062500001 0.9471354171874999 0.08824074062500001
1 0.9261979171875 0.1315740734375 0.9261979171875 0.073796296875 0.9130729171875 0.073796296875 0.9130729171875 0.1315740734375 0.9261979171875 0.1315740734375
1 0.9105729171875 0.1554629625 0.9105729171875 0.1215740734375 0.899375 0.1215740734375 0.899375 0.1554629625 0.9105729171875 0.1554629625
1 0.8971875 0.1881481484375 0.8971875 0.1499074078125 0.8859375 0.1499074078125 0.8859375 0.1881481484375 0.8971875 0.1881481484375
1 0.8853125000000001 0.20148148125 0.8853125000000001 0.1753703703125 0.8784375000000001 0.1753703703125 0.8784375000000001 0.20148148125 0.8853125000000001 0.20148148125
1 0.4411979171875 0.3749074078125 0.4411979171875 0.33259259218750004 0.39489583281249996 0.33259259218750004 0.39489583281249996 0.3749074078125 0.4411979171875 0.3749074078125
1 0.47447916718750005 0.3741666671875 0.47447916718750005 0.3525925921875 0.4452604171875 0.3525925921875 0.4452604171875 0.3741666671875 0.47447916718750005 0.3741666671875
0 0.5851041671874999 0.27101851875 0.5851041671874999 0.48157407343749997 0.71390625 0.48157407343749997 0.71390625 0.27101851875 0.5851041671874999 0.27101851875