0 0.2697395828125 0.6599074078125 0.2697395828125 0.11907407343750001 0.051979167187499994 0.11907407343750001 0.051979167187499994 0.6599074078125 0.2697395828125 0.6599074078125
1 0.29854166718749997 0.5145370375 0.29854166718749997 0.47296296250000003 0.23942708281249997 0.47296296250000003 0.23942708281249997 0.5145370375 0.29854166718749997 0.5145370375
1 0.6291666671875 0.691203703125 0.6291666671875 0.609259259375 0.39078124999999997 0.609259259375 0.39078124999999997 0.691203703125 0.6291666671875 0.691203703125
1 0.27515625 0.590740740625 0.27515625 0.661203703125 0.3888020828125 0.661203703125 0.3888020828125 0.590740740625 0.27515625 0.590740740625
1 0.4641666671875 0.2766666671875 0.4641666671875 0.1553703703125 0.2952604171875 0.1553703703125 0.2952604171875 0.2766666671875 0.4641666671875 0.2766666671875
1 0.7421354171875 0.161296296875 0.7421354171875 0.09685185156250001 0.6425520828125 0.09685185156250001 0.6425520828125 0.161296296875 0.7421354171875 0.161296296875
1 0.7459374999999999 0.20370370312500002 0.7459374999999999 0.13731481406249998 0.6506770828125 0.13731481406249998 0.6506770828125 0.20370370312500002 0.7459374999999999 0.20370370312500002
1 0.5894791671874999 0.148796296875 0.5894791671874999 0.20944444375 0.6658333328125 0.20944444375 0.6658333328125 0.148796296875 0.5894791671874999 0.148796296875
1 0.5778125000000001 0.0024074078125 0.5778125000000001 0.05898148125 0.6975520828125 0.05898148125 0.6975520828125 0.0024074078125 0.5778125000000001 0.0024074078125
1 0.7234895828125001 0.35611111093750003 0.7234895828125001 0.30648148124999997 0.6663020828125 0.30648148124999997 0.6663020828125 0.35611111093750003 0.7234895828125001 0.35611111093750003
1 0.7399479171875 0.37472222187500004 0.7399479171875 0.336203703125 0.6844270828125001 0.336203703125 0.6844270828125001 0.37472222187500004 0.7399479171875 0.37472222187500004
1 0.7620312499999999 0.2608333328125 0.7620312499999999 0.21749999999999997 0.7047395828125 0.21749999999999997 0.7047395828125 0.2608333328125 0.7620312499999999 0.2608333328125
1 0.6713020828125 0.6491666671874999 0.6713020828125 0.5946296296875 0.6211979171875 0.5946296296875 0.6211979171875 0.6491666671874999 0.6713020828125 0.6491666671874999
1 0.6861979171875 0.6291666671875 0.6861979171875 0.584259259375 0.6622395828125 0.584259259375 0.6622395828125 0.6291666671875 0.6861979171875 0.6291666671875
1 0.70015625 0.61148148125 0.70015625 0.576203703125 0.6861979171875 0.576203703125 0.6861979171875 0.61148148125 0.70015625 0.61148148125
1 0.7181770828125 0.5994444437500001 0.7181770828125 0.5746296296875 0.6956249999999999 0.5746296296875 0.6956249999999999 0.5994444437500001 0.7181770828125 0.5994444437500001
1 0.7506770828125 0.58101851875 0.7506770828125 0.556203703125 0.7051041671875 0.556203703125 0.7051041671875 0.58101851875 0.7506770828125 0.58101851875
1 0.8718229171875 0.5822222218750001 0.8718229171875 0.546203703125 0.8047916671875001 0.546203703125 0.8047916671875001 0.5822222218750001 0.8718229171875 0.5822222218750001
1 0.9991145828124999 0.57194444375 0.9991145828124999 0.54944444375 0.9747395828125001 0.54944444375 0.9747395828125001 0.57194444375 0.9991145828124999 0.57194444375
1 0.9625520828124999 0.54944444375 0.9625520828124999 0.568703703125 0.9747395828125001 0.568703703125 0.9747395828125001 0.54944444375 0.9625520828124999 0.54944444375
1 0.9625520828124999 0.564722221875 0.9625520828124999 0.5478703703125001 0.9508333328124999 0.5478703703125001 0.9508333328124999 0.564722221875 0.9625520828124999 0.564722221875
1 0.9952604171875 0.2006481484375 0.9952604171875 0.1508333328125 0.9633333328125 0.1508333328125 0.9633333328125 0.2006481484375 0.9952604171875 0.2006481484375
1 0.9921875 0.10787037031249999 0.9921875 0.056574073437500004 0.9664583328124999 0.056574073437500004 0.9664583328124999 0.10787037031249999 0.9921875 0.10787037031249999
1 0.98984375 0.236203703125 0.98984375 0.199259259375 0.9510416671874999 0.199259259375 0.9510416671874999 0.236203703125 0.98984375 0.236203703125
1 0.9943229171875 0.252222221875 0.9943229171875 0.22175925937500002 0.9415625000000001 0.22175925937500002 0.9415625000000001 0.252222221875 0.9943229171875 0.252222221875