1 0.7484375 0.0953125 0.1109375 0.0265625
1 0.63828125 0.10078125 0.1078125 0.02890625
1 0.52734375 0.109375 0.10546875 0.03359375
1 0.8734375 0.1109375 0.11328125 0.03125
1 0.75 0.11875 0.1078125 0.0265625
1 0.6390625 0.125 0.1109375 0.02890625
1 0.18984375 0.13359375 0.10546875 0.03828125
1 0.4171875 0.134375 0.1078125 0.03359375
1 0.88359375 0.134375 0.11796875 0.02890625
1 0.525 0.1359375 0.10546875 0.02890625
1 0.30625 0.13828125 0.103125 0.02890625
1 0.7484375 0.14453125 0.1078125 0.02421875
1 0.63671875 0.1515625 0.1109375 0.02890625
1 0.19453125 0.1546875 0.0984375 0.03828125
1 0.4171875 0.1578125 0.1078125 0.02890625
1 0.87890625 0.16015625 0.115625 0.02890625
1 0.5265625 0.1609375 0.1078125 0.0265625
1 0.31015625 0.1625 0.1078125 0.03125
1 0.7515625 0.16953125 0.11328125 0.0265625
1 0.63828125 0.1765625 0.1109375 0.0265625
1 0.4171875 0.17890625 0.1078125 0.03125
1 0.19375 0.1828125 0.10078125 0.03359375
1 0.525 0.18359375 0.1078125 0.0265625
1 0.87890625 0.18515625 0.11796875 0.0265625
1 0.30546875 0.18515625 0.1109375 0.0265625
1 0.75390625 0.19453125 0.10546875 0.0265625
1 0.6421875 0.20078125 0.11328125 0.03125
1 0.41328125 0.203125 0.1078125 0.03125
1 0.1859375 0.2046875 0.10546875 0.0359375
1 0.525 0.2078125 0.10546875 0.02890625
1 0.8796875 0.21015625 0.11328125 0.02421875
1 0.30078125 0.2125 0.1078125 0.02890625
1 0.7546875 0.22109375 0.1109375 0.03359375
1 0.41328125 0.22734375 0.1078125 0.03125
1 0.1890625 0.228125 0.103125 0.0359375
1 0.6421875 0.2328125 0.1078125 0.03359375
1 0.88359375 0.234375 0.115625 0.02421875
1 0.5296875 0.2359375 0.1078125 0.021875
1 0.303125 0.23828125 0.10546875 0.0265625
1 0.75390625 0.24609375 0.1109375 0.0265625
1 0.1890625 0.25390625 0.103125 0.03828125
1 0.41484375 0.25390625 0.1078125 0.02890625
1 0.88203125 0.25703125 0.11796875 0.02890625
1 0.52890625 0.25859375 0.10546875 0.0265625
1 0.6421875 0.26171875 0.1078125 0.03359375
1 0.303125 0.2640625 0.10546875 0.02421875
1 0.7546875 0.26953125 0.11328125 0.02421875
1 0.4171875 0.2765625 0.10546875 0.03125
1 0.18984375 0.27734375 0.103125 0.0359375
1 0.52890625 0.28359375 0.10546875 0.02890625
1 0.88203125 0.2859375 0.11328125 0.02421875
1 0.3015625 0.2859375 0.1078125 0.021875
1 0.6390625 0.28984375 0.103125 0.02890625
1 0.75390625 0.2953125 0.1078125 0.02890625
1 0.41328125 0.30078125 0.10546875 0.02890625
1 0.19140625 0.303125 0.10546875 0.0359375
1 0.5265625 0.30859375 0.1109375 0.02890625
1 0.3015625 0.31015625 0.10546875 0.02890625
1 0.8796875 0.3109375 0.10546875 0.02421875
1 0.6390625 0.3125 0.1109375 0.02890625
1 0.75234375 0.31953125 0.1109375 0.0265625
1 0.4171875 0.3234375 0.1078125 0.02890625
1 0.19140625 0.3296875 0.1078125 0.03359375
1 0.5265625 0.334375 0.1078125 0.02890625
1 0.87890625 0.33671875 0.11328125 0.021875
1 0.3015625 0.3375 0.10546875 0.02890625
1 0.6390625 0.33984375 0.1109375 0.03359375
1 0.75703125 0.34375 0.11328125 0.0265625
1 0.4078125 0.34765625 0.1078125 0.02890625
1 0.1859375 0.35234375 0.10546875 0.03359375
1 0.52421875 0.359375 0.1078125 0.02890625
1 0.8796875 0.3609375 0.1109375 0.02421875
1 0.29296875 0.3640625 0.10546875 0.0265625
1 0.63828125 0.3640625 0.10546875 0.0359375
1 0.75234375 0.36796875 0.11328125 0.02421875
1 0.4125 0.37109375 0.10546875 0.0265625
1 0.1859375 0.3765625 0.10546875 0.03125
1 0.52265625 0.38203125 0.10546875 0.021875
1 0.87890625 0.38359375 0.11796875 0.021875
1 0.634375 0.38828125 0.11328125 0.03359375
1 0.2984375 0.38828125 0.10546875 0.02421875
1 0.75 0.3921875 0.11328125 0.02421875
1 0.4109375 0.39453125 0.1078125 0.0265625
1 0.1859375 0.4015625 0.1109375 0.0359375
1 0.521875 0.4046875 0.10546875 0.02421875
1 0.63125 0.41015625 0.1109375 0.0265625
1 0.88203125 0.4109375 0.115625 0.0265625
1 0.29921875 0.4125 0.103125 0.02421875
1 0.7546875 0.41796875 0.1109375 0.0265625
1 0.41015625 0.4203125 0.10546875 0.02421875
1 0.06953125 0.4265625 0.1078125 0.02890625
1 0.18359375 0.42890625 0.1078125 0.0359375
1 0.521875 0.43125 0.10546875 0.02421875
1 0.63203125 0.43515625 0.1109375 0.03125
1 0.884375 0.4359375 0.11328125 0.02421875
1 0.30078125 0.4359375 0.1078125 0.021875
1 0.75625 0.44453125 0.11328125 0.02421875
1 0.41484375 0.446875 0.103125 0.0265625
1 0.071875 0.45078125 0.10078125 0.0265625
1 0.18515625 0.4546875 0.1109375 0.02890625
1 0.52265625 0.45546875 0.10546875 0.02890625
1 0.634375 0.45703125 0.1109375 0.0265625
1 0.29921875 0.4625 0.10546875 0.021875
1 0.88125 0.4640625 0.11328125 0.0265625
1 0.75625 0.46875 0.1109375 0.02421875
1 0.41484375 0.47265625 0.1078125 0.0265625
1 0.0625 0.47265625 0.10546875 0.02421875
1 0.1859375 0.4796875 0.11328125 0.0359375
1 0.6390625 0.48203125 0.1078125 0.02890625
1 0.52265625 0.484375 0.1109375 0.0265625
1 0.3015625 0.48828125 0.103125 0.021875
1 0.88203125 0.4890625 0.10546875 0.0265625
1 0.7546875 0.49296875 0.1109375 0.02421875
1 0.41328125 0.49609375 0.10546875 0.0265625
1 0.0640625 0.49765625 0.10546875 0.02421875
1 0.1875 0.50625 0.1109375 0.0359375
1 0.52265625 0.50625 0.1109375 0.02421875
1 0.634375 0.50859375 0.1078125 0.02890625
1 0.30390625 0.5109375 0.1078125 0.0265625
1 0.884375 0.5140625 0.1109375 0.0265625
1 0.75625 0.51796875 0.1109375 0.0265625
1 0.41328125 0.521875 0.10546875 0.02890625
1 0.07421875 0.52265625 0.10546875 0.0265625
1 0.18984375 0.53125 0.1078125 0.0359375
1 0.521875 0.53359375 0.1078125 0.02421875
1 0.63203125 0.53515625 0.10546875 0.0265625
1 0.30390625 0.5375 0.10546875 0.021875
1 0.8796875 0.53828125 0.115625 0.02421875
1 0.759375 0.54296875 0.1109375 0.01953125
1 0.0765625 0.546875 0.0984375 0.0265625
1 0.4125 0.546875 0.103125 0.03125
1 0.18359375 0.55390625 0.1109375 0.02890625
1 0.5203125 0.5578125 0.1109375 0.021875
1 0.63359375 0.56015625 0.1078125 0.02890625
1 0.3015625 0.5625 0.103125 0.02421875
1 0.87734375 0.5640625 0.1078125 0.02421875
1 0.7609375 0.56640625 0.11328125 0.021875
1 0.07578125 0.57109375 0.10078125 0.02421875
1 0.4109375 0.57421875 0.10546875 0.0265625
1 0.1875 0.5796875 0.1078125 0.0265625
1 0.6390625 0.584375 0.10546875 0.02421875
1 0.521875 0.584375 0.1078125 0.02421875
1 0.29921875 0.58984375 0.10546875 0.02421875
1 0.87734375 0.58984375 0.1109375 0.021875
1 0.759375 0.59140625 0.1109375 0.02421875
1 0.07578125 0.59609375 0.10078125 0.0265625
1 0.4109375 0.6 0.1109375 0.02421875
1 0.1828125 0.6046875 0.10546875 0.02890625
1 0.6421875 0.6078125 0.10546875 0.02421875
1 0.5203125 0.61171875 0.1078125 0.02421875
1 0.88125 0.6140625 0.1109375 0.02421875
1 0.29453125 0.615625 0.10546875 0.02421875
1 0.75859375 0.61640625 0.10546875 0.0265625
1 0.0734375 0.6203125 0.0984375 0.02421875
1 0.40859375 0.625 0.1078125 0.02421875
1 0.1765625 0.63125 0.10546875 0.02421875
1 0.640625 0.63203125 0.10546875 0.0265625
1 0.521875 0.6359375 0.1109375 0.021875
1 0.87890625 0.6390625 0.11328125 0.02421875
1 0.759375 0.640625 0.1109375 0.0265625
1 0.29296875 0.640625 0.103125 0.02421875
1 0.0734375 0.646875 0.09609375 0.0265625
1 0.40859375 0.64921875 0.10546875 0.021875
1 0.1828125 0.6546875 0.10546875 0.02421875
1 0.6390625 0.6578125 0.1078125 0.021875
1 0.51953125 0.6625 0.10546875 0.02890625
1 0.87734375 0.66328125 0.11796875 0.02421875
1 0.7609375 0.665625 0.1078125 0.02890625
1 0.296875 0.665625 0.103125 0.02421875
1 0.078125 0.671875 0.09609375 0.021875
1 0.4078125 0.67421875 0.103125 0.0265625
1 0.178125 0.68125 0.10078125 0.0265625
1 0.6421875 0.68125 0.10546875 0.02421875
1 0.51796875 0.6875 0.10546875 0.021875
1 0.75859375 0.6890625 0.11328125 0.0265625
1 0.88125 0.68984375 0.11328125 0.0265625
1 0.2953125 0.68984375 0.10546875 0.02421875
1 0.07421875 0.696875 0.0984375 0.02421875
1 0.40234375 0.69921875 0.103125 0.02421875
1 0.63671875 0.7078125 0.1109375 0.02421875
1 0.17578125 0.7078125 0.1078125 0.0265625
1 0.515625 0.71171875 0.1109375 0.02421875
1 0.7515625 0.71171875 0.10546875 0.0265625
1 0.88359375 0.7140625 0.11328125 0.02421875
1 0.296875 0.7171875 0.10546875 0.02421875
1 0.06875 0.725 0.09609375 0.021875
1 0.4046875 0.72578125 0.1078125 0.0265625
1 0.1734375 0.734375 0.103125 0.0265625