1 0.74375 0.1078125 0.1734375 0.02890625
1 0.54296875 0.1109375 0.178125 0.02890625
1 0.74296875 0.1359375 0.17578125 0.02890625
1 0.37734375 0.13828125 0.1515625 0.0265625
1 0.54296875 0.140625 0.178125 0.0265625
1 0.37734375 0.16328125 0.15390625 0.02890625
1 0.74375 0.16484375 0.1734375 0.02890625
1 0.54296875 0.1703125 0.178125 0.02890625
1 0.3765625 0.18984375 0.15390625 0.0265625
1 0.7453125 0.19375 0.178125 0.02890625
1 0.5453125 0.1984375 0.178125 0.02890625
1 0.37734375 0.2140625 0.15390625 0.02421875
1 0.7453125 0.22265625 0.17578125 0.0265625
1 0.5453125 0.22734375 0.178125 0.02890625
1 0.37890625 0.240625 0.15390625 0.02890625
1 0.7453125 0.25 0.17578125 0.02890625
1 0.546875 0.25703125 0.178125 0.02890625
1 0.37890625 0.265625 0.15390625 0.02421875
1 0.7453125 0.2796875 0.178125 0.0265625
1 0.5453125 0.28515625 0.178125 0.0265625
1 0.37734375 0.290625 0.15859375 0.02421875
1 0.74609375 0.31015625 0.17578125 0.02890625
1 0.5484375 0.3140625 0.18046875 0.0265625
1 0.37890625 0.31484375 0.15859375 0.02421875
1 0.18359375 0.3234375 0.1609375 0.02421875
1 0.37890625 0.3390625 0.15859375 0.0265625
1 0.7453125 0.33984375 0.1734375 0.02890625
1 0.5484375 0.34140625 0.178125 0.02421875
1 0.18359375 0.34609375 0.16328125 0.021875
1 0.37890625 0.3640625 0.15625 0.02421875
1 0.18359375 0.36640625 0.1609375 0.01953125
1 0.74609375 0.36875 0.178125 0.02890625
1 0.5484375 0.3703125 0.18046875 0.02890625
1 0.18359375 0.38671875 0.16328125 0.021875
1 0.37734375 0.3921875 0.15859375 0.0265625
1 0.74765625 0.396875 0.178125 0.02890625
1 0.54921875 0.4 0.178125 0.02890625
1 0.18359375 0.40859375 0.16328125 0.01953125
1 0.37890625 0.41796875 0.15859375 0.0265625
1 0.74765625 0.4265625 0.178125 0.02890625
1 0.18359375 0.42890625 0.16328125 0.02421875
1 0.55078125 0.42890625 0.178125 0.02890625
1 0.37890625 0.44140625 0.15859375 0.02421875
1 0.18359375 0.44921875 0.16328125 0.021875
1 0.7484375 0.4546875 0.178125 0.02890625
1 0.5515625 0.46015625 0.18046875 0.03125
1 0.37734375 0.46640625 0.15625 0.02421875
1 0.1828125 0.47109375 0.16328125 0.021875
1 0.7484375 0.4859375 0.178125 0.02890625
1 0.553125 0.48828125 0.18046875 0.0265625
1 0.1828125 0.49140625 0.16328125 0.01953125
1 0.37890625 0.49296875 0.15625 0.02421875
1 0.1828125 0.51171875 0.16328125 0.021875
1 0.7484375 0.5140625 0.18046875 0.02890625
1 0.37734375 0.51796875 0.15859375 0.02421875
1 0.553125 0.51953125 0.178125 0.02890625
1 0.18515625 0.5375 0.16328125 0.02421875
1 0.7484375 0.54296875 0.18046875 0.0265625
1 0.37734375 0.54453125 0.15859375 0.02421875
1 0.55390625 0.546875 0.178125 0.02421875
1 0.18125 0.5609375 0.16328125 0.02421875
1 0.37734375 0.56953125 0.15859375 0.01953125
1 0.7484375 0.5734375 0.18046875 0.02421875
1 0.553125 0.5765625 0.18046875 0.02890625
1 0.18046875 0.5828125 0.16328125 0.021875
1 0.37734375 0.5953125 0.15859375 0.021875
1 0.7484375 0.60078125 0.18046875 0.02890625
1 0.18046875 0.6046875 0.16328125 0.01953125
1 0.553125 0.60546875 0.18046875 0.02890625
1 0.37734375 0.62109375 0.15859375 0.02421875
1 0.18046875 0.625 0.16328125 0.01953125
1 0.75 0.6296875 0.1828125 0.02421875
1 0.55390625 0.634375 0.18046875 0.0265625
1 0.37734375 0.6453125 0.15859375 0.02421875
1 0.18046875 0.646875 0.16328125 0.01953125
1 0.7484375 0.66015625 0.18046875 0.02890625
1 0.55390625 0.6609375 0.178125 0.02421875
1 0.18046875 0.6671875 0.165625 0.01953125
1 0.37734375 0.6703125 0.15859375 0.02421875
1 0.75 0.6890625 0.178125 0.02890625
1 0.18046875 0.68984375 0.165625 0.01953125
1 0.55546875 0.69140625 0.178125 0.02890625
1 0.37890625 0.69609375 0.15859375 0.02421875
1 0.17890625 0.71015625 0.165625 0.021875
1 0.75 0.7203125 0.18046875 0.02890625
1 0.55546875 0.72109375 0.18046875 0.02890625
1 0.37890625 0.72109375 0.15859375 0.02421875
1 0.17890625 0.73203125 0.165625 0.01953125
1 0.37890625 0.74765625 0.15859375 0.02421875
1 0.75 0.74765625 0.1828125 0.02890625
1 0.55625 0.7515625 0.18046875 0.02890625
1 0.17890625 0.75390625 0.165625 0.01953125
1 0.37890625 0.771875 0.15859375 0.02421875
1 0.18046875 0.77890625 0.16328125 0.02421875
1 0.75 0.77890625 0.1828125 0.02890625
1 0.55625 0.7796875 0.18046875 0.02890625
1 0.74296875 0.0796875 0.17578125 0.02890625
1 0.5578125 0.8078125 0.178125 0.02890625
1 0.7515625 0.80859375 0.18515625 0.02890625
1 0.54296875 0.08203125 0.178125 0.02890625