1 0.64921875 0.87265625 0.178125 0.03359375
1 0.83203125 0.875 0.178125 0.02890625
1 0.40234375 0.875 0.2328125 0.03828125
1 0.415625 0.1078125 0.20703125 0.04296875
1 0.41796875 0.146875 0.20703125 0.03828125
1 0.41796875 0.18359375 0.2046875 0.03359375
1 0.4203125 0.21875 0.20703125 0.03125
1 0.41953125 0.259375 0.20703125 0.03359375
1 0.41796875 0.29921875 0.2046875 0.03125
1 0.41796875 0.33515625 0.20703125 0.0359375
1 0.4125 0.03359375 0.20703125 0.04296875
1 0.41796875 0.3734375 0.20703125 0.0359375
1 0.81640625 0.3890625 0.14453125 0.03359375
1 0.4203125 0.4125 0.20703125 0.0359375
1 0.83046875 0.42421875 0.1734375 0.03359375
1 0.421875 0.4515625 0.20703125 0.03828125
1 0.83671875 0.46015625 0.1734375 0.03359375
1 0.41953125 0.4890625 0.20703125 0.03828125
1 0.83671875 0.49296875 0.178125 0.03359375
1 0.64765625 0.50390625 0.17578125 0.03359375
1 0.4203125 0.5265625 0.20703125 0.04296875
1 0.83671875 0.53125 0.178125 0.02890625
1 0.64921875 0.5421875 0.1734375 0.02890625
1 0.83671875 0.56484375 0.17578125 0.03359375
1 0.41953125 0.56484375 0.20703125 0.03828125
1 0.646875 0.57578125 0.1734375 0.02421875
1 0.8375 0.60234375 0.17578125 0.02890625
1 0.41796875 0.60234375 0.209375 0.03828125
1 0.64765625 0.6109375 0.1734375 0.02890625
1 0.83515625 0.63359375 0.1734375 0.02890625
1 0.41796875 0.64296875 0.20703125 0.02890625
1 0.64765625 0.64453125 0.17578125 0.02890625
1 0.834375 0.665625 0.178125 0.0265625
1 0.64921875 0.678125 0.1734375 0.0359375
1 0.39765625 0.69453125 0.23046875 0.040625
1 0.8328125 0.69921875 0.178125 0.0265625
1 0.4125 0.07109375 0.2046875 0.03828125
1 0.646875 0.71171875 0.17578125 0.02890625
1 0.82421875 0.7359375 0.1734375 0.02890625
1 0.4 0.7390625 0.2359375 0.04296875
1 0.6421875 0.74296875 0.1734375 0.02890625
1 0.82421875 0.76796875 0.17578125 0.0265625
1 0.6453125 0.775 0.17578125 0.0265625
1 0.4 0.78359375 0.23046875 0.04296875
1 0.8234375 0.803125 0.1734375 0.03125
1 0.6453125 0.80625 0.17578125 0.02890625
1 0.40234375 0.83046875 0.23046875 0.03828125
1 0.828125 0.8390625 0.1734375 0.02890625
1 0.65 0.83984375 0.1734375 0.03359375