1 0.1875 0.7203125 0.2765625 0.03828125
1 0.80859375 0.7296875 0.3390625 0.03828125
1 0.4796875 0.73671875 0.31015625 0.040625
1 0.18515625 0.74140625 0.27421875 0.03828125
1 0.80859375 0.7546875 0.3390625 0.03828125
1 0.478125 0.76171875 0.3078125 0.040625
1 0.1859375 0.7640625 0.271875 0.03828125
1 0.80625 0.7796875 0.3390625 0.040625
1 0.478125 0.7875 0.3125 0.04296875
1 0.80859375 0.80625 0.34609375 0.04296875
1 0.7984375 0.09765625 0.31484375 0.03828125
1 0.490625 0.11796875 0.28359375 0.03828125
1 0.803125 0.12109375 0.31953125 0.03828125
1 0.2015625 0.12265625 0.259375 0.0359375
1 0.48828125 0.13828125 0.2859375 0.03828125
1 0.80546875 0.1421875 0.321875 0.03359375
1 0.19921875 0.14296875 0.26171875 0.03828125
1 0.49765625 0.1578125 0.2859375 0.040625
1 0.19921875 0.16328125 0.26171875 0.0359375
1 0.80625 0.16484375 0.321875 0.03125
1 0.49765625 0.17890625 0.2859375 0.03828125
1 0.21015625 0.18515625 0.26171875 0.0359375
1 0.81875 0.1890625 0.31953125 0.0265625
1 0.5 0.20078125 0.2859375 0.0359375
1 0.209375 0.20546875 0.2640625 0.0359375
1 0.82109375 0.21484375 0.321875 0.03125
1 0.5 0.2234375 0.2859375 0.02890625
1 0.209375 0.22734375 0.26171875 0.03359375
1 0.821875 0.23828125 0.31953125 0.021875
1 0.5015625 0.24765625 0.28828125 0.03125
1 0.20546875 0.25 0.2671875 0.03125
1 0.81953125 0.2609375 0.32421875 0.021875
1 0.50234375 0.2640625 0.29296875 0.021875
1 0.20546875 0.2703125 0.2640625 0.02890625
1 0.81953125 0.2875 0.32421875 0.01953125
1 0.20546875 0.2921875 0.2640625 0.0265625
1 0.5 0.2921875 0.29296875 0.0265625
1 0.82109375 0.30859375 0.3265625 0.01953125
1 0.5 0.3109375 0.2953125 0.021875
1 0.20546875 0.31484375 0.2640625 0.0265625
1 0.82109375 0.3328125 0.3265625 0.021875
1 0.5 0.33515625 0.2953125 0.01953125
1 0.203125 0.3375 0.2640625 0.021875
1 0.81953125 0.35546875 0.3265625 0.02421875
1 0.4984375 0.3578125 0.30078125 0.02421875
1 0.20078125 0.3609375 0.2671875 0.01953125
1 0.20078125 0.3796875 0.26171875 0.02421875
1 0.81953125 0.38125 0.3296875 0.021875
1 0.49609375 0.38125 0.2984375 0.021875
1 0.2015625 0.40234375 0.2671875 0.02421875
1 0.81640625 0.40234375 0.3296875 0.021875
1 0.49609375 0.4046875 0.30078125 0.021875
1 0.1984375 0.42578125 0.2640625 0.021875
1 0.49609375 0.428125 0.303125 0.021875
1 0.81640625 0.428125 0.3296875 0.02421875
1 0.196875 0.4484375 0.2671875 0.02421875
1 0.81640625 0.45078125 0.3296875 0.02421875
1 0.49375 0.4515625 0.303125 0.02421875
1 0.19609375 0.4703125 0.26953125 0.02421875
1 0.49375 0.475 0.30546875 0.02421875
1 0.81640625 0.475 0.334375 0.02421875
1 0.196875 0.49296875 0.26953125 0.02421875
1 0.49296875 0.4984375 0.30546875 0.02421875
1 0.8140625 0.5015625 0.334375 0.02890625
1 0.19609375 0.5140625 0.271875 0.02890625
1 0.4890625 0.52265625 0.3078125 0.02421875
1 0.8140625 0.5265625 0.334375 0.02890625
1 0.19375 0.5375 0.26953125 0.02890625
1 0.4890625 0.546875 0.3078125 0.02890625
1 0.8140625 0.5515625 0.33671875 0.02890625
1 0.1890625 0.5609375 0.27421875 0.02890625
1 0.484375 0.56875 0.30546875 0.02890625
1 0.8109375 0.57578125 0.33671875 0.03125
1 0.18984375 0.584375 0.27421875 0.03359375
1 0.484375 0.5921875 0.303125 0.03359375
1 0.8109375 0.60078125 0.334375 0.03125
1 0.1890625 0.6046875 0.271875 0.03359375
1 0.484375 0.61796875 0.30546875 0.03125
1 0.8125 0.6265625 0.3390625 0.03359375
1 0.1890625 0.62890625 0.271875 0.03359375
1 0.484375 0.64296875 0.3078125 0.03125
1 0.1875 0.6515625 0.271875 0.0359375
1 0.81015625 0.65234375 0.3390625 0.03359375
1 0.4828125 0.665625 0.30546875 0.0359375
1 0.1875 0.67421875 0.27421875 0.03828125
1 0.81015625 0.678125 0.3390625 0.03359375
1 0.48203125 0.6890625 0.30546875 0.03828125
1 0.1859375 0.696875 0.2765625 0.03828125
1 0.80859375 0.703125 0.3390625 0.0359375
1 0.48046875 0.7140625 0.3078125 0.03828125