1 0.91484375 0.1203125 0.16796875 0.0484375
1 0.3578125 0.13671875 0.2015625 0.04296875
1 0.11875 0.14296875 0.1921875 0.0484375
1 0.64453125 0.14765625 0.321875 0.0484375
1 0.9171875 0.171875 0.165625 0.0484375
1 0.353125 0.18359375 0.2015625 0.0484375
1 0.1234375 0.1875 0.19921875 0.053125
1 0.615625 0.203125 0.3265625 0.0484375
1 0.9171875 0.2203125 0.165625 0.053125
1 0.35078125 0.23671875 0.196875 0.0578125
1 0.13359375 0.23828125 0.1921875 0.053125
1 0.90703125 0.02421875 0.1859375 0.0484375
1 0.6140625 0.25859375 0.3265625 0.0484375
1 0.915625 0.2765625 0.16796875 0.053125
1 0.3546875 0.28828125 0.1921875 0.05078125
1 0.12734375 0.28984375 0.196875 0.05078125
1 0.615625 0.30859375 0.32421875 0.0484375
1 0.9109375 0.3265625 0.178125 0.03828125
1 0.35546875 0.33671875 0.2015625 0.05546875
1 0.13125 0.33671875 0.19921875 0.0453125
1 0.6203125 0.37109375 0.3265625 0.05546875
1 0.91171875 0.37578125 0.1765625 0.0453125
1 0.1359375 0.38125 0.196875 0.04296875
1 0.3546875 0.38203125 0.2015625 0.053125
1 0.3609375 0.040625 0.2015625 0.053125
1 0.140625 0.0421875 0.1921875 0.053125
1 0.62734375 0.42421875 0.3265625 0.053125
1 0.91484375 0.428125 0.1703125 0.053125
1 0.1296875 0.428125 0.1875 0.0484375
1 0.6421875 0.04296875 0.3265625 0.0578125
1 0.359375 0.43515625 0.2015625 0.0578125
1 0.625 0.47578125 0.33203125 0.05546875
1 0.1296875 0.478125 0.1921875 0.0453125
1 0.91171875 0.47890625 0.1765625 0.0515625
1 0.35234375 0.484375 0.20703125 0.05078125
1 0.63203125 0.525 0.3265625 0.0484375
1 0.125 0.52734375 0.1921875 0.0484375
1 0.90703125 0.5328125 0.1859375 0.053125
1 0.3609375 0.53359375 0.2015625 0.053125
1 0.62265625 0.57109375 0.3265625 0.05078125
1 0.13671875 0.57578125 0.1921875 0.0453125
1 0.359375 0.58046875 0.2015625 0.0484375
1 0.9046875 0.58671875 0.18984375 0.05078125
1 0.134375 0.62265625 0.1921875 0.0484375
1 0.35703125 0.63125 0.19921875 0.053125
1 0.6234375 0.63125 0.3265625 0.06015625
1 0.9046875 0.6390625 0.1875 0.05546875
1 0.11640625 0.671875 0.196875 0.0453125
1 0.34375 0.68125 0.2046875 0.053125
1 0.6203125 0.6875 0.3265625 0.05078125
1 0.9015625 0.68984375 0.196875 0.0453125
1 0.1359375 0.7203125 0.1921875 0.05078125
1 0.35234375 0.7328125 0.2015625 0.053125
1 0.6359375 0.7390625 0.31953125 0.0484375
1 0.9203125 0.07421875 0.15859375 0.053125
1 0.9 0.7453125 0.19921875 0.053125
1 0.13359375 0.7703125 0.1921875 0.053125
1 0.3546875 0.7875 0.2015625 0.0625
1 0.63828125 0.7921875 0.3265625 0.053125
1 0.9015625 0.79453125 0.196875 0.05546875
1 0.13125 0.8234375 0.196875 0.053125
1 0.35 0.83984375 0.2046875 0.05078125
1 0.6453125 0.8484375 0.33203125 0.0578125
1 0.90390625 0.85234375 0.1921875 0.05546875
1 0.16484375 0.875 0.21640625 0.0484375
1 0.3734375 0.88125 0.2015625 0.0484375
1 0.6390625 0.8890625 0.321875 0.03125
1 0.9046875 0.89296875 0.18984375 0.0265625
1 0.36171875 0.09140625 0.196875 0.053125
1 0.115625 0.09765625 0.1828125 0.0578125
1 0.6390625 0.10234375 0.321875 0.053125