1 0.17578125 0.4171875 0.19921875 0.053125
1 0.03828125 0.43515625 0.0765625 0.03125
1 0.625 0.43515625 0.19453125 0.040625
1 0.41796875 0.4359375 0.19453125 0.04296875
1 0.8234375 0.4515625 0.196875 0.040625
1 0.96484375 0.45546875 0.06953125 0.04296875
1 0.171875 0.4625 0.19453125 0.0359375
1 0.0375 0.46640625 0.07421875 0.0359375
1 0.62734375 0.47109375 0.196875 0.0359375
1 0.4203125 0.478125 0.1921875 0.03125
1 0.8296875 0.4859375 0.19453125 0.03359375
1 0.96640625 0.4890625 0.0671875 0.0359375
1 0.16953125 0.49765625 0.19921875 0.03125
1 0.03515625 0.5 0.06953125 0.03359375
1 0.62890625 0.50234375 0.19453125 0.03828125
1 0.41953125 0.50859375 0.19453125 0.03359375
1 0.83046875 0.51796875 0.19921875 0.03125
1 0.9671875 0.52421875 0.06484375 0.03828125
1 0.16796875 0.52734375 0.19921875 0.03828125
1 0.03359375 0.53359375 0.0671875 0.03125
1 0.6296875 0.53828125 0.19921875 0.03359375
1 0.41953125 0.54296875 0.196875 0.02890625
1 0.83203125 0.55078125 0.19921875 0.03359375
1 0.9671875 0.55625 0.06484375 0.0359375
1 0.16796875 0.5609375 0.19921875 0.03359375
1 0.03359375 0.56484375 0.0671875 0.03359375
1 0.63125 0.571875 0.19921875 0.03359375
1 0.4203125 0.57578125 0.196875 0.03359375
1 0.834375 0.58671875 0.19921875 0.03828125
1 0.96875 0.59140625 0.0625 0.03359375
1 0.165625 0.5953125 0.2015625 0.03359375
1 0.03125 0.59765625 0.0625 0.0359375
1 0.63125 0.60703125 0.19921875 0.03359375
1 0.4203125 0.609375 0.196875 0.0359375
1 0.83671875 0.61875 0.2046875 0.03359375
1 0.971875 0.6203125 0.05625 0.03125
1 0.1703125 0.6265625 0.2046875 0.03828125
1 0.0296875 0.6296875 0.0578125 0.0359375
1 0.63359375 0.64296875 0.2015625 0.03828125
1 0.4203125 0.6453125 0.19921875 0.03359375
1 0.83984375 0.65234375 0.2046875 0.0359375
1 0.97421875 0.65546875 0.0515625 0.0390625
1 0.1703125 0.6609375 0.2046875 0.040625
1 0.0265625 0.665625 0.053125 0.03828125
1 0.63359375 0.6765625 0.2015625 0.03828125
1 0.4203125 0.68046875 0.2015625 0.0359375
1 0.8421875 0.6890625 0.20703125 0.03359375
1 0.97578125 0.6921875 0.0484375 0.0359375
1 0.1703125 0.6984375 0.20703125 0.0359375
1 0.025 0.70078125 0.05 0.0390625
1 0.634375 0.7125 0.20703125 0.03828125
1 0.41953125 0.7140625 0.2046875 0.0359375
1 0.8421875 0.7234375 0.20703125 0.03359375
1 0.97734375 0.728125 0.0453125 0.03828125
1 0.1703125 0.7328125 0.20703125 0.040625
1 0.025 0.7390625 0.05 0.040625
1 0.41953125 0.75 0.2046875 0.03828125
1 0.6359375 0.7515625 0.209375 0.03828125
1 0.84609375 0.7609375 0.20703125 0.03828125
1 0.978125 0.7640625 0.04296875 0.03828125
1 0.1671875 0.77265625 0.20703125 0.03828125
1 0.41953125 0.7859375 0.20703125 0.03828125
1 0.6359375 0.78828125 0.209375 0.03125
1 0.8484375 0.7984375 0.209375 0.03828125
1 0.9796875 0.803125 0.040625 0.0359375
1 0.165625 0.8125 0.21171875 0.04296875
1 0.63828125 0.81953125 0.21171875 0.03359375
1 0.41796875 0.8234375 0.20703125 0.03828125
1 0.85078125 0.83515625 0.209375 0.03828125
1 0.98046875 0.84140625 0.03828125 0.03828125
1 0.165625 0.85078125 0.21171875 0.03828125
1 0.63671875 0.85546875 0.21171875 0.03828125
1 0.41953125 0.86171875 0.209375 0.04296875
1 0.853125 0.875 0.209375 0.0453125
1 0.98203125 0.8796875 0.0359375 0.04296875
1 0.16328125 0.88671875 0.2140625 0.03359375
1 0.63828125 0.8890625 0.21640625 0.03359375
1 0.41796875 0.8921875 0.21171875 0.02421875