1 0.47734375 0.1140625 0.2140625 0.03828125
1 0.22109375 0.1203125 0.21171875 0.03828125
1 0.71484375 0.1234375 0.20703125 0.0484375
1 0.0328125 0.13828125 0.0625 0.0453125
1 0.3296875 0.1515625 0.21171875 0.0359375
1 0.9234375 0.15234375 0.1515625 0.0625
1 0.1078125 0.16328125 0.16328125 0.053125
1 0.82421875 0.1703125 0.18984375 0.0578125
1 0.50859375 0.1859375 0.21640625 0.0359375
1 0.2515625 0.1875 0.21171875 0.0359375
1 0.7453125 0.19609375 0.2015625 0.053125
1 0.05546875 0.20546875 0.1078125 0.053125
1 0.34140625 0.22265625 0.17578125 0.0359375
1 0.94453125 0.22578125 0.1078125 0.053125
1 0.57578125 0.22578125 0.21171875 0.03828125
1 0.1203125 0.23203125 0.2015625 0.053125
1 0.8171875 0.234375 0.19453125 0.053125
1 0.42890625 0.259375 0.21640625 0.03359375
1 0.6734375 0.2609375 0.21171875 0.03359375
1 0.17890625 0.2640625 0.20703125 0.03828125
1 0.9125 0.28359375 0.16796875 0.0578125
1 0.58203125 0.2921875 0.21640625 0.03828125
1 0.9421875 0.02890625 0.1109375 0.0578125
1 0.33515625 0.29296875 0.21171875 0.03125
1 0.82578125 0.30546875 0.1875 0.053125
1 0.0921875 0.30625 0.184375 0.053125
1 0.5171875 0.03359375 0.2015625 0.0453125
1 0.5328125 0.3296875 0.21640625 0.03359375
1 0.28359375 0.33046875 0.21640625 0.03828125
1 0.765625 0.33515625 0.16796875 0.053125
1 0.06640625 0.34375 0.13203125 0.0484375
1 0.25703125 0.03515625 0.2046875 0.03828125
1 0.94453125 0.35703125 0.1109375 0.053125
1 0.859375 0.0375 0.16328125 0.0625
1 0.36640625 0.42578125 0.21640625 0.03359375
1 0.6203125 0.42578125 0.21640625 0.03828125
1 0.11875 0.43515625 0.2015625 0.0484375
1 0.8734375 0.44140625 0.178125 0.053125
1 0.509375 0.45546875 0.2140625 0.03359375
1 0.2609375 0.4640625 0.21171875 0.04296875
1 0.75625 0.46640625 0.2015625 0.0453125
1 0.0515625 0.47734375 0.103125 0.03359375
1 0.946875 0.4828125 0.10546875 0.03828125
1 0.59140625 0.49375 0.21640625 0.03828125
1 0.34140625 0.49765625 0.21875 0.03359375
1 0.7453125 0.05078125 0.1828125 0.053125
1 0.84765625 0.50703125 0.1875 0.0453125
1 0.08515625 0.50859375 0.1703125 0.04296875
1 0.078125 0.0515625 0.15625 0.0484375
1 0.196875 0.5328125 0.21171875 0.03125
1 0.475 0.546875 0.22578125 0.03359375
1 0.73046875 0.55390625 0.21640625 0.04296875
1 0.20703125 0.55625 0.22109375 0.03828125
1 0.0265625 0.56015625 0.053125 0.04296875
1 0.94140625 0.56640625 0.115625 0.03828125
1 0.5828125 0.58671875 0.22578125 0.03828125
1 0.33203125 0.59140625 0.23046875 0.04296875
1 0.85078125 0.59609375 0.2015625 0.0453125
1 0.084375 0.59765625 0.16796875 0.040625
1 0.69453125 0.62734375 0.22109375 0.04296875
1 0.44375 0.62890625 0.23046875 0.03359375
1 0.1765625 0.63125 0.22109375 0.03828125
1 0.921875 0.63828125 0.15625 0.040625
1 0.5359375 0.66328125 0.23046875 0.03828125
1 0.796875 0.66953125 0.21171875 0.04296875
1 0.2640625 0.66953125 0.22578125 0.03828125
1 0.0578125 0.67421875 0.11328125 0.04296875
1 0.39765625 0.69921875 0.23046875 0.03828125
1 0.671875 0.703125 0.22109375 0.03828125
1 0.90703125 0.70703125 0.1859375 0.0421875
1 0.1296875 0.71171875 0.21640625 0.0359375
1 0.31015625 0.7390625 0.23046875 0.03828125
1 0.81484375 0.74375 0.21171875 0.0359375
1 0.071875 0.75078125 0.14375 0.0453125
1 0.46171875 0.775 0.2328125 0.040625
1 0.72265625 0.77734375 0.22109375 0.04296875
1 0.196875 0.77734375 0.22578125 0.03828125
1 0.93046875 0.78359375 0.1390625 0.03359375
1 0.58671875 0.08046875 0.21171875 0.04296875
1 0.32421875 0.08046875 0.2140625 0.03828125
1 0.61171875 0.8125 0.22578125 0.03359375
1 0.34140625 0.8140625 0.23046875 0.0359375
1 0.85078125 0.81484375 0.20703125 0.03828125
1 0.09375 0.821875 0.1875 0.04296875
1 0.7515625 0.85234375 0.21875 0.03828125
1 0.48828125 0.853125 0.23046875 0.0359375
1 0.94296875 0.8546875 0.1140625 0.034375
1 0.2140625 0.85703125 0.22578125 0.03828125
1 0.93515625 0.08515625 0.1296875 0.06484375
1 0.0359375 0.8640625 0.071875 0.03828125
1 0.64765625 0.8859375 0.22578125 0.03828125
1 0.375 0.8890625 0.2359375 0.02890625
1 0.89765625 0.890625 0.2046875 0.03359375
1 0.115625 0.8921875 0.22109375 0.0265625
1 0.08984375 0.09453125 0.1796875 0.0515625
1 0.8171875 0.0984375 0.1828125 0.05546875