1 0.68046875 0.20546875 0.375 0.06953125
1 0.69375 0.26328125 0.375 0.053125
1 0.2515625 0.2859375 0.33203125 0.0765625
1 0.696875 0.328125 0.375 0.053125
1 0.24609375 0.3421875 0.3265625 0.0578125
1 0.6765625 0.390625 0.375 0.0578125
1 0.2515625 0.4046875 0.33203125 0.053125
1 0.66015625 0.45078125 0.33671875 0.04296875
1 0.25625 0.46640625 0.3265625 0.0484375
1 0.6890625 0.50859375 0.37734375 0.053125
1 0.259375 0.5203125 0.33203125 0.06015625
1 0.67421875 0.57109375 0.3703125 0.053125
1 0.2546875 0.578125 0.3265625 0.053125
1 0.66328125 0.62109375 0.32421875 0.0484375
1 0.25234375 0.63828125 0.32421875 0.0625
1 0.66484375 0.67890625 0.36796875 0.0578125
1 0.2515625 0.696875 0.3296875 0.053125
1 0.70078125 0.73671875 0.375 0.04296875
1 0.25390625 0.7484375 0.3265625 0.053125
1 0.265625 0.79296875 0.290625 0.0484375
1 0.70078125 0.796875 0.365625 0.0625