1 0.3328125 0.11796875 0.28828125 0.05078125
1 0.625 0.1203125 0.29296875 0.0578125
1 0.0921875 0.11953125 0.184375 0.0421875
1 0.9015625 0.16015625 0.196875 0.0453125
1 0.33203125 0.16796875 0.2859375 0.0453125
1 0.6265625 0.1703125 0.29296875 0.0453125
1 0.0921875 0.17109375 0.184375 0.0515625
1 0.6234375 0.2140625 0.29296875 0.05546875
1 0.33203125 0.21484375 0.2859375 0.05078125
1 0.0921875 0.21640625 0.184375 0.0390625
1 0.9015625 0.2171875 0.196875 0.0484375
1 0.33203125 0.02265625 0.2859375 0.0453125
1 0.884375 0.02421875 0.23046875 0.0453125
1 0.621875 0.025 0.290625 0.05
1 0.33203125 0.2546875 0.2859375 0.0453125
1 0.625 0.265625 0.29296875 0.0484375
1 0.0953125 0.265625 0.1875 0.04296875
1 0.9 0.275 0.19921875 0.0484375
1 0.09375 0.02734375 0.1875 0.03828125
1 0.3296875 0.30625 0.28828125 0.0484375
1 0.62109375 0.31015625 0.2953125 0.0484375
1 0.09140625 0.3109375 0.1828125 0.04296875
1 0.90234375 0.33203125 0.19453125 0.0484375
1 0.33046875 0.35546875 0.28828125 0.05078125
1 0.09140625 0.359375 0.1828125 0.040625
1 0.62265625 0.36171875 0.29296875 0.0484375
1 0.90234375 0.3921875 0.19453125 0.053125
1 0.328125 0.40234375 0.28828125 0.0484375
1 0.62109375 0.40625 0.29296875 0.0453125
1 0.08984375 0.4078125 0.1796875 0.040625
1 0.9171875 0.45078125 0.165625 0.053125
1 0.3265625 0.45078125 0.290625 0.0453125
1 0.62109375 0.45546875 0.2953125 0.0453125
1 0.08984375 0.45859375 0.1796875 0.0484375
1 0.3234375 0.49765625 0.290625 0.040625
1 0.6203125 0.50234375 0.2953125 0.05078125
1 0.0875 0.503125 0.175 0.04375
1 0.91328125 0.51328125 0.1734375 0.053125
1 0.32578125 0.5484375 0.290625 0.03828125
1 0.08984375 0.55078125 0.178125 0.0484375
1 0.62109375 0.553125 0.2953125 0.04296875
1 0.91328125 0.57421875 0.1734375 0.053125
1 0.32421875 0.59375 0.290625 0.0484375
1 0.62109375 0.59609375 0.2953125 0.05078125
1 0.0890625 0.5984375 0.178125 0.04296875
1 0.91328125 0.634375 0.1734375 0.053125
1 0.31953125 0.6421875 0.290625 0.05078125
1 0.08515625 0.646875 0.1703125 0.04296875
1 0.61875 0.646875 0.2953125 0.04296875
1 0.33203125 0.06640625 0.2859375 0.0484375
1 0.31953125 0.6921875 0.29296875 0.04296875
1 0.08671875 0.696875 0.1734375 0.04296875
1 0.9109375 0.6984375 0.178125 0.05546875
1 0.61875 0.69921875 0.2984375 0.04296875
1 0.32109375 0.74140625 0.29296875 0.04296875
1 0.0921875 0.07265625 0.184375 0.0359375
1 0.08515625 0.74375 0.1703125 0.040625
1 0.61875 0.7484375 0.29296875 0.0484375
1 0.91171875 0.7625 0.1765625 0.05625
1 0.3171875 0.78984375 0.29296875 0.04296875
1 0.0828125 0.7921875 0.165625 0.0453125
1 0.625 0.0796875 0.29296875 0.05078125
1 0.6140625 0.7984375 0.30078125 0.04296875
1 0.909375 0.82890625 0.18125 0.0609375
1 0.08203125 0.83671875 0.16328125 0.0484375
1 0.3125 0.8390625 0.29296875 0.0453125
1 0.6109375 0.8453125 0.30078125 0.03828125
1 0.909375 0.88046875 0.18125 0.0453125
1 0.078125 0.884375 0.15625 0.04296875
1 0.30625 0.8859375 0.2953125 0.040625
1 0.609375 0.88828125 0.30078125 0.0359375
1 0.9046875 0.10234375 0.18984375 0.0453125