1 0.353125 0.11171875 0.134375 0.03828125
1 0.21640625 0.11328125 0.134375 0.03359375
1 0.6625 0.11640625 0.13203125 0.03359375
1 0.49765625 0.11875 0.1296875 0.03125
1 0.803125 0.1234375 0.12265625 0.03359375
1 0.94609375 0.1234375 0.1078125 0.03125
1 0.06875 0.125 0.13203125 0.0359375
1 0.2140625 0.14453125 0.1296875 0.03125
1 0.353125 0.1453125 0.134375 0.0359375
1 0.215625 0.0140625 0.1375 0.028125
1 0.35078125 0.015625 0.13203125 0.02890625
1 0.6609375 0.14921875 0.13203125 0.03359375
1 0.49609375 0.15 0.1296875 0.0359375
1 0.803125 0.15625 0.12734375 0.03125
1 0.946875 0.15625 0.10546875 0.03359375
1 0.0671875 0.1578125 0.134375 0.0359375
1 0.21171875 0.178125 0.1296875 0.03125
1 0.3609375 0.17890625 0.134375 0.0359375
1 0.5 0.18125 0.12734375 0.0359375
1 0.6625 0.18359375 0.13203125 0.03359375
1 0.803125 0.1890625 0.12734375 0.03359375
1 0.946875 0.1890625 0.10546875 0.03359375
1 0.06640625 0.1890625 0.13203125 0.03125
1 0.66015625 0.021875 0.13203125 0.03125
1 0.21171875 0.21171875 0.13203125 0.0359375
1 0.3640625 0.2125 0.13203125 0.03359375
1 0.5 0.2125 0.1296875 0.03828125
1 0.6625 0.2171875 0.13203125 0.03359375
1 0.80078125 0.2203125 0.12734375 0.02890625
1 0.94609375 0.22109375 0.1078125 0.03359375
1 0.06484375 0.2234375 0.1296875 0.0359375
1 0.0671875 0.021875 0.134375 0.03828125
1 0.4953125 0.02421875 0.12734375 0.03125
1 0.21015625 0.24375 0.1296875 0.0359375
1 0.50234375 0.2453125 0.12734375 0.0359375
1 0.365625 0.24765625 0.134375 0.03359375
1 0.66015625 0.25 0.134375 0.03359375
1 0.80078125 0.25234375 0.12734375 0.03125
1 0.946875 0.25390625 0.10546875 0.03359375
1 0.06484375 0.25703125 0.1296875 0.03359375
1 0.5015625 0.27734375 0.1296875 0.0359375
1 0.21015625 0.2796875 0.1296875 0.03125
1 0.36640625 0.2796875 0.134375 0.0359375
1 0.9484375 0.02890625 0.103125 0.03359375
1 0.80078125 0.28359375 0.125 0.03125
1 0.66015625 0.28359375 0.13203125 0.03125
1 0.94453125 0.28515625 0.1109375 0.03125
1 0.0671875 0.290625 0.134375 0.02890625
1 0.80625 0.02890625 0.12734375 0.02890625
1 0.50390625 0.3125 0.12734375 0.03828125
1 0.2140625 0.3140625 0.1296875 0.0359375
1 0.36875 0.3140625 0.134375 0.0359375
1 0.8015625 0.31640625 0.125 0.03359375
1 0.6609375 0.3171875 0.13203125 0.03359375
1 0.946875 0.3171875 0.10546875 0.03125
1 0.0671875 0.3234375 0.134375 0.03359375
1 0.50625 0.3453125 0.1296875 0.0359375
1 0.36875 0.34609375 0.134375 0.0359375
1 0.21484375 0.34765625 0.13203125 0.03359375
1 0.94609375 0.3484375 0.1078125 0.02890625
1 0.6609375 0.3484375 0.13203125 0.03125
1 0.79921875 0.35 0.125 0.03125
1 0.07109375 0.3546875 0.1296875 0.02890625
1 0.50625 0.3765625 0.12734375 0.0359375
1 0.6625 0.37890625 0.13203125 0.0359375
1 0.3703125 0.3796875 0.13203125 0.0359375
1 0.21484375 0.3796875 0.13203125 0.0359375
1 0.79921875 0.38125 0.12734375 0.02890625
1 0.94609375 0.38125 0.1078125 0.03125
1 0.071875 0.38671875 0.13203125 0.03359375
1 0.50703125 0.40859375 0.12734375 0.0359375
1 0.2140625 0.4125 0.1296875 0.03359375
1 0.79921875 0.4125 0.12734375 0.02890625
1 0.36875 0.4125 0.13203125 0.03828125
1 0.65859375 0.4125 0.134375 0.03125
1 0.94453125 0.41328125 0.1109375 0.03359375
1 0.071875 0.41796875 0.13203125 0.02890625
1 0.21484375 0.04296875 0.134375 0.0359375
1 0.51171875 0.43984375 0.1296875 0.03828125
1 0.2125 0.44375 0.13203125 0.03359375
1 0.37109375 0.44375 0.1296875 0.0359375
1 0.8109375 0.44453125 0.12265625 0.02890625
1 0.6625 0.44609375 0.1296875 0.03359375
1 0.94296875 0.44609375 0.1140625 0.0328125
1 0.071875 0.44921875 0.1296875 0.03125
1 0.5109375 0.47109375 0.12734375 0.0359375
1 0.3734375 0.47578125 0.13203125 0.0359375
1 0.8140625 0.478125 0.125 0.0359375
1 0.94296875 0.47734375 0.1140625 0.0328125
1 0.6625 0.478125 0.1296875 0.03125
1 0.2140625 0.4796875 0.13203125 0.0359375
1 0.35078125 0.0484375 0.13203125 0.03359375
1 0.071875 0.4828125 0.134375 0.03359375
1 0.51171875 0.5 0.12734375 0.03125
1 0.21171875 0.50625 0.13203125 0.02890625
1 0.37890625 0.50859375 0.13203125 0.03125
1 0.81484375 0.509375 0.12734375 0.03125
1 0.6609375 0.5109375 0.1296875 0.03125
1 0.66015625 0.0515625 0.12734375 0.03125
1 0.94296875 0.5109375 0.1140625 0.034375
1 0.0734375 0.515625 0.13671875 0.03125
1 0.51328125 0.53515625 0.12734375 0.0359375
1 0.81640625 0.53984375 0.125 0.0359375
1 0.37890625 0.540625 0.1296875 0.03359375
1 0.6609375 0.5421875 0.12734375 0.03125
1 0.2125 0.54296875 0.13203125 0.03359375
1 0.9421875 0.54296875 0.115625 0.02890625
1 0.07109375 0.5484375 0.13671875 0.03359375
1 0.49609375 0.05625 0.1296875 0.03125
1 0.51171875 0.56484375 0.1296875 0.0359375
1 0.940625 0.57109375 0.11875 0.0296875
1 0.37890625 0.5734375 0.1296875 0.03125
1 0.81484375 0.57421875 0.125 0.0359375
1 0.65859375 0.57421875 0.1296875 0.03359375
1 0.21484375 0.578125 0.13203125 0.03359375
1 0.07109375 0.58203125 0.134375 0.02890625
1 0.06875 0.05859375 0.134375 0.0359375
1 0.803125 0.06015625 0.12734375 0.02890625
1 0.9484375 0.06015625 0.103125 0.03125
1 0.51328125 0.59609375 0.12734375 0.0359375
1 0.9421875 0.603125 0.115625 0.02890625
1 0.81484375 0.6046875 0.125 0.0359375
1 0.3796875 0.6046875 0.1296875 0.03125
1 0.6578125 0.60546875 0.12734375 0.02890625
1 0.2125 0.61171875 0.13203125 0.0359375
1 0.07109375 0.61328125 0.134375 0.03125
1 0.5140625 0.62734375 0.12734375 0.0359375
1 0.9421875 0.63203125 0.115625 0.02890625
1 0.65859375 0.6359375 0.12734375 0.0359375
1 0.37890625 0.63828125 0.13203125 0.02890625
1 0.81484375 0.6390625 0.125 0.03828125
1 0.21171875 0.64453125 0.13203125 0.03359375
1 0.06953125 0.6453125 0.13203125 0.03359375
1 0.515625 0.66015625 0.12734375 0.0359375
1 0.94296875 0.6640625 0.1140625 0.03125
1 0.66015625 0.6671875 0.12734375 0.0359375
1 0.37890625 0.66796875 0.1296875 0.03125
1 0.8140625 0.6703125 0.12265625 0.0359375
1 0.21015625 0.67578125 0.1296875 0.03359375
1 0.06875 0.6765625 0.134375 0.03125
1 0.5140625 0.69140625 0.12734375 0.0359375
1 0.94296875 0.6953125 0.1140625 0.028125
1 0.66328125 0.6984375 0.125 0.0359375
1 0.8125 0.69921875 0.12265625 0.0359375
1 0.3796875 0.70078125 0.13203125 0.03359375
1 0.21171875 0.7078125 0.13203125 0.03125
1 0.06953125 0.71015625 0.134375 0.0359375
1 0.5171875 0.7203125 0.12734375 0.03828125
1 0.8125 0.72734375 0.12265625 0.03359375
1 0.9421875 0.728125 0.115625 0.03125
1 0.6625 0.728125 0.12265625 0.0359375
1 0.38125 0.73203125 0.1296875 0.03125
1 0.21171875 0.740625 0.13203125 0.03125
1 0.0734375 0.74296875 0.134375 0.0359375
1 0.5203125 0.7515625 0.12734375 0.03828125
1 0.66328125 0.7609375 0.12265625 0.03125
1 0.81640625 0.7609375 0.12265625 0.0359375
1 0.94296875 0.7609375 0.1140625 0.03125
1 0.38125 0.76328125 0.12734375 0.02890625
1 0.2140625 0.7703125 0.1296875 0.03359375
1 0.071875 0.775 0.13203125 0.0359375
1 0.52265625 0.78359375 0.12734375 0.03828125
1 0.21640625 0.078125 0.134375 0.03828125
1 0.81640625 0.790625 0.1203125 0.0359375
1 0.66484375 0.790625 0.125 0.0359375
1 0.940625 0.7921875 0.11875 0.03125
1 0.37890625 0.79296875 0.1296875 0.03125
1 0.35234375 0.0796875 0.13203125 0.0359375
1 0.209375 0.80546875 0.1296875 0.0359375
1 0.071875 0.8078125 0.134375 0.0359375
1 0.52421875 0.81484375 0.12734375 0.03828125
1 0.665625 0.81953125 0.12734375 0.02890625
1 0.8140625 0.82109375 0.12265625 0.03359375
1 0.9421875 0.8234375 0.115625 0.03125
1 0.6609375 0.0828125 0.13203125 0.03359375
1 0.37890625 0.8265625 0.12734375 0.03125
1 0.2125 0.83671875 0.1296875 0.03359375
1 0.07421875 0.83984375 0.1390625 0.0359375
1 0.52421875 0.84609375 0.12734375 0.03828125
1 0.665625 0.85234375 0.125 0.03359375
1 0.81484375 0.85234375 0.12734375 0.03828125
1 0.9421875 0.85234375 0.115625 0.03125
1 0.37890625 0.85703125 0.12734375 0.03125
1 0.2125 0.86875 0.134375 0.0359375
1 0.07421875 0.8734375 0.134375 0.03125
1 0.5265625 0.87890625 0.12734375 0.03828125
1 0.665625 0.8796875 0.125 0.03359375
1 0.9421875 0.884375 0.115625 0.03125
1 0.8140625 0.8859375 0.12265625 0.03359375
1 0.49609375 0.0890625 0.125 0.03359375
1 0.37890625 0.88828125 0.125 0.0359375
1 0.21484375 0.896875 0.13203125 0.021875
1 0.9484375 0.09140625 0.103125 0.03359375
1 0.0671875 0.08984375 0.134375 0.0359375
1 0.80390625 0.0921875 0.12265625 0.03359375