1 0.46640625 0.6296875 0.2859375 0.040625
1 0.1625 0.63671875 0.28359375 0.03828125
1 0.759375 0.63671875 0.28359375 0.0359375
1 0.4625 0.66796875 0.2859375 0.03828125
1 0.7640625 0.67421875 0.28125 0.0359375
1 0.16484375 0.67578125 0.28359375 0.0359375
1 0.46171875 0.70546875 0.290625 0.03828125
1 0.15234375 0.71171875 0.2859375 0.0359375
1 0.7609375 0.7125 0.28359375 0.03828125
1 0.46015625 0.74140625 0.28828125 0.03828125
1 0.1515625 0.75 0.2859375 0.03828125
1 0.76796875 0.7515625 0.2859375 0.03828125
1 0.4625 0.7828125 0.28828125 0.03828125
1 0.1515625 0.7859375 0.290625 0.040625
1 0.76328125 0.790625 0.28828125 0.03828125
1 0.45546875 0.82109375 0.28828125 0.0359375
1 0.15625 0.8234375 0.2859375 0.0359375
1 0.76171875 0.828125 0.290625 0.03828125
1 0.4640625 0.084375 0.27421875 0.0359375
1 0.4546875 0.8578125 0.28359375 0.0359375
1 0.15625 0.8609375 0.28359375 0.03828125
1 0.76171875 0.865625 0.28828125 0.03828125
1 0.15625 0.89765625 0.28359375 0.03828125
1 0.4625 0.9 0.2859375 0.03359375
1 0.7609375 0.90234375 0.290625 0.0359375
1 0.76328125 0.0921875 0.27421875 0.03828125
1 0.1578125 0.9359375 0.2859375 0.03828125
1 0.46171875 0.93984375 0.2859375 0.0359375
1 0.7546875 0.94140625 0.28828125 0.03828125
1 0.16015625 0.09765625 0.2765625 0.03828125
1 0.15859375 0.97578125 0.2859375 0.03125
1 0.4515625 0.97578125 0.2859375 0.0359375
1 0.7515625 0.98046875 0.2859375 0.03828125
1 0.46640625 0.1203125 0.27890625 0.0359375
1 0.74296875 0.12734375 0.271875 0.03125
1 0.1609375 0.13203125 0.27421875 0.03828125
1 0.4609375 0.0140625 0.275 0.028125
1 0.46171875 0.15390625 0.27421875 0.03359375
1 0.740625 0.16328125 0.27421875 0.0359375
1 0.1609375 0.16796875 0.2765625 0.0359375
1 0.4625 0.19140625 0.2765625 0.03359375
1 0.74140625 0.19921875 0.2765625 0.0359375
1 0.16328125 0.2015625 0.27421875 0.03828125
1 0.46875 0.225 0.28359375 0.0359375
1 0.75703125 0.02265625 0.271875 0.03828125
1 0.7515625 0.2328125 0.27890625 0.03828125
1 0.1609375 0.2390625 0.27421875 0.02890625
1 0.4640625 0.259375 0.27890625 0.0359375
1 0.1625 0.0265625 0.271875 0.03828125
1 0.7484375 0.26953125 0.27890625 0.0359375
1 0.1578125 0.2703125 0.2765625 0.03359375
1 0.4671875 0.2953125 0.28359375 0.0359375
1 0.7484375 0.30546875 0.27890625 0.03828125
1 0.1546875 0.3078125 0.27890625 0.03359375
1 0.46484375 0.33203125 0.2859375 0.03828125
1 0.75234375 0.34140625 0.2765625 0.0359375
1 0.1609375 0.3421875 0.27890625 0.0359375
1 0.4640625 0.36875 0.28359375 0.0359375
1 0.75390625 0.37734375 0.28125 0.03828125
1 0.1578125 0.37890625 0.2765625 0.03359375
1 0.4625 0.4046875 0.28125 0.0359375
1 0.1625 0.41484375 0.28125 0.03359375
1 0.75625 0.41484375 0.28359375 0.03828125
1 0.46171875 0.4421875 0.28359375 0.0359375
1 0.15390625 0.45078125 0.28359375 0.03359375
1 0.75390625 0.45078125 0.27890625 0.03359375
1 0.4578125 0.48046875 0.28125 0.03828125
1 0.46875 0.0484375 0.27421875 0.0359375
1 0.1625 0.48671875 0.28359375 0.0359375
1 0.75703125 0.48671875 0.27890625 0.0359375
1 0.46171875 0.51796875 0.28359375 0.03828125
1 0.15234375 0.52265625 0.28359375 0.0359375
1 0.7546875 0.525 0.28125 0.03828125
1 0.46171875 0.55546875 0.28359375 0.03828125
1 0.7515625 0.5625 0.2859375 0.0359375
1 0.1578125 0.5625 0.290625 0.0359375
1 0.75234375 0.05859375 0.2765625 0.0359375
1 0.459375 0.58984375 0.2859375 0.03828125
1 0.15625 0.6 0.2859375 0.03828125
1 0.759375 0.6 0.2859375 0.03828125
1 0.1609375 0.0625 0.27421875 0.03828125