3 0.57578125 0.525 0.2734375 0.94453125
3 0.2546875 0.496875 0.171875 0.89453125
3 0.4546875 0.43046875 0.1375 0.8609375
3 0.89453125 0.503125 0.2078125 0.9890625
3 0.08515625 0.50625 0.1703125 0.9875
3 0.3796875 0.315625 0.1125 0.63046875
3 0.45703125 0.4328125 0.1140625 0.86484375
3 0.6734375 0.325 0.196875 0.65
3 0.15859375 0.346875 0.1953125 0.6140625
3 0.6875 0.15078125 0.121875 0.3015625
3 0.5171875 0.12734375 0.0875 0.203125
3 0.26953125 0.13828125 0.0796875 0.13359375
3 0.2609375 0.05546875 0.0703125 0.11015625
3 0.178125 0.11484375 0.065625 0.13671875