1 0.9515625 0.10234375 0.09609375 0.06484375
1 0.30390625 0.1625 0.39921875 0.0671875
1 0.05078125 0.1625 0.10078125 0.0671875
1 0.70546875 0.1625 0.396875 0.0671875
1 0.9515625 0.16484375 0.09609375 0.06484375
1 0.05078125 0.22578125 0.10078125 0.06484375
1 0.30390625 0.228125 0.39921875 0.0671875
1 0.7046875 0.228125 0.39453125 0.06484375
1 0.9515625 0.228125 0.09609375 0.0625
1 0.05078125 0.290625 0.10078125 0.0625
1 0.30390625 0.2921875 0.4015625 0.0625
1 0.7046875 0.29453125 0.39921875 0.0671875
1 0.953125 0.2953125 0.09375 0.0625
1 0.05078125 0.0328125 0.10078125 0.0625
1 0.70546875 0.03359375 0.396875 0.0671875
1 0.30546875 0.03515625 0.39921875 0.0671875
1 0.303125 0.359375 0.39921875 0.0671875
1 0.953125 0.359375 0.09140625 0.0625
1 0.05078125 0.359375 0.10078125 0.0484375
1 0.7046875 0.359375 0.39921875 0.0671875
1 0.953125 0.03984375 0.09140625 0.0625
1 0.05078125 0.4203125 0.10078125 0.0671875
1 0.7046875 0.421875 0.39921875 0.0625
1 0.9515625 0.421875 0.09609375 0.06484375
1 0.303125 0.4234375 0.39921875 0.0625
1 0.05078125 0.4859375 0.10078125 0.0625
1 0.953125 0.48671875 0.09140625 0.0625
1 0.303125 0.48828125 0.39921875 0.06484375
1 0.70546875 0.4890625 0.39453125 0.0671875
1 0.953125 0.5515625 0.09140625 0.0671875
1 0.70546875 0.5515625 0.396875 0.0671875
1 0.303125 0.55390625 0.39921875 0.0671875
1 0.04921875 0.55625 0.0984375 0.05078125
1 0.953125 0.615625 0.09140625 0.0625
1 0.70546875 0.61640625 0.39453125 0.0625
1 0.303125 0.61796875 0.39921875 0.0671875
1 0.04921875 0.625 0.0984375 0.0578125
1 0.9515625 0.68046875 0.09609375 0.06484375
1 0.7046875 0.68125 0.39453125 0.0625
1 0.3015625 0.68359375 0.39921875 0.0671875
1 0.04921875 0.68359375 0.09609375 0.0578125
1 0.9515625 0.74375 0.09609375 0.06484375
1 0.703125 0.7484375 0.39453125 0.06484375
1 0.303125 0.75 0.39921875 0.0671875
1 0.04921875 0.75234375 0.09609375 0.05546875
1 0.9515625 0.80859375 0.09609375 0.06484375
1 0.7046875 0.8125 0.396875 0.0625
1 0.303125 0.8140625 0.39921875 0.0671875
1 0.04921875 0.81640625 0.0984375 0.05546875
1 0.7046875 0.8765625 0.39453125 0.0625
1 0.9515625 0.87734375 0.09609375 0.0578125
1 0.3015625 0.8796875 0.40390625 0.053125
1 0.04921875 0.88125 0.0984375 0.053125
1 0.0515625 0.09609375 0.103125 0.0625
1 0.3015625 0.0984375 0.39453125 0.0671875
1 0.70546875 0.1 0.39453125 0.06484375