1 0.7234375 0.1734375 0.375 0.06953125
1 0.26328125 0.178125 0.396875 0.08671875
1 0.73046875 0.23828125 0.38203125 0.0796875
1 0.26171875 0.2703125 0.396875 0.0765625
1 0.71171875 0.3140625 0.3921875 0.06953125
1 0.26328125 0.3421875 0.39453125 0.0796875
1 0.6984375 0.37890625 0.38671875 0.071875
1 0.265625 0.4203125 0.384375 0.0671875
1 0.69609375 0.4421875 0.384375 0.071875
1 0.2609375 0.48828125 0.3890625 0.08671875
1 0.6984375 0.5203125 0.38671875 0.08203125
1 0.271875 0.55625 0.38203125 0.08671875
1 0.7015625 0.5984375 0.38671875 0.071875
1 0.271875 0.63359375 0.384375 0.084375
1 0.70703125 0.665625 0.37734375 0.0671875
1 0.2703125 0.7015625 0.38203125 0.07421875
1 0.70546875 0.72265625 0.3578125 0.0625
1 0.27421875 0.77421875 0.3796875 0.08203125
1 0.71484375 0.78984375 0.38203125 0.05546875
1 0.265625 0.08203125 0.4015625 0.09140625
1 0.2703125 0.85078125 0.38203125 0.0796875
1 0.7140625 0.8546875 0.384375 0.06953125
1 0.7234375 0.0953125 0.4015625 0.09140625