1 0.7234375 0.11875 0.19921875 0.0453125
1 0.06953125 0.12109375 0.1390625 0.04296875
1 0.92421875 0.1234375 0.1515625 0.0453125
1 0.27890625 0.1234375 0.2671875 0.040625
1 0.4953125 0.12890625 0.06015625 0.040625
1 0.4953125 0.015625 0.06484375 0.03125
1 0.4953125 0.1671875 0.06015625 0.040625
1 0.725 0.16953125 0.19921875 0.0359375
1 0.92421875 0.1765625 0.1515625 0.0453125
1 0.07109375 0.1765625 0.1421875 0.0453125
1 0.2765625 0.178125 0.2640625 0.040625
1 0.071875 0.01796875 0.1421875 0.0359375
1 0.27734375 0.0203125 0.2671875 0.03828125
1 0.7203125 0.0203125 0.19921875 0.040625
1 0.4953125 0.2046875 0.06015625 0.0359375
1 0.725 0.2203125 0.19921875 0.040625
1 0.06953125 0.22734375 0.1390625 0.0453125
1 0.92421875 0.22578125 0.1515625 0.04296875
1 0.92265625 0.02109375 0.1546875 0.0421875
1 0.2765625 0.23046875 0.2671875 0.0453125
1 0.49296875 0.24296875 0.06015625 0.040625
1 0.72734375 0.27265625 0.2015625 0.03828125
1 0.925 0.27734375 0.15 0.0453125
1 0.49375 0.2828125 0.0578125 0.04296875
1 0.2765625 0.28359375 0.26953125 0.0453125
1 0.06953125 0.28359375 0.1390625 0.05078125
1 0.49296875 0.321875 0.06015625 0.03828125
1 0.72734375 0.3234375 0.2046875 0.03828125
1 0.92421875 0.328125 0.1515625 0.0453125
1 0.2765625 0.33515625 0.2671875 0.0453125
1 0.06875 0.33515625 0.134375 0.0484375
1 0.49296875 0.3609375 0.05546875 0.03828125
1 0.72578125 0.375 0.2015625 0.0359375
1 0.92421875 0.3796875 0.1515625 0.0453125
1 0.275 0.39296875 0.2671875 0.0453125
1 0.0671875 0.39296875 0.134375 0.0453125
1 0.49140625 0.39921875 0.0578125 0.040625
1 0.7296875 0.4265625 0.2046875 0.040625
1 0.9234375 0.4328125 0.1515625 0.0484375
1 0.49140625 0.43984375 0.05546875 0.040625
1 0.0671875 0.44609375 0.134375 0.053125
1 0.275 0.446875 0.26953125 0.0453125
1 0.49296875 0.4796875 0.053125 0.0359375
1 0.72734375 0.4796875 0.2046875 0.04296875
1 0.92421875 0.484375 0.1515625 0.0453125
1 0.0640625 0.4984375 0.12734375 0.05078125
1 0.271875 0.5 0.271875 0.0578125
1 0.4953125 0.05078125 0.06484375 0.040625
1 0.49296875 0.5171875 0.05078125 0.03828125
1 0.61796875 0.53125 0.2046875 0.04296875
1 0.8328125 0.5359375 0.2046875 0.04296875
1 0.2671875 0.55546875 0.271875 0.0484375
1 0.06015625 0.55625 0.1203125 0.05546875
1 0.490625 0.5578125 0.0453125 0.03828125
1 0.615625 0.58515625 0.20703125 0.0484375
1 0.834375 0.5875 0.20703125 0.04296875
1 0.4890625 0.59609375 0.04296875 0.040625
1 0.72265625 0.06015625 0.196875 0.05078125
1 0.2703125 0.6078125 0.271875 0.04296875
1 0.05859375 0.61328125 0.1171875 0.0578125
1 0.48671875 0.6359375 0.0484375 0.040625
1 0.61328125 0.63828125 0.2046875 0.0453125
1 0.8296875 0.63828125 0.20703125 0.0453125
1 0.2703125 0.665625 0.27421875 0.05078125
1 0.05859375 0.67109375 0.1171875 0.0546875
1 0.48671875 0.6765625 0.0484375 0.040625
1 0.07109375 0.06875 0.1421875 0.0453125
1 0.6140625 0.69140625 0.2046875 0.04296875
1 0.83046875 0.6921875 0.21171875 0.0453125
1 0.27734375 0.06953125 0.2640625 0.040625
1 0.4859375 0.71640625 0.05078125 0.040625
1 0.925 0.07109375 0.15 0.0421875
1 0.265625 0.7234375 0.27421875 0.05546875
1 0.05859375 0.72578125 0.1171875 0.0578125
1 0.61328125 0.74375 0.2046875 0.04296875
1 0.8296875 0.7453125 0.21171875 0.04296875
1 0.484375 0.75703125 0.05078125 0.04296875
1 0.259375 0.7765625 0.27421875 0.05078125
1 0.05625 0.78203125 0.1125 0.0546875
1 0.4828125 0.7984375 0.05078125 0.040625
1 0.8296875 0.8015625 0.21171875 0.05078125
1 0.61171875 0.8015625 0.20703125 0.04296875
1 0.25625 0.834375 0.2765625 0.05078125
1 0.4828125 0.8390625 0.053125 0.040625
1 0.05390625 0.8390625 0.10546875 0.06015625
1 0.6140625 0.853125 0.209375 0.04296875
1 0.84609375 0.859375 0.21171875 0.05078125
1 0.48203125 0.87890625 0.05546875 0.04296875
1 0.2546875 0.8859375 0.2765625 0.040625
1 0.053125 0.8859375 0.10546875 0.040625
1 0.6140625 0.8921875 0.209375 0.02890625
1 0.8484375 0.8953125 0.21171875 0.02421875
1 0.4953125 0.08984375 0.06484375 0.040625