1 0.428125 0.109375 0.1078125 0.04296875
1 0.54296875 0.11171875 0.115625 0.053125
1 0.1234375 0.1140625 0.09375 0.03828125
1 0.2171875 0.11796875 0.09609375 0.04296875
1 0.31953125 0.12265625 0.103125 0.0453125
1 0.428125 0.1359375 0.1109375 0.04296875
1 0.12265625 0.13671875 0.09609375 0.04296875
1 0.54296875 0.140625 0.115625 0.053125
1 0.21640625 0.1421875 0.10078125 0.04296875
1 0.3171875 0.14921875 0.103125 0.0484375
1 0.428125 0.16015625 0.1109375 0.0453125
1 0.11875 0.1609375 0.09375 0.03828125
1 0.5421875 0.1671875 0.1203125 0.053125
1 0.2140625 0.1671875 0.10078125 0.04296875
1 0.31640625 0.17578125 0.10546875 0.04296875
1 0.4265625 0.18515625 0.1109375 0.0484375
1 0.115625 0.1859375 0.09609375 0.03828125
1 0.2125 0.1921875 0.10078125 0.040625
1 0.54296875 0.19453125 0.1203125 0.053125
1 0.31484375 0.20078125 0.1078125 0.04296875
1 0.11328125 0.209375 0.09609375 0.03828125
1 0.4265625 0.21171875 0.1109375 0.04296875
1 0.21015625 0.21875 0.10078125 0.04296875
1 0.5421875 0.2234375 0.11796875 0.05078125
1 0.3140625 0.22734375 0.1078125 0.04296875
1 0.11171875 0.2359375 0.09609375 0.03828125
1 0.42578125 0.2390625 0.1109375 0.04296875
1 0.209375 0.2453125 0.10078125 0.04296875
1 0.5421875 0.2515625 0.11796875 0.0484375
1 0.3125 0.25625 0.1078125 0.040625
1 0.109375 0.259375 0.10078125 0.040625
1 0.42421875 0.26953125 0.1109375 0.04296875
1 0.20703125 0.2703125 0.10078125 0.03828125
1 0.54296875 0.27890625 0.1203125 0.04296875
1 0.3125 0.28125 0.1078125 0.04296875
1 0.1078125 0.28515625 0.09609375 0.03828125
1 0.42890625 0.02890625 0.10546875 0.04296875
1 0.4234375 0.29453125 0.11328125 0.04296875
1 0.20546875 0.296875 0.10078125 0.040625
1 0.31015625 0.30625 0.1109375 0.04296875
1 0.54296875 0.30859375 0.1203125 0.0453125
1 0.10546875 0.31015625 0.09609375 0.04296875
1 0.54296875 0.03125 0.115625 0.053125
1 0.203125 0.32109375 0.10546875 0.0453125
1 0.4234375 0.3234375 0.115625 0.04296875
1 0.30859375 0.334375 0.1109375 0.04296875
1 0.103125 0.33671875 0.09609375 0.0359375
1 0.5421875 0.34140625 0.1203125 0.04296875
1 0.2015625 0.3484375 0.10078125 0.04296875
1 0.4203125 0.35078125 0.115625 0.04296875
1 0.10234375 0.36171875 0.09609375 0.03828125
1 0.30859375 0.36328125 0.1109375 0.04296875
1 0.54296875 0.3703125 0.125 0.04296875
1 0.19921875 0.37734375 0.103125 0.04296875
1 0.4203125 0.38203125 0.115625 0.040625
1 0.0984375 0.3890625 0.09609375 0.03359375
1 0.30625 0.390625 0.1109375 0.03828125
1 0.54296875 0.4 0.125 0.04296875
1 0.196875 0.4015625 0.103125 0.03828125
1 0.4203125 0.4109375 0.115625 0.03828125
1 0.0984375 0.41484375 0.09609375 0.03359375
1 0.30546875 0.4203125 0.1109375 0.040625
1 0.19609375 0.43046875 0.10546875 0.03828125
1 0.54296875 0.43046875 0.125 0.04296875
1 0.41796875 0.43984375 0.115625 0.03828125
1 0.0921875 0.44375 0.09609375 0.03359375
1 0.303125 0.45078125 0.1109375 0.03828125
1 0.19375 0.4578125 0.103125 0.03828125
1 0.54296875 0.4625 0.125 0.04296875
1 0.32109375 0.046875 0.10078125 0.0453125
1 0.41796875 0.47265625 0.115625 0.0359375
1 0.09140625 0.4734375 0.09609375 0.02890625
1 0.30078125 0.4796875 0.1078125 0.03359375
1 0.19140625 0.48828125 0.103125 0.0359375
1 0.54296875 0.49609375 0.12734375 0.03828125
1 0.08984375 0.4984375 0.09609375 0.02890625
1 0.41796875 0.5015625 0.1203125 0.0359375
1 0.30078125 0.50859375 0.1078125 0.02890625
1 0.19140625 0.51953125 0.103125 0.03125
1 0.08671875 0.525 0.10078125 0.02890625
1 0.540625 0.52734375 0.12734375 0.04296875
1 0.4171875 0.5328125 0.1203125 0.03828125
1 0.2984375 0.53828125 0.1109375 0.03359375
1 0.1859375 0.54453125 0.103125 0.02421875
1 0.084375 0.55390625 0.10078125 0.02890625
1 0.540625 0.55859375 0.12734375 0.0359375
1 0.41484375 0.5609375 0.11796875 0.02890625
1 0.95390625 0.56171875 0.0921875 0.0390625
1 0.296875 0.56640625 0.115625 0.02890625
1 0.83046875 0.57109375 0.15390625 0.03828125
1 0.18515625 0.57421875 0.10546875 0.0265625
1 0.42890625 0.0578125 0.10078125 0.0453125
1 0.68125 0.5765625 0.1390625 0.0484375
1 0.08046875 0.58046875 0.10078125 0.03359375
1 0.54296875 0.05859375 0.115625 0.053125
1 0.41484375 0.5921875 0.1203125 0.02890625
1 0.5421875 0.5921875 0.1296875 0.03359375
1 0.2921875 0.59765625 0.115625 0.02890625
1 0.18046875 0.60234375 0.10546875 0.03125
1 0.95625 0.60234375 0.0875 0.0390625
1 0.0765625 0.6078125 0.10078125 0.03828125
1 0.83203125 0.609375 0.15390625 0.0359375
1 0.67890625 0.61328125 0.13671875 0.02890625
1 0.5421875 0.62109375 0.13203125 0.02890625
1 0.4125 0.62734375 0.1203125 0.02890625
1 0.2921875 0.62890625 0.115625 0.02890625
1 0.178125 0.634375 0.103125 0.02890625
1 0.07421875 0.63828125 0.10078125 0.03359375
1 0.9578125 0.640625 0.084375 0.040625
1 0.834375 0.6453125 0.15390625 0.03828125
1 0.68046875 0.64921875 0.1421875 0.03359375
1 0.540625 0.65859375 0.1296875 0.0359375
1 0.4125 0.65859375 0.1203125 0.03125
1 0.290625 0.66015625 0.115625 0.02890625
1 0.1765625 0.66484375 0.10546875 0.03359375
1 0.071875 0.66796875 0.10078125 0.03125
1 0.95859375 0.678125 0.0828125 0.040625
1 0.83671875 0.68359375 0.15390625 0.03828125
1 0.68046875 0.68359375 0.14453125 0.03125
1 0.2203125 0.06875 0.09609375 0.0453125
1 0.540625 0.69140625 0.134375 0.02890625
1 0.4109375 0.69140625 0.1203125 0.03125
1 0.28984375 0.6921875 0.115625 0.03359375
1 0.1765625 0.69453125 0.10546875 0.03125
1 0.07109375 0.696875 0.103125 0.03359375
1 0.32109375 0.071875 0.10078125 0.04296875
1 0.96171875 0.71875 0.0765625 0.040625
1 0.68125 0.72109375 0.1421875 0.03828125
1 0.83671875 0.72265625 0.15859375 0.03828125
1 0.540625 0.7234375 0.134375 0.03359375
1 0.2875 0.72578125 0.115625 0.03359375
1 0.41015625 0.72578125 0.1203125 0.03359375
1 0.1734375 0.72734375 0.1109375 0.02890625
1 0.0671875 0.728125 0.103125 0.03359375
1 0.6828125 0.75703125 0.14453125 0.03359375
1 0.2859375 0.75859375 0.11796875 0.03359375
1 0.06484375 0.75859375 0.10078125 0.03359375
1 0.40859375 0.75859375 0.125 0.03828125
1 0.9625 0.75859375 0.071875 0.040625
1 0.1703125 0.759375 0.1109375 0.03359375
1 0.83984375 0.7609375 0.15859375 0.040625
1 0.53984375 0.7609375 0.134375 0.03828125
1 0.0609375 0.78984375 0.103125 0.0359375
1 0.28359375 0.790625 0.1203125 0.0359375
1 0.16796875 0.7921875 0.1109375 0.03359375
1 0.4078125 0.79296875 0.12265625 0.04296875
1 0.5421875 0.79453125 0.13671875 0.03828125
1 0.68359375 0.79453125 0.14453125 0.03828125
1 0.83984375 0.7984375 0.15859375 0.04296875
1 0.9625 0.79921875 0.071875 0.04296875
1 0.0578125 0.82109375 0.103125 0.03359375
1 0.165625 0.8234375 0.1109375 0.03359375
1 0.2828125 0.8234375 0.11796875 0.0359375
1 0.42890625 0.0828125 0.10546875 0.04296875
1 0.40625 0.8265625 0.12265625 0.03828125
1 0.53984375 0.8296875 0.1390625 0.03828125
1 0.68515625 0.83046875 0.14921875 0.03828125
1 0.8421875 0.8390625 0.16328125 0.04296875
1 0.9640625 0.84140625 0.071875 0.04296875
1 0.05625 0.853125 0.1078125 0.03359375
1 0.16328125 0.85546875 0.1109375 0.03828125
1 0.54296875 0.08515625 0.115625 0.05078125
1 0.28125 0.859375 0.1203125 0.03828125
1 0.40625 0.8640625 0.125 0.03828125
1 0.53984375 0.865625 0.134375 0.03828125
1 0.68515625 0.86875 0.146875 0.040625
1 0.8453125 0.87734375 0.1609375 0.04296875
1 0.125 0.0890625 0.09140625 0.04296875
1 0.96484375 0.88359375 0.06953125 0.0453125
1 0.05390625 0.8859375 0.103125 0.03828125
1 0.1609375 0.88828125 0.1109375 0.0359375
1 0.27890625 0.88828125 0.1203125 0.03359375
1 0.40390625 0.8921875 0.125 0.02890625
1 0.53828125 0.8953125 0.13671875 0.02421875
1 0.6859375 0.896875 0.14921875 0.01953125
1 0.2203125 0.09609375 0.09609375 0.03828125
1 0.32109375 0.09765625 0.10078125 0.0484375