1 0.4328125 0.10546875 0.2140625 0.0625
1 0.1859375 0.11171875 0.2140625 0.0578125
1 0.40625 0.14921875 0.21171875 0.05078125
1 0.18515625 0.165625 0.21171875 0.0578125
1 0.4046875 0.203125 0.209375 0.05546875
1 0.8578125 0.2046875 0.19921875 0.040625
1 0.6515625 0.209375 0.2140625 0.0453125
1 0.1828125 0.21640625 0.21640625 0.05078125
1 0.86796875 0.2359375 0.21875 0.04296875
1 0.3953125 0.25625 0.209375 0.06015625
1 0.6515625 0.26171875 0.21171875 0.0625
1 0.1734375 0.2640625 0.2140625 0.0484375
1 0.87109375 0.296875 0.22578125 0.0484375
1 0.3953125 0.30859375 0.209375 0.05546875
1 0.6515625 0.3171875 0.21171875 0.05546875
1 0.1765625 0.31875 0.209375 0.05546875
1 0.86875 0.34140625 0.21875 0.05078125
1 0.39296875 0.36328125 0.2140625 0.0578125
1 0.6546875 0.37109375 0.21171875 0.05078125
1 0.16953125 0.3734375 0.2140625 0.05546875
1 0.8859375 0.38671875 0.228125 0.04296875
1 0.39921875 0.4171875 0.21171875 0.053125
1 0.6578125 0.42578125 0.20703125 0.0578125
1 0.88671875 0.42578125 0.22578125 0.040625
1 0.18046875 0.4265625 0.2140625 0.05546875
1 0.8859375 0.46484375 0.228125 0.04296875
1 0.40625 0.4703125 0.21171875 0.0578125
1 0.66015625 0.47734375 0.21171875 0.05546875
1 0.18515625 0.4796875 0.2140625 0.0578125
1 0.8859375 0.51171875 0.228125 0.040625
1 0.4015625 0.52265625 0.21640625 0.05078125
1 0.6671875 0.5328125 0.21171875 0.05546875
1 0.18125 0.53359375 0.21640625 0.05078125
1 0.40390625 0.571875 0.21171875 0.05546875
1 0.65625 0.584375 0.2140625 0.053125
1 0.1875 0.58515625 0.21640625 0.05546875
1 0.40390625 0.6203125 0.2140625 0.05546875
1 0.66953125 0.634375 0.209375 0.0578125
1 0.165625 0.640625 0.21640625 0.06015625
1 0.40234375 0.67421875 0.209375 0.0578125
1 0.671875 0.68515625 0.21171875 0.0484375
1 0.171875 0.6921875 0.2140625 0.053125
1 0.39921875 0.73046875 0.2140625 0.0578125
1 0.66796875 0.73046875 0.2140625 0.053125
1 0.16796875 0.74375 0.2140625 0.0578125
1 0.4015625 0.77890625 0.20703125 0.053125
1 0.6671875 0.78125 0.209375 0.05546875
1 0.1609375 0.79296875 0.21640625 0.0453125
1 0.65859375 0.8390625 0.21171875 0.06015625