1 0.47265625 0.61640625 0.51953125 0.04296875
1 0.4734375 0.66015625 0.5171875 0.040625
1 0.47578125 0.7046875 0.509375 0.040625
1 0.48203125 0.7484375 0.51171875 0.04296875
1 0.4484375 0.0765625 0.57421875 0.053125
1 0.4828125 0.78984375 0.50703125 0.03828125
1 0.484375 0.8296875 0.509375 0.040625
1 0.48046875 0.875 0.5046875 0.03828125
1 0.45078125 0.1390625 0.5671875 0.04296875
1 0.453125 0.18984375 0.5671875 0.0359375
1 0.44375 0.2359375 0.5625 0.03359375
1 0.45078125 0.28359375 0.55546875 0.03828125
1 0.4578125 0.33203125 0.54296875 0.03828125
1 0.4546875 0.37890625 0.54296875 0.03828125
1 0.46171875 0.42578125 0.53828125 0.0484375
1 0.46484375 0.47265625 0.53828125 0.0359375
1 0.47265625 0.5171875 0.52890625 0.0484375
1 0.4703125 0.56484375 0.5265625 0.0453125