1 0.43359375 0.16484375 0.1921875 0.053125
1 0.21015625 0.16796875 0.196875 0.053125
1 0.4109375 0.20546875 0.196875 0.03828125
1 0.2078125 0.2203125 0.19453125 0.0484375
1 0.40859375 0.25 0.1921875 0.03359375
1 0.63359375 0.259375 0.19453125 0.04296875
1 0.20546875 0.26328125 0.19453125 0.0484375
1 0.39921875 0.303125 0.18984375 0.04296875
1 0.19609375 0.31015625 0.19453125 0.04296875
1 0.63359375 0.31484375 0.1921875 0.03359375
1 0.834375 0.33984375 0.20703125 0.0484375
1 0.4 0.35078125 0.18984375 0.04296875
1 0.2015625 0.3578125 0.196875 0.04296875
1 0.634375 0.3609375 0.18984375 0.03828125
1 0.834375 0.38359375 0.2015625 0.0484375
1 0.396875 0.4015625 0.196875 0.04296875
1 0.19609375 0.4078125 0.1921875 0.03828125
1 0.63828125 0.4109375 0.1875 0.03828125
1 0.84765625 0.42421875 0.209375 0.03359375
1 0.4015625 0.44921875 0.1921875 0.04296875
1 0.84765625 0.4578125 0.209375 0.0359375
1 0.2015625 0.4578125 0.1921875 0.03828125
1 0.6390625 0.459375 0.1875 0.04296875
1 0.84765625 0.4984375 0.20703125 0.03359375
1 0.4078125 0.50234375 0.1921875 0.0484375
1 0.2078125 0.50390625 0.19453125 0.0484375
1 0.6390625 0.50625 0.1921875 0.03828125
1 0.4046875 0.5453125 0.196875 0.04296875
1 0.646875 0.55546875 0.1921875 0.0484375
1 0.2046875 0.55546875 0.196875 0.040625
1 0.4078125 0.59140625 0.1921875 0.040625
1 0.63671875 0.60078125 0.196875 0.0359375
1 0.2078125 0.60234375 0.196875 0.04296875
1 0.4078125 0.63671875 0.196875 0.04296875
1 0.65 0.64921875 0.18984375 0.03828125
1 0.1890625 0.64921875 0.1921875 0.053125
1 0.4046875 0.6859375 0.1921875 0.03828125
1 0.65 0.696875 0.1921875 0.04296875
1 0.19453125 0.69921875 0.196875 0.04296875
1 0.40234375 0.73671875 0.1921875 0.04296875
1 0.64765625 0.73828125 0.1921875 0.040625
1 0.1921875 0.7453125 0.196875 0.0484375
1 0.40390625 0.77890625 0.1921875 0.0359375
1 0.64765625 0.7875 0.1921875 0.040625
1 0.63828125 0.83515625 0.1921875 0.04296875