1 0.8171875 0.01171875 0.125 0.0234375
1 0.06015625 0.01171875 0.1203125 0.0234375
1 0.5625 0.1296875 0.12265625 0.02890625
1 0.6921875 0.01328125 0.125 0.02421875
1 0.31015625 0.01328125 0.1203125 0.0265625
1 0.6921875 0.13125 0.12265625 0.03125
1 0.4375 0.13125 0.125 0.02890625
1 0.81875 0.134375 0.125 0.03125
1 0.3109375 0.134375 0.1203125 0.02890625
1 0.0609375 0.1359375 0.1203125 0.03125
1 0.940625 0.13515625 0.11875 0.0296875
1 0.1859375 0.1359375 0.125 0.02890625
1 0.18515625 0.0140625 0.125 0.0265625
1 0.94140625 0.015625 0.115625 0.03125
1 0.5625 0.16015625 0.125 0.02890625
1 0.6921875 0.1609375 0.125 0.03359375
1 0.4359375 0.1625 0.125 0.02890625
1 0.81875 0.16328125 0.125 0.03125
1 0.18515625 0.16484375 0.12265625 0.02890625
1 0.3109375 0.16484375 0.12265625 0.02890625
1 0.0609375 0.1640625 0.121875 0.028125
1 0.940625 0.16640625 0.11875 0.0296875
1 0.5625 0.1890625 0.125 0.02890625
1 0.69140625 0.18984375 0.125 0.02890625
1 0.4359375 0.19375 0.12265625 0.03125
1 0.8171875 0.19375 0.125 0.02890625
1 0.18515625 0.19453125 0.125 0.02890625
1 0.0609375 0.19453125 0.1203125 0.02890625
1 0.3125 0.196875 0.1203125 0.0265625
1 0.940625 0.19609375 0.11875 0.0296875
1 0.5640625 0.2203125 0.125 0.03359375
1 0.68984375 0.2203125 0.125 0.02890625
1 0.4359375 0.22265625 0.125 0.02890625
1 0.8171875 0.2234375 0.125 0.02890625
1 0.1859375 0.225 0.125 0.02890625
1 0.3109375 0.22578125 0.12265625 0.02890625
1 0.0609375 0.22734375 0.1203125 0.03125
1 0.93984375 0.22578125 0.1203125 0.02890625
1 0.5625 0.2515625 0.12265625 0.03359375
1 0.69140625 0.2515625 0.125 0.02890625
1 0.4359375 0.2515625 0.12265625 0.02890625
1 0.8171875 0.2546875 0.125 0.02890625
1 0.18515625 0.2546875 0.125 0.02890625
1 0.3109375 0.25625 0.1203125 0.02890625
1 0.94140625 0.25625 0.115625 0.03125
1 0.0625 0.25625 0.12265625 0.03125
1 0.5625 0.2796875 0.12265625 0.02890625
1 0.68984375 0.28125 0.12265625 0.03359375
1 0.4359375 0.2828125 0.125 0.02890625
1 0.81640625 0.28515625 0.125 0.03125
1 0.31015625 0.28515625 0.12265625 0.02890625
1 0.0609375 0.2859375 0.1203125 0.02890625
1 0.18515625 0.2859375 0.125 0.02890625
1 0.93984375 0.2875 0.1203125 0.03125
1 0.5625 0.3125 0.1203125 0.03359375
1 0.68984375 0.3125 0.125 0.03125
1 0.43515625 0.31484375 0.12265625 0.0265625
1 0.18515625 0.31484375 0.12265625 0.02890625
1 0.8171875 0.31640625 0.125 0.02890625
1 0.31015625 0.3171875 0.125 0.03125
1 0.0609375 0.3171875 0.1203125 0.02890625
1 0.93984375 0.31875 0.1203125 0.03125
1 0.5640625 0.34140625 0.12265625 0.03125
1 0.69140625 0.34140625 0.125 0.03125
1 0.4359375 0.34375 0.12265625 0.02421875
1 0.81640625 0.3453125 0.12265625 0.02890625
1 0.31015625 0.3453125 0.125 0.02890625
1 0.0625 0.34609375 0.12265625 0.02890625
1 0.18515625 0.34765625 0.125 0.03359375
1 0.93984375 0.34765625 0.1203125 0.0265625
1 0.5640625 0.37109375 0.125 0.03125
1 0.68984375 0.37109375 0.125 0.02890625
1 0.4359375 0.375 0.125 0.02890625
1 0.1859375 0.3765625 0.125 0.03125
1 0.3109375 0.3765625 0.125 0.02890625
1 0.81640625 0.3765625 0.12265625 0.02890625
1 0.0609375 0.37734375 0.1203125 0.03125
1 0.93984375 0.37734375 0.1203125 0.02890625
1 0.5625 0.03828125 0.125 0.02890625
1 0.4359375 0.03828125 0.125 0.02421875
1 0.69375 0.03828125 0.1203125 0.03359375
1 0.5640625 0.4015625 0.125 0.02890625
1 0.18515625 0.040625 0.12265625 0.02890625
1 0.68984375 0.40390625 0.125 0.03359375
1 0.4359375 0.4046875 0.12265625 0.03125
1 0.81640625 0.40625 0.125 0.02890625
1 0.18515625 0.4078125 0.12265625 0.02890625
1 0.31015625 0.4078125 0.125 0.02890625
1 0.94140625 0.40859375 0.115625 0.02890625
1 0.0609375 0.41015625 0.1203125 0.03359375
1 0.31015625 0.0421875 0.1203125 0.02421875
1 0.81875 0.04296875 0.125 0.02890625
1 0.06015625 0.04296875 0.1203125 0.03359375
1 0.68984375 0.43125 0.12265625 0.03125
1 0.43515625 0.4328125 0.1203125 0.02890625
1 0.5640625 0.4328125 0.125 0.02890625
1 0.81640625 0.43515625 0.125 0.02890625
1 0.18359375 0.4359375 0.12265625 0.0265625
1 0.31015625 0.4375 0.125 0.02890625
1 0.93984375 0.4375 0.1203125 0.0265625
1 0.06015625 0.4390625 0.1203125 0.03359375
1 0.940625 0.0421875 0.11875 0.028125
1 0.68515625 0.46171875 0.125 0.03359375
1 0.55625 0.4625 0.1203125 0.02890625
1 0.43125 0.4640625 0.125 0.03125
1 0.8125 0.46484375 0.12265625 0.03359375
1 0.3078125 0.46640625 0.125 0.02890625
1 0.93828125 0.4671875 0.1234375 0.03125
1 0.18125 0.4671875 0.125 0.02890625
1 0.05859375 0.465625 0.1171875 0.034375
1 0.68515625 0.49140625 0.12265625 0.02890625
1 0.55625 0.49375 0.12265625 0.0265625
1 0.8109375 0.4953125 0.125 0.02890625
1 0.43046875 0.4953125 0.1203125 0.02890625
1 0.30546875 0.49609375 0.12265625 0.02890625
1 0.05859375 0.49453125 0.1171875 0.0296875
1 0.18125 0.4984375 0.12265625 0.02890625
1 0.9375 0.5 0.1203125 0.03125
1 0.68515625 0.5203125 0.125 0.03359375
1 0.5578125 0.52421875 0.12265625 0.02890625
1 0.43125 0.525 0.12265625 0.02890625
1 0.8109375 0.5265625 0.125 0.02890625
1 0.30625 0.5265625 0.1203125 0.02890625
1 0.93828125 0.528125 0.1234375 0.028125
1 0.05859375 0.52890625 0.115625 0.03359375
1 0.18046875 0.5296875 0.125 0.03359375
1 0.68515625 0.5515625 0.12265625 0.03359375
1 0.5578125 0.553125 0.12265625 0.02890625
1 0.4328125 0.55546875 0.1203125 0.02890625
1 0.8109375 0.55625 0.125 0.03125
1 0.30625 0.5578125 0.12265625 0.03125
1 0.9375 0.5578125 0.12265625 0.02890625
1 0.18046875 0.5578125 0.125 0.03359375
1 0.05859375 0.5578125 0.115625 0.02890625
1 0.68515625 0.5828125 0.1203125 0.03359375
1 0.55859375 0.584375 0.125 0.03359375
1 0.1828125 0.58671875 0.125 0.03125
1 0.4328125 0.58671875 0.1203125 0.0265625
1 0.8125 0.5875 0.125 0.03125
1 0.3078125 0.5875 0.12265625 0.02890625
1 0.05859375 0.5859375 0.1171875 0.028125
1 0.9375 0.5890625 0.125 0.03125
1 0.55859375 0.6140625 0.12265625 0.03359375
1 0.6859375 0.6140625 0.125 0.03359375
1 0.18125 0.615625 0.1203125 0.03125
1 0.30625 0.61640625 0.12265625 0.03125
1 0.4328125 0.61640625 0.1203125 0.02890625
1 0.05859375 0.615625 0.1171875 0.03125
1 0.8109375 0.61796875 0.12265625 0.03125
1 0.9375 0.61875 0.125 0.03125
1 0.6859375 0.6421875 0.12265625 0.03359375
1 0.55859375 0.64453125 0.125 0.03125
1 0.4328125 0.6453125 0.1203125 0.0265625
1 0.18046875 0.6453125 0.1203125 0.02890625
1 0.8109375 0.646875 0.125 0.02890625
1 0.06015625 0.64765625 0.11796875 0.02890625
1 0.93828125 0.6484375 0.1234375 0.034375
1 0.30625 0.65 0.125 0.03359375
1 0.6859375 0.67421875 0.125 0.03359375
1 0.55859375 0.67421875 0.125 0.02890625
1 0.06015625 0.67578125 0.11796875 0.02890625
1 0.43125 0.6765625 0.12265625 0.02890625
1 0.8109375 0.678125 0.12265625 0.02890625
1 0.30625 0.678125 0.12265625 0.02890625
1 0.18125 0.678125 0.12265625 0.02890625
1 0.93828125 0.6796875 0.1234375 0.028125
1 0.69375 0.06875 0.12265625 0.03125
1 0.4359375 0.06953125 0.125 0.02890625
1 0.5625 0.06953125 0.12265625 0.03359375
1 0.5578125 0.7046875 0.12265625 0.02890625
1 0.68515625 0.7046875 0.12265625 0.03359375
1 0.4328125 0.70703125 0.12265625 0.02890625
1 0.18125 0.70703125 0.125 0.03125
1 0.05859375 0.70625 0.1171875 0.03125
1 0.8109375 0.7078125 0.125 0.03125
1 0.3078125 0.7078125 0.125 0.03125
1 0.9390625 0.709375 0.1203125 0.02890625
1 0.18515625 0.071875 0.12265625 0.03359375
1 0.0609375 0.07109375 0.121875 0.0234375
1 0.81875 0.071875 0.125 0.02890625
1 0.55859375 0.734375 0.125 0.02890625
1 0.68515625 0.734375 0.125 0.03359375
1 0.31015625 0.07421875 0.1203125 0.02890625
1 0.18125 0.73671875 0.125 0.02890625
1 0.4328125 0.73671875 0.125 0.02890625
1 0.30625 0.73828125 0.12265625 0.02890625
1 0.05859375 0.73828125 0.115625 0.02890625
1 0.81015625 0.7390625 0.125 0.02890625
1 0.9390625 0.7390625 0.1203125 0.0265625
1 0.94140625 0.07578125 0.115625 0.02890625
1 0.68359375 0.765625 0.12265625 0.03359375
1 0.43125 0.7671875 0.125 0.02890625
1 0.5578125 0.7671875 0.125 0.02890625
1 0.18046875 0.76796875 0.125 0.03125
1 0.3078125 0.76796875 0.12265625 0.02890625
1 0.05859375 0.76953125 0.115625 0.02890625
1 0.9375 0.7703125 0.12265625 0.03125
1 0.8125 0.7703125 0.125 0.02890625
1 0.68359375 0.7953125 0.12265625 0.03359375
1 0.5578125 0.796875 0.12265625 0.02890625
1 0.43125 0.796875 0.12265625 0.02890625
1 0.1828125 0.7984375 0.125 0.02890625
1 0.30625 0.7984375 0.12265625 0.02890625
1 0.05859375 0.79921875 0.115625 0.02890625
1 0.8125 0.79921875 0.125 0.03125
1 0.93828125 0.80078125 0.1234375 0.0328125
1 0.68515625 0.82421875 0.125 0.0359375
1 0.4328125 0.82578125 0.1203125 0.02890625
1 0.55859375 0.8265625 0.125 0.03125
1 0.1828125 0.828125 0.125 0.02890625
1 0.8125 0.828125 0.125 0.02890625
1 0.30625 0.828125 0.12265625 0.02890625
1 0.05859375 0.82890625 0.1171875 0.0296875
1 0.93828125 0.8296875 0.1234375 0.028125
1 0.68359375 0.8546875 0.125 0.03125
1 0.43125 0.85703125 0.125 0.02890625
1 0.18125 0.8578125 0.12265625 0.02890625
1 0.30625 0.8578125 0.12265625 0.02890625
1 0.5578125 0.8578125 0.1203125 0.03359375
1 0.05859375 0.85703125 0.1171875 0.0296875
1 0.8109375 0.8609375 0.125 0.03125
1 0.93828125 0.8609375 0.1234375 0.03125
1 0.68359375 0.8796875 0.125 0.021875
1 0.55859375 0.88125 0.1203125 0.01953125
1 0.1828125 0.88203125 0.125 0.01953125
1 0.3078125 0.88203125 0.12265625 0.01953125
1 0.43125 0.88203125 0.12265625 0.021875
1 0.05859375 0.88125 0.1171875 0.01875
1 0.8109375 0.88359375 0.125 0.01953125
1 0.9375 0.884375 0.12265625 0.0140625
1 0.69375 0.0984375 0.1203125 0.03125
1 0.5640625 0.0984375 0.12265625 0.02890625
1 0.4359375 0.10078125 0.125 0.0265625
1 0.81875 0.103125 0.12265625 0.02890625
1 0.18515625 0.103125 0.1203125 0.03125
1 0.0609375 0.10390625 0.121875 0.0328125
1 0.94140625 0.1046875 0.115625 0.02890625
1 0.3125 0.1046875 0.12265625 0.02890625
1 0.43515625 0.0109375 0.125 0.021875
1 0.5625 0.0109375 0.125 0.021875