1 0.20390625 0.5234375 0.24296875 0.0328125
1 0.20390625 0.546875 0.24296875 0.028125
1 0.21171875 0.571875 0.24296875 0.025
1 0.21328125 0.59765625 0.23671875 0.025
1 0.21328125 0.61484375 0.2390625 0.02578125
1 0.21484375 0.63828125 0.23125 0.02421875
1 0.22109375 0.66171875 0.2390625 0.02734375
1 0.22890625 0.68671875 0.23671875 0.02578125
1 0.23046875 0.70546875 0.23671875 0.02890625
1 0.46171875 0.40390625 0.2265625 0.028125
1 0.46171875 0.42734375 0.22421875 0.02734375
1 0.4625 0.45078125 0.228125 0.02578125
1 0.4640625 0.475 0.23515625 0.02734375
1 0.4671875 0.49765625 0.23125 0.02421875
1 0.4703125 0.51953125 0.225 0.02421875
1 0.48359375 0.540625 0.22890625 0.0234375
1 0.490625 0.56171875 0.2265625 0.025
1 0.5046875 0.584375 0.228125 0.02578125
1 0.5125 0.696875 0.22265625 0.025
1 0.5125 0.671875 0.22109375 0.0234375
1 0.50859375 0.64921875 0.22421875 0.025
1 0.50703125 0.6265625 0.22421875 0.02578125
1 0.50625 0.60625 0.228125 0.021875
1 0.76875 0.2953125 0.22265625 0.0234375
1 0.7640625 0.31796875 0.2203125 0.021875
1 0.76171875 0.33984375 0.21875 0.0234375
1 0.75625 0.3625 0.225 0.02734375
1 0.75390625 0.38359375 0.22421875 0.01796875
1 0.75390625 0.40546875 0.22421875 0.021875
1 0.753125 0.42734375 0.228125 0.021875
1 0.75078125 0.45 0.228125 0.02578125
1 0.7546875 0.69296875 0.225 0.025
1 0.75078125 0.4734375 0.22265625 0.02421875
1 0.746875 0.49296875 0.225 0.02734375
1 0.74375 0.515625 0.22421875 0.02578125
1 0.74609375 0.5375 0.22421875 0.025
1 0.74765625 0.559375 0.22109375 0.02578125
1 0.75 0.58203125 0.22421875 0.02578125
1 0.75 0.60625 0.2265625 0.025
1 0.75 0.6265625 0.22421875 0.021875
1 0.75078125 0.6515625 0.225 0.021875
1 0.75234375 0.671875 0.225 0.0203125
1 0.7546875 0.7171875 0.225 0.0234375
1 0.5125 0.71953125 0.22265625 0.02421875
1 0.240625 0.72734375 0.234375 0.028125