1 0.909375 0.82578125 0.18125 0.0453125
1 0.5578125 0.83671875 0.521875 0.07421875
1 0.9109375 0.86796875 0.178125 0.040625
1 0.5578125 0.89296875 0.521875 0.0578125
1 0.909375 0.90546875 0.18125 0.0328125
1 0.5640625 0.13203125 0.5140625 0.06484375
1 0.1453125 0.1453125 0.290625 0.0578125
1 0.5609375 0.19453125 0.509375 0.0671875
1 0.1421875 0.196875 0.28359375 0.05546875
1 0.909375 0.2328125 0.18125 0.040625
1 0.140625 0.2515625 0.27890625 0.0578125
1 0.56015625 0.25390625 0.5140625 0.05078125
1 0.909375 0.27578125 0.18125 0.0296875
1 0.13828125 0.30546875 0.2765625 0.0578125
1 0.91015625 0.31484375 0.178125 0.03828125
1 0.5625 0.3171875 0.5140625 0.05546875
1 0.13828125 0.353125 0.2765625 0.05546875
1 0.9109375 0.353125 0.178125 0.03359375
1 0.56015625 0.38359375 0.5171875 0.05546875
1 0.909375 0.39140625 0.18125 0.0453125
1 0.13828125 0.4078125 0.271875 0.053125
1 0.909375 0.42890625 0.18125 0.0453125
1 0.56015625 0.4515625 0.5171875 0.0625
1 0.13671875 0.46015625 0.2734375 0.0578125
1 0.909375 0.47265625 0.18125 0.0453125
1 0.5625 0.50859375 0.51953125 0.05546875
1 0.9109375 0.51328125 0.178125 0.0453125
1 0.5671875 0.05390625 0.521875 0.0796875
1 0.9109375 0.55390625 0.178125 0.040625
1 0.5625 0.57578125 0.51953125 0.053125
1 0.9109375 0.5921875 0.178125 0.03359375
1 0.9109375 0.6234375 0.178125 0.04296875
1 0.5625 0.63671875 0.521875 0.0484375
1 0.9109375 0.665625 0.178125 0.04296875
1 0.56015625 0.69921875 0.51953125 0.05546875
1 0.909375 0.703125 0.18125 0.040625
1 0.909375 0.75078125 0.18125 0.0484375
1 0.5609375 0.7703125 0.521875 0.071875
1 0.909375 0.7828125 0.18125 0.0375