1 0.16484375 0.178125 0.13671875 0.0171875
1 0.0265625 0.18046875 0.053125 0.0171875
1 0.83046875 0.1828125 0.1296875 0.01953125
1 0.95078125 0.18515625 0.0984375 0.01953125
1 0.32421875 0.1859375 0.134375 0.01953125
1 0.4859375 0.19140625 0.1296875 0.021875
1 0.646875 0.19375 0.12734375 0.01953125
1 0.16328125 0.1984375 0.13671875 0.0171875
1 0.02734375 0.2 0.0546875 0.021875
1 0.83046875 0.2015625 0.1296875 0.01953125
1 0.95546875 0.203125 0.0890625 0.01953125
1 0.3265625 0.20703125 0.134375 0.01953125
1 0.4859375 0.209375 0.1296875 0.021875
1 0.646875 0.21171875 0.12734375 0.0171875
1 0.16328125 0.21875 0.1390625 0.01953125
1 0.03125 0.22109375 0.0625 0.01953125
1 0.83203125 0.22265625 0.1296875 0.01953125
1 0.95546875 0.2234375 0.0890625 0.01953125
1 0.328125 0.225 0.134375 0.01953125
1 0.4859375 0.228125 0.1296875 0.01953125
1 0.646875 0.2296875 0.12734375 0.01953125
1 0.165625 0.23828125 0.1390625 0.0171875
1 0.83203125 0.24140625 0.13203125 0.0171875
1 0.0296875 0.240625 0.059375 0.01875
1 0.95546875 0.24296875 0.0890625 0.01953125
1 0.32578125 0.24375 0.134375 0.0140625
1 0.484375 0.2484375 0.1296875 0.01953125
1 0.64765625 0.2484375 0.12734375 0.01953125
1 0.16015625 0.25703125 0.1390625 0.01953125
1 0.83671875 0.2609375 0.13203125 0.0171875
1 0.0328125 0.26171875 0.06484375 0.01953125
1 0.95546875 0.26171875 0.0890625 0.01953125
1 0.32578125 0.26171875 0.134375 0.021875
1 0.64765625 0.2671875 0.12734375 0.01953125
1 0.4828125 0.2671875 0.1296875 0.01953125
1 0.16015625 0.2765625 0.1390625 0.01953125
1 0.8375 0.28125 0.13203125 0.01953125
1 0.95546875 0.28125 0.0890625 0.01953125
1 0.0328125 0.2828125 0.06484375 0.01953125
1 0.32421875 0.2828125 0.134375 0.01953125
1 0.64765625 0.28515625 0.1296875 0.01953125
1 0.484375 0.2859375 0.13203125 0.0171875
1 0.16328125 0.296875 0.14453125 0.01953125
1 0.8390625 0.29921875 0.1296875 0.01953125
1 0.0328125 0.30078125 0.06484375 0.0171875
1 0.32421875 0.30078125 0.134375 0.01953125
1 0.95625 0.3 0.0875 0.01875
1 0.64921875 0.30390625 0.12734375 0.021875
1 0.484375 0.30546875 0.13203125 0.01953125
1 0.16328125 0.31640625 0.1421875 0.01953125
1 0.83671875 0.31875 0.134375 0.01953125
1 0.03359375 0.31875 0.0671875 0.01953125
1 0.3234375 0.31953125 0.13671875 0.0171875
1 0.95390625 0.32109375 0.0921875 0.0171875
1 0.484375 0.3234375 0.13203125 0.01953125
1 0.64921875 0.3234375 0.12734375 0.021875
1 0.16328125 0.33671875 0.14453125 0.0171875
1 0.95859375 0.33671875 0.0828125 0.0203125
1 0.8375 0.3390625 0.13203125 0.01953125
1 0.03359375 0.3390625 0.0671875 0.01953125
1 0.32578125 0.3390625 0.13671875 0.01953125
1 0.484375 0.34140625 0.13203125 0.0171875
1 0.64921875 0.34140625 0.1296875 0.021875
1 0.1609375 0.3546875 0.1390625 0.01953125
1 0.9578125 0.35703125 0.084375 0.01953125
1 0.834375 0.3578125 0.13203125 0.021875
1 0.32421875 0.3578125 0.134375 0.0171875
1 0.03359375 0.3578125 0.0671875 0.021875
1 0.484375 0.3609375 0.13203125 0.01953125
1 0.64921875 0.3609375 0.12734375 0.01953125
1 0.15859375 0.375 0.1421875 0.01953125
1 0.96015625 0.3765625 0.0796875 0.01953125
1 0.834375 0.37734375 0.13203125 0.01953125
1 0.32578125 0.37734375 0.13671875 0.01953125
1 0.64921875 0.3796875 0.12734375 0.01953125
1 0.03359375 0.3796875 0.0671875 0.01953125
1 0.484375 0.3796875 0.13203125 0.01953125
1 0.8328125 0.3953125 0.13203125 0.01953125
1 0.96015625 0.3953125 0.0796875 0.01953125
1 0.16484375 0.3953125 0.146875 0.01953125
1 0.32421875 0.396875 0.134375 0.01953125
1 0.64765625 0.39765625 0.1296875 0.01953125
1 0.03359375 0.39921875 0.0671875 0.01953125
1 0.4859375 0.39921875 0.134375 0.01953125
1 0.96015625 0.41484375 0.0796875 0.01953125
1 0.834375 0.415625 0.13203125 0.01953125
1 0.64921875 0.415625 0.12734375 0.01953125
1 0.32578125 0.415625 0.134375 0.01953125
1 0.48671875 0.415625 0.1296875 0.0171875
1 0.1625 0.4171875 0.14453125 0.01953125
1 0.03359375 0.41796875 0.0671875 0.01953125
1 0.64765625 0.43125 0.1296875 0.0140625
1 0.48671875 0.43359375 0.13203125 0.0171875
1 0.32421875 0.43515625 0.134375 0.0140625
1 0.1625 0.4375 0.146875 0.01953125
1 0.03515625 0.4375 0.06953125 0.01953125