1 0.1609375 0.1609375 0.321875 0.09140625
1 0.93046875 0.16796875 0.1390625 0.0890625
1 0.61171875 0.1703125 0.4328125 0.09609375
1 0.16484375 0.2765625 0.3296875 0.09375
1 0.92890625 0.2765625 0.1390625 0.08671875
1 0.60703125 0.28125 0.43515625 0.09375
1 0.16328125 0.38359375 0.3265625 0.09375
1 0.925 0.38359375 0.15 0.0921875
1 0.60078125 0.39296875 0.43515625 0.0890625
1 0.603125 0.49609375 0.4375 0.08671875
1 0.1609375 0.49765625 0.321875 0.09140625
1 0.93046875 0.5046875 0.1390625 0.10546875
1 0.1609375 0.05546875 0.321875 0.09140625
1 0.60546875 0.603125 0.4375 0.08671875
1 0.9265625 0.60546875 0.146875 0.09140625
1 0.15859375 0.609375 0.3171875 0.0890625
1 0.5984375 0.0640625 0.4328125 0.09609375
1 0.92265625 0.06484375 0.1546875 0.0796875
1 0.6046875 0.7140625 0.43515625 0.09140625
1 0.9265625 0.7140625 0.146875 0.08671875
1 0.16015625 0.71875 0.31953125 0.09609375
1 0.925 0.82265625 0.15 0.0890625
1 0.609375 0.82421875 0.4328125 0.09140625
1 0.15859375 0.83203125 0.3171875 0.0890625