1 0.43515625 0.78359375 0.58671875 0.0484375
1 0.43125 0.828125 0.59609375 0.0484375
1 0.4390625 0.87890625 0.60078125 0.05078125
1 0.4421875 0.93515625 0.6078125 0.053125
1 0.4390625 0.98046875 0.615625 0.03828125
1 0.46640625 0.16484375 0.540625 0.03828125
1 0.4671875 0.21171875 0.5484375 0.0484375
1 0.47265625 0.259375 0.53828125 0.03828125
1 0.4734375 0.296875 0.553125 0.0484375
1 0.4671875 0.3421875 0.553125 0.0453125
1 0.4640625 0.3921875 0.553125 0.0484375
1 0.4578125 0.4375 0.5578125 0.03828125
1 0.4546875 0.4859375 0.56015625 0.05078125
1 0.4640625 0.5359375 0.5578125 0.0453125
1 0.46015625 0.5828125 0.571875 0.0484375
1 0.453125 0.63203125 0.58203125 0.0453125
1 0.4484375 0.68125 0.584375 0.053125
1 0.4375 0.73203125 0.58671875 0.053125