1 0.08515625 0.09765625 0.1703125 0.04296875
1 0.290625 0.10078125 0.228125 0.03828125
1 0.52265625 0.10703125 0.22578125 0.040625
1 0.74765625 0.10703125 0.22578125 0.03828125
1 0.93125 0.1140625 0.13671875 0.03828125
1 0.08671875 0.1359375 0.1734375 0.03828125
1 0.29296875 0.140625 0.23046875 0.040625
1 0.74765625 0.14453125 0.22109375 0.040625
1 0.521875 0.14765625 0.22109375 0.03828125
1 0.93125 0.1546875 0.13671875 0.0359375
1 0.08515625 0.01796875 0.1703125 0.03359375
1 0.08671875 0.178125 0.1734375 0.03828125
1 0.29453125 0.18046875 0.228125 0.040625
1 0.74765625 0.18515625 0.2234375 0.03828125
1 0.521875 0.1890625 0.22109375 0.0359375
1 0.93125 0.18984375 0.13671875 0.03828125
1 0.28515625 0.0203125 0.2328125 0.040625
1 0.08515625 0.21640625 0.1703125 0.04296875
1 0.29296875 0.21875 0.228125 0.03828125
1 0.7484375 0.22265625 0.22578125 0.0359375
1 0.52265625 0.225 0.22109375 0.03828125
1 0.9328125 0.23046875 0.134375 0.0359375
1 0.08515625 0.25625 0.1703125 0.03828125
1 0.2953125 0.25859375 0.228125 0.04296875
1 0.7453125 0.2609375 0.22109375 0.040625
1 0.521875 0.2640625 0.22109375 0.040625
1 0.93125 0.2671875 0.13671875 0.03828125
1 0.74609375 0.02734375 0.2234375 0.040625
1 0.5171875 0.02890625 0.22109375 0.040625
1 0.084375 0.2953125 0.16796875 0.040625
1 0.29296875 0.296875 0.22578125 0.040625
1 0.74609375 0.29921875 0.22109375 0.03828125
1 0.52265625 0.30078125 0.2234375 0.0359375
1 0.9328125 0.30625 0.134375 0.03828125
1 0.28984375 0.334375 0.22578125 0.0359375
1 0.08515625 0.33515625 0.1703125 0.040625
1 0.75 0.3390625 0.22109375 0.03828125
1 0.525 0.34140625 0.2234375 0.0359375
1 0.9328125 0.34375 0.134375 0.03828125
1 0.93359375 0.0375 0.13203125 0.0359375
1 0.08671875 0.375 0.1734375 0.040625
1 0.29296875 0.375 0.228125 0.0359375
1 0.75390625 0.37734375 0.22109375 0.040625
1 0.52890625 0.3796875 0.22109375 0.0359375
1 0.9328125 0.38203125 0.134375 0.03828125
1 0.296875 0.41328125 0.228125 0.0359375
1 0.08515625 0.4125 0.1703125 0.040625
1 0.52890625 0.41484375 0.22109375 0.0359375
1 0.75234375 0.41484375 0.22109375 0.03828125
1 0.93359375 0.4203125 0.13203125 0.03828125
1 0.2953125 0.4515625 0.22578125 0.0359375
1 0.75 0.453125 0.22109375 0.040625
1 0.08671875 0.4546875 0.1734375 0.040625
1 0.52734375 0.4546875 0.22109375 0.03828125
1 0.93515625 0.45703125 0.1296875 0.03828125
1 0.75 0.490625 0.2234375 0.03828125
1 0.2921875 0.490625 0.22578125 0.0359375
1 0.5265625 0.49140625 0.22109375 0.03125
1 0.08515625 0.490625 0.1703125 0.03828125
1 0.93515625 0.4984375 0.1296875 0.0359375
1 0.74609375 0.52890625 0.22109375 0.03359375
1 0.2921875 0.5296875 0.22578125 0.03359375
1 0.52265625 0.5296875 0.22109375 0.03828125
1 0.08671875 0.53125 0.1734375 0.03828125
1 0.93828125 0.534375 0.1234375 0.034375
1 0.084375 0.05390625 0.16796875 0.0359375
1 0.7453125 0.56640625 0.22109375 0.03828125
1 0.28828125 0.5671875 0.22578125 0.03359375
1 0.5203125 0.56875 0.22109375 0.03828125
1 0.08671875 0.56953125 0.1734375 0.040625
1 0.9375 0.57109375 0.125 0.03828125
1 0.74765625 0.60234375 0.2234375 0.03828125
1 0.2921875 0.603125 0.2234375 0.03828125
1 0.51796875 0.60546875 0.21875 0.03359375
1 0.0875 0.60703125 0.175 0.0390625
1 0.9359375 0.609375 0.12734375 0.040625
1 0.290625 0.0609375 0.228125 0.03828125
1 0.5171875 0.64296875 0.22109375 0.03125
1 0.7484375 0.64296875 0.22109375 0.03359375
1 0.28984375 0.64453125 0.22578125 0.03828125
1 0.93125 0.64765625 0.13671875 0.0359375
1 0.08671875 0.65 0.1734375 0.03828125
1 0.5203125 0.68046875 0.22109375 0.0359375
1 0.75 0.68125 0.22109375 0.03828125
1 0.29296875 0.6828125 0.22578125 0.03828125
1 0.93125 0.68515625 0.13671875 0.0359375
1 0.51953125 0.06953125 0.22578125 0.0359375
1 0.08671875 0.68984375 0.1734375 0.03828125
1 0.7453125 0.07109375 0.2234375 0.03125
1 0.75234375 0.7171875 0.21875 0.03828125
1 0.52265625 0.7203125 0.22109375 0.03359375
1 0.29296875 0.7203125 0.22578125 0.03359375
1 0.93125 0.72265625 0.13671875 0.0359375
1 0.08671875 0.72734375 0.1734375 0.03828125
1 0.9328125 0.07421875 0.134375 0.03828125
1 0.5203125 0.7546875 0.22109375 0.0359375
1 0.75234375 0.75703125 0.21875 0.040625
1 0.93125 0.759375 0.13671875 0.0359375
1 0.29453125 0.7609375 0.22578125 0.040625
1 0.0875 0.76796875 0.175 0.0359375
1 0.75234375 0.79296875 0.21875 0.03359375
1 0.5171875 0.79453125 0.21875 0.0359375
1 0.93125 0.796875 0.13671875 0.0359375
1 0.29296875 0.796875 0.22578125 0.040625
1 0.08671875 0.80390625 0.1734375 0.0359375
1 0.52265625 0.83203125 0.21875 0.03359375
1 0.75390625 0.83203125 0.21875 0.03828125
1 0.93125 0.83515625 0.13671875 0.0359375
1 0.29453125 0.8375 0.2234375 0.04296875
1 0.08984375 0.84375 0.1796875 0.040625
1 0.52265625 0.86796875 0.21875 0.0359375
1 0.7515625 0.86796875 0.21875 0.0359375
1 0.93125 0.86875 0.13671875 0.03359375
1 0.2953125 0.8734375 0.22578125 0.03828125
1 0.08984375 0.8875 0.1796875 0.053125
1 0.75 0.9 0.21875 0.03125
1 0.93125 0.90234375 0.13671875 0.0265625
1 0.52421875 0.90234375 0.21640625 0.0265625
1 0.2984375 0.9046875 0.22578125 0.02421875