1 0.6765625 0.1359375 0.31015625 0.0671875
1 0.3421875 0.1515625 0.31484375 0.06015625
1 0.08203125 0.16796875 0.16328125 0.06015625
1 0.915625 0.18984375 0.16328125 0.053125
1 0.678125 0.19609375 0.31015625 0.0625
1 0.34140625 0.2125 0.31484375 0.0625
1 0.08203125 0.228125 0.16328125 0.06484375
1 0.915625 0.24375 0.16328125 0.06015625
1 0.68046875 0.2515625 0.3078125 0.0625
1 0.3453125 0.271875 0.3171875 0.06015625
1 0.08046875 0.28828125 0.1609375 0.06953125
1 0.9171875 0.296875 0.16328125 0.0578125
1 0.68125 0.3171875 0.3078125 0.0671875
1 0.34140625 0.3328125 0.3171875 0.06015625
1 0.0796875 0.3484375 0.15859375 0.071875
1 0.91953125 0.35234375 0.1609375 0.05546875
1 0.68046875 0.37734375 0.31015625 0.05546875
1 0.3375 0.3921875 0.3171875 0.06484375
1 0.0765625 0.40390625 0.153125 0.0703125
1 0.91953125 0.4046875 0.1609375 0.0578125
1 0.68125 0.4359375 0.3078125 0.071875
1 0.33671875 0.4515625 0.321875 0.0578125
1 0.91953125 0.459375 0.1609375 0.053125
1 0.08203125 0.47109375 0.16328125 0.0671875
1 0.68046875 0.5 0.31015625 0.0625
1 0.91796875 0.5140625 0.16328125 0.06015625
1 0.33984375 0.5171875 0.32421875 0.06484375
1 0.08046875 0.5359375 0.1609375 0.06953125
1 0.6765625 0.5671875 0.31015625 0.053125
1 0.915625 0.5734375 0.16796875 0.06015625
1 0.3390625 0.578125 0.321875 0.05546875
1 0.08046875 0.5953125 0.1609375 0.06953125
1 0.9171875 0.62734375 0.165625 0.05546875
1 0.6765625 0.62890625 0.3125 0.06015625
1 0.34140625 0.640625 0.321875 0.05546875
1 0.08203125 0.65625 0.1609375 0.0765625
1 0.91796875 0.68125 0.16328125 0.05546875
1 0.678125 0.69140625 0.3125 0.06015625
1 0.3421875 0.70078125 0.31953125 0.06015625
1 0.0828125 0.7203125 0.165625 0.06953125
1 0.6703125 0.071875 0.31015625 0.0671875
1 0.9171875 0.73828125 0.165625 0.053125
1 0.68046875 0.75390625 0.3125 0.0625
1 0.34140625 0.76171875 0.31953125 0.05546875
1 0.0828125 0.78359375 0.16328125 0.0765625
1 0.91953125 0.7953125 0.1609375 0.06015625
1 0.68125 0.81640625 0.3125 0.05546875
1 0.33671875 0.828125 0.321875 0.071875
1 0.91953125 0.8421875 0.1609375 0.0453125
1 0.08203125 0.84375 0.16328125 0.06953125
1 0.68359375 0.86796875 0.31484375 0.0484375
1 0.34609375 0.09375 0.3125 0.05546875
1 0.084375 0.103125 0.16796875 0.0625