1 0.45390625 0.01171875 0.2046875 0.0234375
1 0.85078125 0.12734375 0.1421875 0.040625
1 0.4546875 0.12734375 0.2015625 0.03359375
1 0.2703125 0.13125 0.165625 0.04296875
1 0.6765625 0.1359375 0.2015625 0.0359375
1 0.0875 0.140625 0.175 0.040625
1 0.96953125 0.0140625 0.0609375 0.028125
1 0.96875 0.1546875 0.0625 0.03828125
1 0.85234375 0.1625 0.14453125 0.0359375
1 0.4546875 0.16484375 0.19921875 0.03359375
1 0.2703125 0.1671875 0.16328125 0.040625
1 0.678125 0.17421875 0.19921875 0.0359375
1 0.0890625 0.1765625 0.178125 0.04296875
1 0.678125 0.01953125 0.2046875 0.0359375
1 0.9671875 0.18984375 0.06484375 0.0359375
1 0.85 0.196875 0.14453125 0.04296875
1 0.26953125 0.20078125 0.165625 0.04296875
1 0.453125 0.203125 0.19921875 0.0359375
1 0.6765625 0.21171875 0.2046875 0.03828125
1 0.0875 0.2109375 0.175 0.04375
1 0.9671875 0.2234375 0.06484375 0.03359375
1 0.85078125 0.23203125 0.1421875 0.03828125
1 0.85078125 0.02265625 0.14453125 0.0453125
1 0.26796875 0.23671875 0.16796875 0.0453125
1 0.4546875 0.2453125 0.196875 0.03828125
1 0.0890625 0.24609375 0.178125 0.040625
1 0.678125 0.25390625 0.2046875 0.040625
1 0.96484375 0.25859375 0.06953125 0.0359375
1 0.85078125 0.26171875 0.1421875 0.03125
1 0.26953125 0.0265625 0.165625 0.04296875
1 0.26953125 0.26953125 0.1703125 0.03125
1 0.08984375 0.275 0.178125 0.021875
1 0.4546875 0.28515625 0.19921875 0.040625
1 0.6765625 0.29296875 0.2046875 0.040625
1 0.89609375 0.3140625 0.2078125 0.040625
1 0.0875 0.0328125 0.175 0.040625
1 0.06640625 0.31875 0.13203125 0.04296875
1 0.24765625 0.321875 0.20703125 0.040625
1 0.45546875 0.321875 0.19453125 0.0359375
1 0.678125 0.33203125 0.2046875 0.040625
1 0.89921875 0.35234375 0.2015625 0.03828125
1 0.45703125 0.3609375 0.196875 0.0359375
1 0.06484375 0.359375 0.1296875 0.040625
1 0.25 0.36328125 0.21171875 0.040625
1 0.678125 0.36796875 0.20703125 0.03359375
1 0.89765625 0.39453125 0.2046875 0.04296875
1 0.45546875 0.39921875 0.19921875 0.03828125
1 0.06640625 0.4015625 0.13203125 0.04296875
1 0.24765625 0.40390625 0.20703125 0.03828125
1 0.68046875 0.40625 0.2046875 0.03828125
1 0.89765625 0.4359375 0.2046875 0.040625
1 0.45703125 0.4390625 0.2015625 0.04296875
1 0.06640625 0.4390625 0.13203125 0.0453125
1 0.2484375 0.44375 0.20703125 0.040625
1 0.68125 0.44453125 0.20703125 0.040625
1 0.96953125 0.0484375 0.0609375 0.040625
1 0.4546875 0.0484375 0.196875 0.03828125
1 0.9 0.47734375 0.19921875 0.04296875
1 0.4546875 0.47734375 0.19921875 0.03828125
1 0.0671875 0.48046875 0.134375 0.04296875
1 0.2484375 0.484375 0.20703125 0.03828125
1 0.68359375 0.4859375 0.2046875 0.040625
1 0.45703125 0.515625 0.2015625 0.03828125
1 0.89921875 0.51953125 0.2015625 0.040625
1 0.06875 0.5203125 0.134375 0.04296875
1 0.68359375 0.52265625 0.2046875 0.03828125
1 0.2484375 0.52421875 0.20703125 0.04296875
1 0.6765625 0.05546875 0.2046875 0.03359375
1 0.459375 0.55625 0.19921875 0.04296875
1 0.89765625 0.55625 0.2046875 0.040625
1 0.06953125 0.5609375 0.1390625 0.040625
1 0.2484375 0.5625 0.2046875 0.03828125
1 0.68359375 0.5625 0.2046875 0.03828125
1 0.85078125 0.0578125 0.14453125 0.0484375
1 0.459375 0.5921875 0.19921875 0.03828125
1 0.89921875 0.59765625 0.19921875 0.03828125
1 0.06640625 0.6 0.13203125 0.03828125
1 0.25 0.60234375 0.2046875 0.04296875
1 0.6859375 0.603125 0.2046875 0.04296875
1 0.26953125 0.0609375 0.165625 0.0359375
1 0.45703125 0.63125 0.196875 0.03828125
1 0.89921875 0.6359375 0.2015625 0.04296875
1 0.2515625 0.640625 0.20703125 0.03828125
1 0.6859375 0.640625 0.2046875 0.040625
1 0.06484375 0.640625 0.1296875 0.0453125
1 0.0875 0.06640625 0.175 0.0390625
1 0.45703125 0.671875 0.2015625 0.04296875
1 0.89765625 0.67578125 0.2046875 0.0484375
1 0.68515625 0.68046875 0.20703125 0.03828125
1 0.2515625 0.68125 0.2046875 0.03359375
1 0.06640625 0.68359375 0.13203125 0.04296875
1 0.4578125 0.71171875 0.2046875 0.040625
1 0.89765625 0.71640625 0.2046875 0.04296875
1 0.2515625 0.71875 0.2046875 0.0359375
1 0.06640625 0.7203125 0.13203125 0.04296875
1 0.68515625 0.72109375 0.2015625 0.040625
1 0.4578125 0.7515625 0.19921875 0.03828125
1 0.89921875 0.7546875 0.2015625 0.0453125
1 0.2515625 0.75859375 0.209375 0.0359375
1 0.06640625 0.75859375 0.13203125 0.0453125
1 0.6875 0.7609375 0.20703125 0.040625
1 0.459375 0.78984375 0.2046875 0.03828125
1 0.89921875 0.79296875 0.2015625 0.040625
1 0.0671875 0.796875 0.134375 0.0484375
1 0.2484375 0.7984375 0.2046875 0.03359375
1 0.68984375 0.79921875 0.20703125 0.0359375
1 0.45703125 0.83203125 0.2046875 0.04296875
1 0.89765625 0.8328125 0.2046875 0.0453125
1 0.06875 0.834375 0.134375 0.04296875
1 0.2484375 0.83515625 0.20703125 0.03359375
1 0.6859375 0.8390625 0.20703125 0.040625
1 0.96875 0.0828125 0.0625 0.0453125
1 0.45546875 0.0875 0.2015625 0.03828125
1 0.459375 0.86875 0.20703125 0.03828125
1 0.89765625 0.8703125 0.2015625 0.03828125
1 0.06875 0.8703125 0.13671875 0.03828125
1 0.24765625 0.87265625 0.20703125 0.03359375
1 0.6859375 0.87265625 0.20703125 0.03125
1 0.85078125 0.0921875 0.1421875 0.0484375
1 0.6765625 0.0953125 0.20703125 0.03359375
1 0.2703125 0.0953125 0.165625 0.04296875
1 0.0890625 0.1046875 0.178125 0.03359375
1 0.96875 0.1203125 0.0625 0.03828125