1 0.2640625 0.11328125 0.14921875 0.02890625
1 0.9359375 0.115625 0.12734375 0.03359375
1 0.4328125 0.11640625 0.1515625 0.03125
1 0.7828125 0.12109375 0.14921875 0.02890625
1 0.58515625 0.12265625 0.14921875 0.0265625
1 0.1046875 0.13203125 0.15390625 0.02890625
1 0.103125 0.0140625 0.15390625 0.0265625
1 0.265625 0.1421875 0.14921875 0.02890625
1 0.4328125 0.1453125 0.14921875 0.02890625
1 0.9359375 0.146875 0.12734375 0.03125
1 0.7828125 0.1515625 0.14921875 0.02890625
1 0.58515625 0.1515625 0.14921875 0.02890625
1 0.103125 0.1625 0.15390625 0.03125
1 0.265625 0.171875 0.14921875 0.0265625
1 0.4328125 0.17421875 0.1515625 0.02890625
1 0.9359375 0.1765625 0.12734375 0.03125
1 0.7828125 0.1828125 0.14921875 0.02890625
1 0.5875 0.1828125 0.14921875 0.02890625
1 0.10234375 0.1921875 0.15390625 0.02890625
1 0.265625 0.1984375 0.1515625 0.02890625
1 0.43359375 0.203125 0.1515625 0.02890625
1 0.93515625 0.20703125 0.1296875 0.02890625
1 0.78125 0.21015625 0.14921875 0.02890625
1 0.5890625 0.21015625 0.1515625 0.02890625
1 0.10078125 0.22265625 0.15390625 0.02890625
1 0.2671875 0.228125 0.15390625 0.02890625
1 0.4328125 0.2328125 0.14921875 0.03125
1 0.93515625 0.2359375 0.1296875 0.02890625
1 0.58984375 0.2390625 0.14921875 0.02890625
1 0.93515625 0.02265625 0.1296875 0.03125
1 0.265625 0.02421875 0.14921875 0.02890625
1 0.7796875 0.240625 0.146875 0.03125
1 0.103125 0.2515625 0.15390625 0.02890625
1 0.2671875 0.25703125 0.1515625 0.02890625
1 0.4328125 0.2609375 0.14921875 0.02890625
1 0.93515625 0.265625 0.1296875 0.02890625
1 0.59140625 0.271875 0.14921875 0.0265625
1 0.4328125 0.02734375 0.1515625 0.03125
1 0.7796875 0.271875 0.14921875 0.02890625
1 0.103125 0.27890625 0.15390625 0.02890625
1 0.2671875 0.28359375 0.14921875 0.0265625
1 0.43359375 0.2921875 0.14921875 0.02890625
1 0.93515625 0.29453125 0.1296875 0.02890625
1 0.78125 0.30078125 0.146875 0.02890625
1 0.59140625 0.30078125 0.14921875 0.02890625
1 0.584375 0.0296875 0.146875 0.02890625
1 0.103125 0.30859375 0.15390625 0.02890625
1 0.78359375 0.0328125 0.14921875 0.03125
1 0.265625 0.31484375 0.1515625 0.03125
1 0.4328125 0.31953125 0.14921875 0.0265625
1 0.93515625 0.32421875 0.1296875 0.03125
1 0.59140625 0.3296875 0.146875 0.02890625
1 0.7796875 0.33046875 0.14921875 0.02890625
1 0.1046875 0.3375 0.15390625 0.02890625
1 0.2640625 0.34375 0.14921875 0.0265625
1 0.43125 0.3484375 0.146875 0.0265625
1 0.93359375 0.3546875 0.13203125 0.03125
1 0.5921875 0.359375 0.146875 0.02890625
1 0.78125 0.36171875 0.146875 0.02890625
1 0.1046875 0.36640625 0.15390625 0.03125
1 0.26328125 0.37265625 0.1515625 0.03125
1 0.43046875 0.37734375 0.14921875 0.02890625
1 0.93359375 0.384375 0.13203125 0.03359375
1 0.5921875 0.38828125 0.146875 0.0265625
1 0.78125 0.3921875 0.146875 0.03125
1 0.10546875 0.3953125 0.1515625 0.02890625
1 0.2640625 0.4 0.14921875 0.0265625
1 0.43046875 0.4046875 0.14921875 0.02890625
1 0.93359375 0.41328125 0.13203125 0.03359375
1 0.5921875 0.41953125 0.14921875 0.02890625
1 0.7796875 0.4203125 0.14921875 0.02890625
1 0.10546875 0.42421875 0.1515625 0.03125
1 0.26171875 0.43046875 0.14921875 0.02890625
1 0.42890625 0.43515625 0.146875 0.02890625
1 0.103125 0.04453125 0.15390625 0.02890625
1 0.93359375 0.44375 0.13203125 0.03125
1 0.59140625 0.4484375 0.14921875 0.0265625
1 0.7796875 0.44921875 0.14921875 0.03359375
1 0.1046875 0.45546875 0.1515625 0.02890625
1 0.26171875 0.459375 0.14921875 0.02890625
1 0.428125 0.4640625 0.14921875 0.02890625
1 0.93359375 0.4734375 0.13203125 0.02890625
1 0.5921875 0.478125 0.14921875 0.02890625
1 0.77734375 0.48046875 0.14921875 0.03125
1 0.10234375 0.484375 0.1515625 0.03359375
1 0.26171875 0.4890625 0.14921875 0.02890625
1 0.4234375 0.49140625 0.14921875 0.02890625
1 0.93359375 0.50625 0.13203125 0.02890625
1 0.59375 0.50859375 0.14921875 0.02890625
1 0.77890625 0.5109375 0.14921875 0.02890625
1 0.10078125 0.51328125 0.1515625 0.03125
1 0.2609375 0.51796875 0.14921875 0.0265625
1 0.421875 0.5203125 0.1515625 0.02890625
1 0.93515625 0.053125 0.1296875 0.02890625
1 0.9328125 0.53515625 0.134375 0.0265625
1 0.5953125 0.5375 0.14921875 0.02890625
1 0.77734375 0.53984375 0.146875 0.02890625
1 0.103125 0.54453125 0.14921875 0.03125
1 0.259375 0.5453125 0.14921875 0.02890625
1 0.421875 0.54921875 0.14921875 0.02890625
1 0.26796875 0.05546875 0.1515625 0.02890625
1 0.9328125 0.56640625 0.134375 0.03125
1 0.5953125 0.56875 0.14921875 0.02890625
1 0.77890625 0.56953125 0.14921875 0.02890625
1 0.10234375 0.5734375 0.15390625 0.02890625
1 0.2609375 0.57421875 0.14921875 0.02890625
1 0.421875 0.5796875 0.14921875 0.02890625
1 0.4328125 0.05859375 0.14921875 0.0265625
1 0.9328125 0.59609375 0.134375 0.03359375
1 0.5953125 0.59765625 0.14921875 0.02890625
1 0.7765625 0.6 0.146875 0.02890625
1 0.10234375 0.603125 0.15390625 0.03125
1 0.2609375 0.6046875 0.14921875 0.02890625
1 0.421875 0.60703125 0.14921875 0.02890625
1 0.78359375 0.0609375 0.14921875 0.03125
1 0.5953125 0.6265625 0.14921875 0.02890625
1 0.10078125 0.62734375 0.15390625 0.0265625
1 0.93046875 0.62734375 0.13671875 0.02890625
1 0.77734375 0.62890625 0.146875 0.02890625
1 0.26328125 0.63203125 0.14921875 0.02890625
1 0.41953125 0.6359375 0.14921875 0.02890625
1 0.584375 0.0640625 0.14921875 0.03125
1 0.5953125 0.6546875 0.14921875 0.02890625
1 0.93046875 0.6546875 0.1390625 0.03125
1 0.7765625 0.65859375 0.14921875 0.03125
1 0.26171875 0.6625 0.14921875 0.03125
1 0.41953125 0.6625 0.14921875 0.02890625
1 0.0734375 0.66796875 0.146875 0.02890625
1 0.5953125 0.6875 0.146875 0.03125
1 0.7765625 0.6875 0.146875 0.03125
1 0.93046875 0.6875 0.1390625 0.03125
1 0.2609375 0.69140625 0.14921875 0.03125
1 0.41953125 0.6921875 0.14921875 0.03125
1 0.0734375 0.69921875 0.146875 0.02890625
1 0.5953125 0.71640625 0.14921875 0.0265625
1 0.77734375 0.71875 0.146875 0.03125
1 0.93046875 0.71875 0.1390625 0.03125
1 0.26171875 0.71875 0.14921875 0.02890625
1 0.41953125 0.7234375 0.14921875 0.02890625
1 0.0734375 0.728125 0.146875 0.02890625
1 0.103125 0.0734375 0.15390625 0.03125
1 0.7765625 0.74765625 0.14921875 0.02890625
1 0.26171875 0.74765625 0.14921875 0.02890625
1 0.5953125 0.74765625 0.146875 0.03125
1 0.92890625 0.7484375 0.1421875 0.02890625
1 0.41953125 0.7515625 0.14921875 0.02890625
1 0.0734375 0.759375 0.146875 0.02890625
1 0.59765625 0.775 0.14921875 0.03125
1 0.26171875 0.7765625 0.146875 0.03125
1 0.7765625 0.77734375 0.146875 0.03125
1 0.92890625 0.77890625 0.1421875 0.02890625
1 0.41953125 0.7796875 0.146875 0.02890625
1 0.07421875 0.7875 0.1484375 0.028125
1 0.5984375 0.80546875 0.14921875 0.02890625
1 0.2609375 0.80625 0.14921875 0.02890625
1 0.4203125 0.8078125 0.146875 0.02890625
1 0.92890625 0.80859375 0.1421875 0.03125
1 0.775 0.80859375 0.14921875 0.03125
1 0.0734375 0.8171875 0.146875 0.02890625
1 0.26953125 0.0828125 0.15390625 0.0265625
1 0.5984375 0.8328125 0.1515625 0.02890625
1 0.26171875 0.83515625 0.14921875 0.03125
1 0.4203125 0.83671875 0.146875 0.02890625
1 0.77421875 0.8375 0.14921875 0.02890625
1 0.92890625 0.83984375 0.1421875 0.03359375
1 0.93515625 0.0828125 0.1296875 0.03125
1 0.0734375 0.85 0.146875 0.03359375
1 0.2609375 0.865625 0.146875 0.02890625
1 0.59765625 0.865625 0.14921875 0.02890625
1 0.4203125 0.865625 0.146875 0.03125
1 0.43125 0.08671875 0.14921875 0.02890625
1 0.77265625 0.86796875 0.14921875 0.03125
1 0.92890625 0.87109375 0.1421875 0.02890625
1 0.07421875 0.87890625 0.1484375 0.0296875
1 0.2609375 0.8921875 0.14921875 0.02421875
1 0.41953125 0.8921875 0.14453125 0.0265625
1 0.77421875 0.89296875 0.14921875 0.02421875
1 0.5984375 0.89296875 0.1515625 0.0265625
1 0.92734375 0.89375 0.1453125 0.025
1 0.7828125 0.0921875 0.14921875 0.02890625
1 0.58515625 0.0921875 0.146875 0.02890625
1 0.78359375 0.009375 0.14921875 0.0171875
1 0.584375 0.009375 0.14921875 0.0171875
1 0.1046875 0.103125 0.1515625 0.02890625