1 0.17421875 0.16328125 0.2359375 0.0671875
1 0.5109375 0.17578125 0.26953125 0.06484375
1 0.74140625 0.18515625 0.18984375 0.06484375
1 0.1859375 0.25 0.228125 0.0625
1 0.51171875 0.25859375 0.26171875 0.06484375
1 0.740625 0.26171875 0.16796875 0.0796875
1 0.515625 0.33203125 0.259375 0.0625
1 0.1984375 0.33515625 0.2671875 0.06015625
1 0.7390625 0.33984375 0.16796875 0.06015625
1 0.5 0.7078125 1 0.165625
1 0.178125 0.078125 0.2234375 0.06953125
1 0.50859375 0.08671875 0.26953125 0.06953125
1 0.74140625 0.0890625 0.1921875 0.071875