1 0.571875 0.11875 0.23046875 0.0453125
1 0.7984375 0.13125 0.21640625 0.03828125
1 0.146875 0.1359375 0.2640625 0.04296875
1 0.36796875 0.1390625 0.14453125 0.05078125
1 0.571875 0.15625 0.228125 0.04296875
1 0.803125 0.1703125 0.21171875 0.04296875
1 0.1421875 0.18125 0.2640625 0.040625
1 0.3703125 0.1875 0.14453125 0.0484375
1 0.5734375 0.19453125 0.228125 0.0453125
1 0.803125 0.20703125 0.21640625 0.04296875
1 0.140625 0.228125 0.2640625 0.04296875
1 0.5734375 0.23046875 0.23046875 0.03828125
1 0.3703125 0.23203125 0.1390625 0.04296875
1 0.80546875 0.2453125 0.21171875 0.0453125
1 0.13671875 0.26796875 0.26171875 0.04296875
1 0.3703125 0.26953125 0.1390625 0.03828125
1 0.57421875 0.27265625 0.23046875 0.04296875
1 0.80546875 0.28359375 0.21171875 0.04296875
1 0.571875 0.30859375 0.22578125 0.04296875
1 0.3546875 0.30859375 0.1734375 0.03828125
1 0.140625 0.31484375 0.2640625 0.04296875
1 0.803125 0.3234375 0.21640625 0.03828125
1 0.3578125 0.3484375 0.1734375 0.03828125
1 0.56875 0.3484375 0.23046875 0.04296875
1 0.140625 0.359375 0.26171875 0.03828125
1 0.80390625 0.3609375 0.21171875 0.04296875
1 0.56953125 0.38828125 0.23046875 0.03828125
1 0.3609375 0.3890625 0.18046875 0.040625
1 0.80390625 0.396875 0.21171875 0.03828125
1 0.13671875 0.4046875 0.2640625 0.03828125
1 0.5671875 0.040625 0.23046875 0.04296875
1 0.5828125 0.4265625 0.22578125 0.04296875
1 0.3609375 0.4265625 0.1828125 0.0359375
1 0.8109375 0.43515625 0.21171875 0.03828125
1 0.13828125 0.44609375 0.2640625 0.04296875
1 0.58203125 0.46640625 0.23046875 0.03828125
1 0.36171875 0.46875 0.1828125 0.04296875
1 0.8078125 0.475 0.21640625 0.03828125
1 0.1390625 0.490625 0.2640625 0.04296875
1 0.36171875 0.5046875 0.18046875 0.03828125
1 0.5796875 0.50859375 0.23046875 0.03828125
1 0.8171875 0.51328125 0.209375 0.03828125
1 0.140625 0.53359375 0.2640625 0.0453125
1 0.3640625 0.546875 0.1875 0.040625
1 0.58515625 0.546875 0.2328125 0.03828125
1 0.82578125 0.54921875 0.21171875 0.0359375
1 0.1390625 0.58046875 0.2640625 0.04296875
1 0.82578125 0.58515625 0.209375 0.0359375
1 0.36171875 0.58671875 0.18046875 0.03828125
1 0.58671875 0.58671875 0.23046875 0.040625
1 0.8296875 0.6234375 0.21171875 0.03828125
1 0.1421875 0.625 0.2640625 0.04296875
1 0.3640625 0.625 0.178125 0.03828125
1 0.59375 0.6265625 0.25 0.03828125
1 0.828125 0.66015625 0.21171875 0.03828125
1 0.3640625 0.66484375 0.17578125 0.04296875
1 0.58671875 0.6671875 0.2328125 0.04296875
1 0.1453125 0.6671875 0.2640625 0.04296875
1 0.828125 0.69921875 0.21171875 0.04296875
1 0.5875 0.70546875 0.23046875 0.04296875
1 0.36640625 0.70703125 0.1734375 0.040625
1 0.14765625 0.71171875 0.2640625 0.0484375
1 0.8234375 0.7390625 0.21875 0.04296875
1 0.58671875 0.74609375 0.2359375 0.040625
1 0.3640625 0.74609375 0.1734375 0.03828125
1 0.1453125 0.75703125 0.2640625 0.0484375
1 0.56953125 0.08046875 0.23046875 0.04296875
1 0.890625 0.0890625 0.2015625 0.0578125