1 0.61796875 0.2671875 0.178125 0.03359375
1 0.2125 0.2671875 0.18515625 0.0359375
1 0.415625 0.271875 0.18515625 0.03359375
1 0.80078125 0.2828125 0.16328125 0.0265625
1 0.18125 0.30859375 0.18046875 0.0359375
1 0.61796875 0.31015625 0.17578125 0.03359375
1 0.415625 0.31640625 0.1828125 0.03359375
1 0.80078125 0.321875 0.1609375 0.02890625
1 0.615625 0.35234375 0.17578125 0.03359375
1 0.18359375 0.35546875 0.18046875 0.03359375
1 0.4109375 0.3609375 0.1828125 0.03125
1 0.79921875 0.3609375 0.16328125 0.02890625
1 0.61328125 0.3921875 0.1734375 0.03359375
1 0.80078125 0.4 0.16796875 0.03125
1 0.18515625 0.4015625 0.1828125 0.03359375
1 0.41015625 0.40234375 0.18515625 0.02890625
1 0.61171875 0.4328125 0.178125 0.0359375
1 0.803125 0.43984375 0.16796875 0.03125
1 0.17890625 0.44375 0.1828125 0.03359375
1 0.40859375 0.44453125 0.1828125 0.03125
1 0.61171875 0.47578125 0.17578125 0.03359375
1 0.80546875 0.4796875 0.16796875 0.03125
1 0.18125 0.48671875 0.18515625 0.03125
1 0.4109375 0.48828125 0.1828125 0.03359375
1 0.6109375 0.51953125 0.17578125 0.03359375
1 0.80625 0.5203125 0.16796875 0.03359375
1 0.4109375 0.52890625 0.18515625 0.03359375
1 0.18359375 0.5328125 0.18046875 0.03359375
1 0.79921875 0.55859375 0.165625 0.02890625
1 0.6109375 0.56953125 0.17578125 0.03125
1 0.41015625 0.571875 0.1828125 0.0359375
1 0.1828125 0.57578125 0.1828125 0.03828125
1 0.80390625 0.5984375 0.1703125 0.02890625
1 0.6078125 0.6109375 0.17578125 0.02890625
1 0.4109375 0.6140625 0.18515625 0.0359375
1 0.1828125 0.61875 0.1828125 0.03359375
1 0.8015625 0.63828125 0.1734375 0.03125
1 0.609375 0.65 0.17578125 0.03359375
1 0.41015625 0.6578125 0.1828125 0.03359375
1 0.18515625 0.66015625 0.1828125 0.03359375
1 0.803125 0.67890625 0.17578125 0.03125
1 0.6046875 0.69375 0.17578125 0.02890625
1 0.4109375 0.6984375 0.1828125 0.03125
1 0.18515625 0.703125 0.1828125 0.03828125
1 0.80078125 0.71875 0.1703125 0.03125
1 0.60703125 0.73203125 0.17578125 0.02890625
1 0.4109375 0.74140625 0.1828125 0.03359375
1 0.18515625 0.74609375 0.1828125 0.03359375
1 0.80078125 0.7609375 0.17578125 0.0265625
1 0.60703125 0.771875 0.17578125 0.03125
1 0.790625 0.78125 0.165625 0.021875
1 0.4125 0.7828125 0.18046875 0.02421875
1 0.18125 0.790625 0.18515625 0.0359375
1 0.60078125 0.79453125 0.16796875 0.021875
1 0.4109375 0.80859375 0.18046875 0.0265625
1 0.18984375 0.81953125 0.17578125 0.0265625