1 0.0984375 0.08984375 0.084375 0.0359375
1 0.91328125 0.09140625 0.09609375 0.02421875
1 0.7171875 0.09375 0.09609375 0.021875
1 0.2171875 0.09609375 0.08671875 0.0171875
1 0.8171875 0.09765625 0.09609375 0.021875
1 0.609375 0.0984375 0.09609375 0.021875
1 0.50390625 0.10234375 0.09609375 0.02421875
1 0.98671875 0.1046875 0.0265625 0.0171875
1 0.10078125 0.1109375 0.08203125 0.03359375
1 0.91328125 0.11171875 0.09609375 0.021875
1 0.4078125 0.1140625 0.09609375 0.0171875
1 0.7171875 0.115625 0.09609375 0.01953125
1 0.81640625 0.115625 0.09609375 0.01953125
1 0.21640625 0.11796875 0.0890625 0.01953125
1 0.021875 0.11796875 0.04296875 0.021875
1 0.31484375 0.11875 0.09140625 0.01953125
1 0.609375 0.11875 0.0984375 0.0171875
1 0.5046875 0.1234375 0.09609375 0.021875
1 0.98671875 0.1265625 0.0265625 0.021875
1 0.103125 0.12890625 0.08203125 0.03125
1 0.91328125 0.13203125 0.09609375 0.021875
1 0.21484375 0.13203125 0.0890625 0.021875
1 0.71640625 0.1359375 0.09609375 0.01953125
1 0.41015625 0.1359375 0.09375 0.021875
1 0.31484375 0.13671875 0.09140625 0.01953125
1 0.8171875 0.13671875 0.0984375 0.021875
1 0.02421875 0.13828125 0.0453125 0.021875
1 0.6078125 0.1390625 0.09609375 0.01953125
1 0.5046875 0.14296875 0.09375 0.021875
1 0.98515625 0.1453125 0.0296875 0.021875
1 0.1046875 0.14765625 0.08203125 0.03359375
1 0.91484375 0.1515625 0.09609375 0.01953125
1 0.21640625 0.15390625 0.08671875 0.01953125
1 0.81640625 0.1546875 0.09609375 0.0171875
1 0.41015625 0.15625 0.09375 0.021875
1 0.7125 0.15625 0.09609375 0.01953125
1 0.31640625 0.1578125 0.09375 0.021875
1 0.025 0.1578125 0.05 0.025
1 0.6078125 0.1609375 0.09609375 0.0171875
1 0.50625 0.16328125 0.09609375 0.01953125
1 0.10546875 0.1671875 0.084375 0.03359375
1 0.98671875 0.16796875 0.0265625 0.01953125
1 0.91484375 0.16953125 0.0984375 0.0265625
1 0.41015625 0.17421875 0.09375 0.01953125
1 0.7140625 0.17578125 0.09609375 0.01953125
1 0.21484375 0.1765625 0.09140625 0.01953125
1 0.81484375 0.178125 0.09609375 0.021875
1 0.3109375 0.178125 0.0890625 0.021875
1 0.025 0.178125 0.05 0.025
1 0.6078125 0.18125 0.09609375 0.021875
1 0.50625 0.1828125 0.09609375 0.0171875
1 0.10703125 0.1875 0.084375 0.02890625
1 0.98671875 0.1890625 0.0265625 0.021875
1 0.91328125 0.18984375 0.0984375 0.0265625
1 0.21484375 0.1921875 0.09140625 0.0140625
1 0.81484375 0.19453125 0.0984375 0.0140625
1 0.40859375 0.19453125 0.09375 0.01953125
1 0.3125 0.19609375 0.0890625 0.0171875
1 0.7125 0.19609375 0.0984375 0.01953125
1 0.02734375 0.1984375 0.0546875 0.025
1 0.6078125 0.20078125 0.09609375 0.021875
1 0.5046875 0.20546875 0.09375 0.01953125
1 0.109375 0.20703125 0.0890625 0.03125
1 0.98671875 0.209375 0.0265625 0.021875
1 0.915625 0.209375 0.0984375 0.021875
1 0.2125 0.2125 0.09140625 0.01953125
1 0.81640625 0.21484375 0.09609375 0.021875
1 0.40859375 0.21640625 0.09609375 0.021875
1 0.71015625 0.21640625 0.09609375 0.01953125
1 0.3109375 0.21640625 0.09375 0.021875
1 0.02734375 0.21640625 0.0546875 0.0234375
1 0.60546875 0.2203125 0.09609375 0.021875
1 0.50390625 0.2234375 0.09375 0.01953125
1 0.109375 0.228125 0.08671875 0.02890625
1 0.98671875 0.2296875 0.0265625 0.01953125
1 0.915625 0.23203125 0.09375 0.021875
1 0.2125 0.23203125 0.09140625 0.0171875
1 0.4078125 0.2359375 0.09375 0.0171875
1 0.31015625 0.2359375 0.09140625 0.021875
1 0.71171875 0.23671875 0.09609375 0.021875
1 0.8140625 0.23671875 0.09609375 0.021875
1 0.02734375 0.2375 0.0546875 0.01875
1 0.60703125 0.240625 0.09609375 0.0171875
1 0.50859375 0.2453125 0.09609375 0.01953125
1 0.1109375 0.24609375 0.08671875 0.02890625
1 0.98671875 0.25 0.0265625 0.021875
1 0.915625 0.25 0.0984375 0.01953125
1 0.21171875 0.2515625 0.0890625 0.0171875
1 0.40859375 0.2546875 0.09609375 0.01953125
1 0.31015625 0.25625 0.09140625 0.01953125
1 0.71015625 0.25703125 0.0984375 0.01953125
1 0.8140625 0.25703125 0.0984375 0.0171875
1 0.02734375 0.25625 0.0546875 0.021875
1 0.60703125 0.2609375 0.09609375 0.0171875
1 0.50703125 0.26171875 0.09609375 0.02421875
1 0.109375 0.2671875 0.08671875 0.0265625
1 0.98671875 0.26953125 0.0265625 0.01953125
1 0.91484375 0.27265625 0.09609375 0.021875
1 0.209375 0.27265625 0.08671875 0.01953125
1 0.3109375 0.275 0.0890625 0.0171875
1 0.41328125 0.275 0.09140625 0.0171875
1 0.02734375 0.27421875 0.0546875 0.0234375
1 0.709375 0.27734375 0.0984375 0.021875
1 0.8109375 0.27734375 0.09609375 0.021875
1 0.6046875 0.2796875 0.09609375 0.021875
1 0.50703125 0.2828125 0.0984375 0.021875
1 0.1109375 0.2875 0.08671875 0.02890625
1 0.98671875 0.28828125 0.0265625 0.01953125
1 0.91328125 0.2921875 0.0984375 0.021875
1 0.2078125 0.2921875 0.0890625 0.01953125
1 0.0265625 0.29296875 0.053125 0.02421875
1 0.4125 0.29453125 0.09375 0.0171875
1 0.3109375 0.2953125 0.09375 0.021875
1 0.709375 0.296875 0.09609375 0.021875
1 0.80859375 0.2984375 0.0984375 0.01953125
1 0.60546875 0.30078125 0.0984375 0.01953125
1 0.1078125 0.30390625 0.0890625 0.02890625
1 0.50859375 0.30390625 0.09609375 0.02421875
1 0.98671875 0.3109375 0.0265625 0.021875
1 0.0265625 0.3109375 0.05078125 0.02421875
1 0.20703125 0.3125 0.08671875 0.021875
1 0.91484375 0.3125 0.0984375 0.0265625
1 0.4078125 0.3140625 0.09375 0.01953125
1 0.3109375 0.31484375 0.09140625 0.021875
1 0.71015625 0.3171875 0.0984375 0.01953125
1 0.80859375 0.3171875 0.10078125 0.01953125
1 0.6046875 0.32109375 0.09609375 0.01953125
1 0.50625 0.321875 0.09609375 0.01953125
1 0.1078125 0.32421875 0.08671875 0.02890625
1 0.02734375 0.3296875 0.0546875 0.021875
1 0.98671875 0.33203125 0.0265625 0.01953125
1 0.4046875 0.3328125 0.09375 0.01953125
1 0.31015625 0.3328125 0.09140625 0.021875
1 0.2078125 0.334375 0.0890625 0.01953125
1 0.915625 0.33515625 0.0984375 0.01953125
1 0.7078125 0.33671875 0.09609375 0.01953125
1 0.81015625 0.3390625 0.0984375 0.021875
1 0.60546875 0.34140625 0.09609375 0.021875
1 0.50703125 0.34375 0.09609375 0.021875
1 0.1078125 0.3453125 0.08671875 0.0265625
1 0.02734375 0.35 0.0546875 0.021875
1 0.20703125 0.35078125 0.09140625 0.021875
1 0.98671875 0.35234375 0.0265625 0.01953125
1 0.40625 0.353125 0.09375 0.021875
1 0.915625 0.353125 0.0984375 0.0265625
1 0.31015625 0.3546875 0.0890625 0.01953125
1 0.70546875 0.35703125 0.0984375 0.021875
1 0.81015625 0.3609375 0.0984375 0.021875
1 0.60546875 0.36171875 0.09609375 0.01953125
1 0.50859375 0.36328125 0.09609375 0.021875
1 0.1078125 0.365625 0.08671875 0.02421875
1 0.0265625 0.36640625 0.053125 0.021875
1 0.98671875 0.37265625 0.0265625 0.021875
1 0.2078125 0.3734375 0.09140625 0.021875
1 0.30859375 0.3734375 0.0890625 0.01953125
1 0.40625 0.3734375 0.09375 0.01953125
1 0.71015625 0.375 0.0984375 0.021875
1 0.81484375 0.38125 0.0984375 0.0171875
1 0.60703125 0.38203125 0.09609375 0.021875
1 0.50859375 0.38359375 0.09609375 0.021875
1 0.10703125 0.38671875 0.08671875 0.02421875
1 0.0296875 0.3875 0.059375 0.021875
1 0.98671875 0.3921875 0.0265625 0.021875
1 0.20703125 0.39296875 0.09375 0.021875
1 0.9234375 0.39296875 0.10078125 0.021875
1 0.40625 0.39296875 0.09375 0.021875
1 0.3078125 0.39296875 0.09140625 0.021875
1 0.7078125 0.39765625 0.09609375 0.021875
1 0.8171875 0.4 0.10078125 0.01953125
1 0.60546875 0.40390625 0.09609375 0.0171875
1 0.11171875 0.4046875 0.084375 0.02421875
1 0.5 0.4046875 0.09609375 0.021875
1 0.0296875 0.40625 0.059375 0.021875
1 0.4046875 0.4109375 0.09375 0.02421875
1 0.98515625 0.4125 0.0296875 0.021875
1 0.20703125 0.4125 0.09140625 0.01953125
1 0.9203125 0.4125 0.09609375 0.0171875
1 0.3078125 0.41328125 0.09140625 0.01953125
1 0.7078125 0.41953125 0.10078125 0.021875
1 0.6046875 0.4234375 0.0984375 0.021875
1 0.81640625 0.4234375 0.10078125 0.021875
1 0.1078125 0.42421875 0.08203125 0.02421875
1 0.5015625 0.42578125 0.09609375 0.021875
1 0.02890625 0.42578125 0.0578125 0.01953125
1 0.2046875 0.43046875 0.09140625 0.021875
1 0.98515625 0.43203125 0.0296875 0.0203125
1 0.4046875 0.43359375 0.09609375 0.021875
1 0.30625 0.43359375 0.09140625 0.01953125
1 0.91953125 0.43515625 0.0984375 0.01953125
1 0.70703125 0.43984375 0.09609375 0.021875
1 0.603125 0.44453125 0.0984375 0.021875
1 0.8140625 0.44453125 0.0984375 0.021875
1 0.50234375 0.44453125 0.09609375 0.01953125
1 0.109375 0.44609375 0.084375 0.021875
1 0.02734375 0.4453125 0.0546875 0.021875
1 0.209375 0.4515625 0.09375 0.01953125
1 0.98515625 0.453125 0.0296875 0.021875
1 0.30625 0.4546875 0.09375 0.021875
1 0.40390625 0.4546875 0.09375 0.01953125
1 0.91796875 0.45546875 0.10078125 0.01953125
1 0.70703125 0.46015625 0.0984375 0.021875
1 0.8140625 0.4640625 0.0984375 0.01953125
1 0.109375 0.46484375 0.08203125 0.01953125
1 0.603125 0.46484375 0.10078125 0.021875
1 0.02890625 0.46484375 0.0578125 0.021875
1 0.5015625 0.46640625 0.09609375 0.021875
1 0.209375 0.47109375 0.09140625 0.01953125
1 0.4015625 0.4734375 0.09609375 0.021875
1 0.984375 0.475 0.03125 0.021875
1 0.303125 0.475 0.09375 0.01953125
1 0.91953125 0.478125 0.10078125 0.02421875
1 0.70703125 0.48203125 0.09609375 0.021875
1 0.0296875 0.48203125 0.059375 0.0171875
1 0.1109375 0.48203125 0.08203125 0.021875
1 0.8140625 0.4828125 0.0984375 0.01953125
1 0.60234375 0.484375 0.10078125 0.021875
1 0.50390625 0.48671875 0.0984375 0.021875
1 0.209375 0.490625 0.09140625 0.021875
1 0.4 0.49296875 0.09375 0.01953125
1 0.984375 0.4953125 0.03125 0.01953125
1 0.303125 0.4953125 0.09375 0.021875
1 0.91796875 0.4984375 0.09609375 0.021875
1 0.02890625 0.5015625 0.0578125 0.01953125
1 0.70546875 0.5015625 0.0984375 0.021875
1 0.11171875 0.50234375 0.08671875 0.01953125
1 0.8125 0.5046875 0.0984375 0.021875
1 0.50390625 0.50625 0.09609375 0.01953125
1 0.60078125 0.50703125 0.0984375 0.02421875
1 0.2046875 0.5109375 0.09140625 0.021875
1 0.39921875 0.51328125 0.09375 0.021875
1 0.98515625 0.5140625 0.0296875 0.021875
1 0.3015625 0.5140625 0.09375 0.01953125
1 0.9234375 0.5171875 0.09609375 0.02421875
1 0.703125 0.521875 0.0984375 0.01953125
1 0.02734375 0.52109375 0.0546875 0.0203125
1 0.115625 0.52421875 0.08671875 0.021875
1 0.8109375 0.525 0.0984375 0.01953125
1 0.50234375 0.525 0.09609375 0.021875
1 0.60234375 0.5265625 0.09609375 0.01953125
1 0.2046875 0.53125 0.09140625 0.021875
1 0.4 0.53359375 0.09375 0.021875
1 0.98671875 0.5359375 0.0265625 0.021875
1 0.29921875 0.5359375 0.09375 0.021875
1 0.9125 0.05390625 0.09375 0.0171875
1 0.92578125 0.53828125 0.09609375 0.02421875
1 0.7015625 0.5421875 0.10078125 0.021875
1 0.115625 0.5421875 0.08671875 0.01953125
1 0.02734375 0.5421875 0.0546875 0.021875
1 0.8109375 0.54296875 0.09609375 0.01953125
1 0.71875 0.05546875 0.09609375 0.021875
1 0.50234375 0.546875 0.09609375 0.021875
1 0.60234375 0.546875 0.09609375 0.021875
1 0.2046875 0.55078125 0.09140625 0.01953125
1 0.39921875 0.55390625 0.09375 0.021875
1 0.98671875 0.55390625 0.0265625 0.021875
1 0.2984375 0.55625 0.09375 0.01953125
1 0.92578125 0.55859375 0.09609375 0.01953125
1 0.11328125 0.5609375 0.084375 0.0171875
1 0.81015625 0.5640625 0.10078125 0.021875
1 0.0296875 0.56328125 0.059375 0.0203125
1 0.2390625 0.5640625 0.00703125 0.00234375
1 0.7046875 0.56484375 0.0984375 0.021875
1 0.50625 0.5671875 0.0984375 0.02421875
1 0.6046875 0.5671875 0.0984375 0.021875
1 0.8171875 0.0578125 0.09609375 0.0171875
1 0.20078125 0.571875 0.09140625 0.01953125
1 0.4 0.5734375 0.09375 0.021875
1 0.98671875 0.57421875 0.0265625 0.01953125
1 0.296875 0.578125 0.09140625 0.01953125
1 0.92421875 0.58046875 0.09375 0.021875
1 0.1078125 0.58046875 0.0890625 0.01953125
1 0.03125 0.58203125 0.0625 0.01953125
1 0.8109375 0.5828125 0.0984375 0.01953125
1 0.703125 0.58671875 0.0984375 0.01953125
1 0.603125 0.58671875 0.0984375 0.0171875
1 0.50390625 0.5890625 0.0984375 0.021875
1 0.39765625 0.5921875 0.09609375 0.01953125
1 0.20078125 0.59375 0.09140625 0.01953125
1 0.9875 0.5953125 0.025 0.021875
1 0.2984375 0.59765625 0.09375 0.01953125
1 0.9265625 0.5984375 0.09609375 0.021875
1 0.0328125 0.6 0.06484375 0.01953125
1 0.109375 0.60078125 0.0890625 0.01953125
1 0.8140625 0.6046875 0.0984375 0.021875
1 0.7015625 0.60703125 0.0984375 0.021875
1 0.60078125 0.609375 0.0984375 0.021875
1 0.50234375 0.609375 0.09609375 0.021875
1 0.39765625 0.6109375 0.09375 0.0171875
1 0.19921875 0.6140625 0.09140625 0.01953125
1 0.296875 0.615625 0.09375 0.01953125
1 0.9890625 0.61796875 0.021875 0.021875
1 0.03125 0.61875 0.0625 0.021875
1 0.9265625 0.6203125 0.0984375 0.021875
1 0.1078125 0.62109375 0.08671875 0.01953125
1 0.8140625 0.625 0.0984375 0.01953125
1 0.70078125 0.6265625 0.10078125 0.0171875
1 0.5 0.6296875 0.0984375 0.021875
1 0.6 0.6296875 0.0984375 0.021875
1 0.39765625 0.63203125 0.09609375 0.01953125
1 0.1984375 0.6359375 0.0890625 0.021875
1 0.296875 0.6359375 0.09375 0.021875
1 0.9890625 0.6390625 0.021875 0.021875
1 0.03125 0.6390625 0.0625 0.02421875
1 0.9203125 0.640625 0.09140625 0.02421875
1 0.10703125 0.640625 0.0890625 0.01953125
1 0.8140625 0.646875 0.10078125 0.021875
1 0.7046875 0.646875 0.0984375 0.02421875
1 0.5984375 0.65 0.0984375 0.021875
1 0.4 0.6515625 0.0984375 0.021875
1 0.4984375 0.6515625 0.0984375 0.02421875
1 0.1984375 0.6546875 0.09140625 0.01953125
1 0.296875 0.65625 0.09375 0.021875
1 0.9875 0.065625 0.025 0.021875
1 0.0296875 0.6578125 0.059375 0.021875
1 0.10703125 0.6609375 0.0890625 0.021875
1 0.9890625 0.66015625 0.021875 0.021875
1 0.92421875 0.66328125 0.0984375 0.02421875
1 0.8109375 0.6671875 0.09609375 0.021875
1 0.703125 0.66953125 0.09609375 0.021875
1 0.5984375 0.671875 0.0984375 0.01953125
1 0.5015625 0.6734375 0.0984375 0.021875
1 0.39765625 0.6734375 0.09609375 0.02421875
1 0.19921875 0.67421875 0.09140625 0.01953125
1 0.30078125 0.67421875 0.09375 0.01953125
1 0.02890625 0.67890625 0.0578125 0.021875
1 0.10703125 0.67890625 0.0890625 0.021875
1 0.9890625 0.6828125 0.021875 0.021875
1 0.92421875 0.68359375 0.0984375 0.021875
1 0.70078125 0.6890625 0.0984375 0.021875
1 0.8109375 0.6890625 0.0984375 0.021875
1 0.4984375 0.6921875 0.0984375 0.021875
1 0.59765625 0.6921875 0.0984375 0.021875
1 0.396875 0.69375 0.09609375 0.02421875
1 0.30078125 0.69453125 0.09375 0.021875
1 0.196875 0.69609375 0.0890625 0.021875
1 0.10546875 0.69921875 0.09140625 0.01953125
1 0.0296875 0.7 0.059375 0.021875
1 0.9234375 0.703125 0.09609375 0.021875
1 0.8109375 0.7078125 0.09609375 0.0171875
1 0.70078125 0.71015625 0.0984375 0.021875
1 0.4984375 0.71171875 0.09609375 0.01953125
1 0.59765625 0.7125 0.0984375 0.0171875
1 0.39921875 0.7140625 0.09609375 0.01953125
1 0.29921875 0.71640625 0.09609375 0.02421875
1 0.19609375 0.71640625 0.09375 0.01953125
1 0.0296875 0.7171875 0.0578125 0.01953125
1 0.1046875 0.7171875 0.0890625 0.0171875
1 0.91328125 0.071875 0.09609375 0.021875
1 0.71875 0.07578125 0.09609375 0.021875
1 0.8171875 0.07578125 0.0984375 0.0171875
1 0.6109375 0.0796875 0.09609375 0.021875
1 0.50625 0.08515625 0.09140625 0.02421875
1 0.9875 0.08359375 0.025 0.0203125