1 0.634375 0.1109375 0.10078125 0.01953125
1 0.86875 0.11328125 0.10078125 0.0265625
1 0.3296875 0.11328125 0.10078125 0.02890625
1 0.43046875 0.1140625 0.10078125 0.02421875
1 0.9625 0.1140625 0.07421875 0.0265625
1 0.53125 0.1140625 0.0984375 0.02421875
1 0.7609375 0.11640625 0.10078125 0.021875
1 0.02890625 0.12890625 0.0578125 0.02421875
1 0.2203125 0.13125 0.10078125 0.02421875
1 0.63671875 0.134375 0.103125 0.021875
1 0.109375 0.134375 0.10078125 0.03125
1 0.87109375 0.1359375 0.10078125 0.02890625
1 0.9640625 0.1359375 0.071875 0.021875
1 0.3296875 0.13828125 0.10078125 0.03359375
1 0.53125 0.13828125 0.09609375 0.02890625
1 0.43046875 0.1390625 0.10078125 0.02421875
1 0.7609375 0.14296875 0.10078125 0.0265625
1 0.0296875 0.153125 0.059375 0.025
1 0.2171875 0.16015625 0.10078125 0.02890625
1 0.64296875 0.16015625 0.10078125 0.02890625
1 0.11171875 0.1609375 0.10078125 0.03359375
1 0.9625 0.16328125 0.071875 0.0265625
1 0.32578125 0.16328125 0.0984375 0.03359375
1 0.87265625 0.16484375 0.10078125 0.02421875
1 0.42890625 0.16484375 0.0984375 0.02890625
1 0.53125 0.165625 0.10078125 0.02890625
1 0.76171875 0.16953125 0.103125 0.02890625
1 0.03125 0.17890625 0.0578125 0.03125
1 0.21640625 0.18515625 0.10078125 0.02890625
1 0.6453125 0.1859375 0.10078125 0.02421875
1 0.1109375 0.1859375 0.0984375 0.03359375
1 0.87265625 0.18984375 0.10546875 0.0265625
1 0.32578125 0.18984375 0.10078125 0.03359375
1 0.96640625 0.18984375 0.0671875 0.02421875
1 0.428125 0.18984375 0.10078125 0.02421875
1 0.5328125 0.19140625 0.10078125 0.02890625
1 0.7609375 0.19453125 0.10078125 0.02421875
1 0.0296875 0.20625 0.059375 0.028125
1 0.6453125 0.21171875 0.10078125 0.02421875
1 0.1109375 0.21171875 0.10078125 0.02890625
1 0.21640625 0.21171875 0.0984375 0.02890625
1 0.9625 0.21171875 0.071875 0.021875
1 0.3234375 0.21484375 0.0984375 0.02890625
1 0.5296875 0.21484375 0.0984375 0.02421875
1 0.87109375 0.21640625 0.10078125 0.02421875
1 0.4265625 0.2171875 0.10078125 0.0265625
1 0.75859375 0.2203125 0.0984375 0.02421875
1 0.02890625 0.228125 0.0578125 0.02890625
1 0.64296875 0.2359375 0.10078125 0.02890625
1 0.11171875 0.2359375 0.09609375 0.03125
1 0.21484375 0.2359375 0.0984375 0.03125
1 0.9625 0.23828125 0.07421875 0.021875
1 0.53125 0.240625 0.10078125 0.02890625
1 0.865625 0.24140625 0.10078125 0.02890625
1 0.31875 0.24140625 0.0984375 0.03125
1 0.4265625 0.24296875 0.0984375 0.02890625
1 0.7609375 0.24609375 0.10078125 0.02890625
1 0.0296875 0.25625 0.0578125 0.02890625
1 0.21640625 0.2609375 0.10078125 0.03125
1 0.64296875 0.2609375 0.10078125 0.02890625
1 0.11328125 0.26328125 0.09609375 0.02890625
1 0.9625 0.2640625 0.07421875 0.02421875
1 0.31640625 0.2640625 0.10078125 0.02890625
1 0.428125 0.265625 0.10078125 0.02890625
1 0.86875 0.265625 0.10078125 0.02890625
1 0.5296875 0.265625 0.10078125 0.02890625
1 0.759375 0.2703125 0.10078125 0.02890625
1 0.0296875 0.27890625 0.059375 0.0265625
1 0.21484375 0.2859375 0.10078125 0.02890625
1 0.11171875 0.2859375 0.09609375 0.03359375
1 0.9625 0.2875 0.071875 0.0265625
1 0.64453125 0.2875 0.10078125 0.02421875
1 0.86796875 0.290625 0.10078125 0.02890625
1 0.3171875 0.290625 0.10078125 0.02890625
1 0.4265625 0.2921875 0.0984375 0.02890625
1 0.53359375 0.2921875 0.10078125 0.02890625
1 0.75859375 0.29453125 0.10078125 0.02421875
1 0.0296875 0.30390625 0.0578125 0.02421875
1 0.1109375 0.3109375 0.10078125 0.03359375
1 0.64296875 0.3125 0.10078125 0.02421875
1 0.21484375 0.3125 0.0984375 0.02890625
1 0.9625 0.3140625 0.071875 0.02421875
1 0.3171875 0.31484375 0.10078125 0.0265625
1 0.86875 0.31640625 0.10078125 0.03125
1 0.4265625 0.31640625 0.0984375 0.03125
1 0.52890625 0.31640625 0.10078125 0.02421875
1 0.75703125 0.32109375 0.10078125 0.0265625
1 0.0296875 0.3296875 0.0578125 0.0265625
1 0.11171875 0.334375 0.10078125 0.02890625
1 0.21640625 0.33671875 0.10078125 0.02890625
1 0.8703125 0.3390625 0.10078125 0.0265625
1 0.9625 0.3390625 0.07421875 0.02421875
1 0.6421875 0.33984375 0.10078125 0.02421875
1 0.428125 0.34140625 0.10078125 0.02421875
1 0.31875 0.3421875 0.10078125 0.02890625
1 0.5328125 0.3421875 0.10078125 0.03125
1 0.75859375 0.3453125 0.10078125 0.02890625
1 0.02890625 0.3546875 0.0578125 0.02421875
1 0.11171875 0.3609375 0.10078125 0.02890625
1 0.21484375 0.36328125 0.10078125 0.03125
1 0.6421875 0.3640625 0.10078125 0.0265625
1 0.9640625 0.3640625 0.071875 0.0265625
1 0.4265625 0.36640625 0.10078125 0.02421875
1 0.87109375 0.36640625 0.10078125 0.0265625
1 0.3171875 0.36640625 0.10078125 0.02890625
1 0.53125 0.36640625 0.10078125 0.0265625
1 0.759375 0.37265625 0.10078125 0.02890625
1 0.02734375 0.37890625 0.0546875 0.0234375
1 0.10703125 0.3859375 0.10078125 0.02890625
1 0.2140625 0.38671875 0.09609375 0.03125
1 0.6390625 0.390625 0.10078125 0.02421875
1 0.96484375 0.3921875 0.06953125 0.02421875
1 0.31875 0.3921875 0.10078125 0.02890625
1 0.53125 0.39296875 0.10078125 0.02890625
1 0.86875 0.39296875 0.10078125 0.021875
1 0.42578125 0.39453125 0.10078125 0.02421875
1 0.759375 0.396875 0.10078125 0.02890625
1 0.02734375 0.403125 0.0546875 0.025
1 0.1078125 0.41015625 0.09609375 0.02890625
1 0.21171875 0.41328125 0.10078125 0.02890625
1 0.640625 0.41484375 0.10078125 0.02421875
1 0.31875 0.4171875 0.10078125 0.02890625
1 0.42578125 0.4171875 0.10078125 0.02890625
1 0.9640625 0.41796875 0.071875 0.02421875
1 0.865625 0.41953125 0.10078125 0.02890625
1 0.76328125 0.4203125 0.10078125 0.0265625
1 0.53125 0.4203125 0.10078125 0.02421875
1 0.02734375 0.428125 0.0546875 0.028125
1 0.1078125 0.43515625 0.10078125 0.03125
1 0.21171875 0.4375 0.10078125 0.02890625
1 0.31875 0.44140625 0.10078125 0.02890625
1 0.6390625 0.4421875 0.10078125 0.02890625
1 0.5328125 0.4421875 0.10078125 0.02421875
1 0.4265625 0.4421875 0.10078125 0.02890625
1 0.96484375 0.44375 0.06953125 0.02421875
1 0.86796875 0.44453125 0.10078125 0.02421875
1 0.76171875 0.44609375 0.10078125 0.02890625
1 0.02734375 0.453125 0.053125 0.02421875
1 0.109375 0.46171875 0.10078125 0.0265625
1 0.21015625 0.4640625 0.10078125 0.02890625
1 0.6421875 0.46640625 0.10078125 0.0265625
1 0.31875 0.4671875 0.10078125 0.03359375
1 0.96640625 0.4671875 0.0671875 0.02421875
1 0.4265625 0.4703125 0.10078125 0.03359375
1 0.53515625 0.4703125 0.10078125 0.03125
1 0.86640625 0.47109375 0.10078125 0.0265625
1 0.76328125 0.4734375 0.10078125 0.02890625
1 0.02734375 0.4796875 0.053125 0.0265625
1 0.1078125 0.484375 0.10078125 0.01953125
1 0.21171875 0.48828125 0.10078125 0.02421875
1 0.31875 0.49296875 0.10078125 0.02890625
1 0.4265625 0.49296875 0.10078125 0.0265625
1 0.5375 0.49296875 0.10078125 0.02421875
1 0.6421875 0.49375 0.0984375 0.02421875
1 0.96640625 0.4953125 0.0671875 0.02421875
1 0.8703125 0.49609375 0.103125 0.03359375
1 0.7609375 0.49765625 0.10078125 0.01953125
1 0.02734375 0.50390625 0.0546875 0.0234375
1 0.109375 0.5109375 0.10078125 0.02421875
1 0.21171875 0.5140625 0.10078125 0.02890625
1 0.4265625 0.515625 0.10078125 0.0265625
1 0.321875 0.5171875 0.10078125 0.02890625
1 0.9671875 0.51953125 0.0625 0.02421875
1 0.64296875 0.5203125 0.0984375 0.0265625
1 0.87265625 0.5203125 0.10078125 0.03125
1 0.53828125 0.5203125 0.10078125 0.02890625
1 0.75859375 0.52265625 0.10078125 0.0265625
1 0.0265625 0.52890625 0.053125 0.02421875
1 0.10546875 0.53515625 0.10078125 0.02421875
1 0.21171875 0.5359375 0.10078125 0.02890625
1 0.32109375 0.5421875 0.10078125 0.02421875
1 0.428125 0.54296875 0.10078125 0.0265625
1 0.9671875 0.5421875 0.06484375 0.0265625
1 0.64296875 0.5453125 0.10078125 0.0265625
1 0.87265625 0.5453125 0.10078125 0.0265625
1 0.5375 0.5453125 0.0984375 0.02421875
1 0.75703125 0.546875 0.10078125 0.021875
1 0.0296875 0.103125 0.0578125 0.0265625
1 0.21484375 0.1078125 0.10078125 0.02421875
1 0.109375 0.109375 0.0984375 0.02890625