1 0.3328125 0.115625 0.28359375 0.04296875
1 0.0921875 0.11953125 0.184375 0.0390625
1 0.6234375 0.1203125 0.290625 0.0484375
1 0.90234375 0.1609375 0.19453125 0.04296875
1 0.3328125 0.1671875 0.28828125 0.0484375
1 0.0921875 0.1671875 0.184375 0.0375
1 0.6265625 0.16953125 0.29296875 0.0453125
1 0.62265625 0.21171875 0.290625 0.03359375
1 0.33203125 0.2125 0.2859375 0.0453125
1 0.0921875 0.21640625 0.184375 0.0359375
1 0.9015625 0.2171875 0.196875 0.0453125
1 0.33203125 0.02421875 0.28359375 0.04296875
1 0.33203125 0.25625 0.28828125 0.0484375
1 0.6234375 0.25859375 0.29296875 0.05546875
1 0.62265625 0.0265625 0.29296875 0.053125
1 0.09375 0.2640625 0.18515625 0.03828125
1 0.884375 0.02734375 0.23046875 0.04296875
1 0.9015625 0.27421875 0.196875 0.0484375
1 0.09375 0.02890625 0.1875 0.03828125
1 0.328125 0.3078125 0.28828125 0.03828125
1 0.62265625 0.30859375 0.2953125 0.05546875
1 0.09140625 0.3125 0.1828125 0.03828125
1 0.90234375 0.33203125 0.1921875 0.053125
1 0.3296875 0.3546875 0.28828125 0.0453125
1 0.62109375 0.3609375 0.29296875 0.04296875
1 0.09140625 0.3609375 0.1828125 0.03828125
1 0.9046875 0.38828125 0.18984375 0.0578125
1 0.328125 0.40234375 0.28828125 0.05078125
1 0.09140625 0.40625 0.1828125 0.0359375
1 0.62109375 0.40625 0.29296875 0.0453125
1 0.915625 0.44609375 0.16796875 0.06015625
1 0.3265625 0.45078125 0.28828125 0.0453125
1 0.09140625 0.45546875 0.18046875 0.040625
1 0.6203125 0.45546875 0.29296875 0.0453125
1 0.3234375 0.5015625 0.290625 0.04296875
1 0.0890625 0.50234375 0.178125 0.03828125
1 0.6203125 0.50390625 0.29296875 0.04296875
1 0.91171875 0.5109375 0.1765625 0.053125
1 0.32578125 0.5453125 0.28828125 0.04296875
1 0.0890625 0.55078125 0.178125 0.03828125
1 0.6203125 0.5515625 0.2953125 0.0484375
1 0.9125 0.5734375 0.1734375 0.053125
1 0.32578125 0.59375 0.29296875 0.03125
1 0.0890625 0.5984375 0.178125 0.040625
1 0.62109375 0.6 0.2953125 0.03828125
1 0.91328125 0.634375 0.1734375 0.053125
1 0.31875 0.64453125 0.28828125 0.04296875
1 0.61875 0.646875 0.29296875 0.03828125
1 0.08515625 0.646875 0.1703125 0.04296875
1 0.3328125 0.06875 0.28359375 0.053125
1 0.31953125 0.69140625 0.290625 0.04296875
1 0.61796875 0.69453125 0.2953125 0.04296875
1 0.08671875 0.69609375 0.1734375 0.04296875
1 0.9125 0.6984375 0.1734375 0.053125
1 0.0921875 0.07109375 0.184375 0.0359375
1 0.6234375 0.0734375 0.29296875 0.053125
1 0.321875 0.74140625 0.29296875 0.03828125
1 0.6203125 0.74375 0.29296875 0.0484375
1 0.08515625 0.7453125 0.16796875 0.040625
1 0.9125 0.76171875 0.1734375 0.0578125
1 0.31640625 0.78984375 0.29296875 0.03828125
1 0.0828125 0.7921875 0.165625 0.04296875
1 0.61328125 0.79921875 0.2984375 0.04296875
1 0.9109375 0.82421875 0.178125 0.053125
1 0.3140625 0.83984375 0.29296875 0.03828125
1 0.08203125 0.8421875 0.16328125 0.03828125
1 0.6109375 0.84375 0.30078125 0.0359375
1 0.9109375 0.88203125 0.178125 0.0484375
1 0.30546875 0.8859375 0.2984375 0.03828125
1 0.6078125 0.8859375 0.30078125 0.03359375
1 0.0765625 0.8859375 0.153125 0.034375
1 0.9046875 0.10078125 0.18984375 0.0484375