1 0.9015625 0.875 0.196875 0.053125
1 0.6890625 0.875 0.2015625 0.04296875
1 0.4859375 0.8765625 0.19921875 0.03828125
1 0.27421875 0.8796875 0.19453125 0.04296875
1 0.08515625 0.88125 0.1703125 0.04296875
1 0.09140625 0.09375 0.1828125 0.04296875
1 0.8953125 0.103125 0.209375 0.05078125
1 0.67578125 0.115625 0.2015625 0.04296875
1 0.2796875 0.11640625 0.18984375 0.06953125
1 0.46875 0.1265625 0.19921875 0.04296875
1 0.0921875 0.1390625 0.1828125 0.03359375
1 0.9015625 0.1609375 0.196875 0.0453125
1 0.67578125 0.16484375 0.2015625 0.0484375
1 0.27421875 0.178125 0.1875 0.04296875
1 0.4703125 0.18125 0.2015625 0.04296875
1 0.08984375 0.1828125 0.1796875 0.0375
1 0.9046875 0.2140625 0.1875 0.04296875
1 0.68515625 0.21640625 0.196875 0.0359375
1 0.2828125 0.02265625 0.18984375 0.04296875
1 0.275 0.22734375 0.1875 0.040625
1 0.48203125 0.2296875 0.19921875 0.04296875
1 0.0890625 0.23046875 0.178125 0.03359375
1 0.6921875 0.265625 0.2046875 0.0484375
1 0.9046875 0.265625 0.18984375 0.04296875
1 0.27421875 0.2765625 0.196875 0.0484375
1 0.47578125 0.2796875 0.2046875 0.04296875
1 0.08671875 0.28125 0.1734375 0.04296875
1 0.68359375 0.3171875 0.2015625 0.0484375
1 0.9046875 0.3171875 0.18984375 0.040625
1 0.271875 0.32578125 0.196875 0.04296875
1 0.4734375 0.3265625 0.196875 0.0484375
1 0.08046875 0.3328125 0.15859375 0.04296875
1 0.475 0.03359375 0.196875 0.053125
1 0.89609375 0.3625 0.2078125 0.053125
1 0.6890625 0.36328125 0.2015625 0.0484375
1 0.2703125 0.3765625 0.19921875 0.0484375
1 0.47578125 0.3796875 0.19921875 0.04296875
1 0.0796875 0.3859375 0.15859375 0.0484375
1 0.68984375 0.41484375 0.2046875 0.053125
1 0.9 0.415625 0.19921875 0.053125
1 0.47265625 0.42578125 0.19921875 0.0484375
1 0.26953125 0.428125 0.196875 0.04296875
1 0.078125 0.43125 0.15625 0.04296875
1 0.08984375 0.0421875 0.1796875 0.03125
1 0.89609375 0.46640625 0.2078125 0.0484375
1 0.69140625 0.4671875 0.2046875 0.053125
1 0.47109375 0.47578125 0.19921875 0.0484375
1 0.26953125 0.47734375 0.196875 0.0453125
1 0.08046875 0.4796875 0.1609375 0.0359375
1 0.89921875 0.05078125 0.2015625 0.053125
1 0.9 0.51796875 0.19921875 0.0484375
1 0.6890625 0.51953125 0.20703125 0.053125
1 0.271875 0.5265625 0.19921875 0.0484375
1 0.47265625 0.5296875 0.196875 0.03828125
1 0.08203125 0.5296875 0.16328125 0.0359375
1 0.89765625 0.5671875 0.2046875 0.0484375
1 0.69375 0.571875 0.2015625 0.040625
1 0.4734375 0.57578125 0.196875 0.04296875
1 0.275 0.5765625 0.196875 0.040625
1 0.08203125 0.58046875 0.16328125 0.040625
1 0.89921875 0.6203125 0.2015625 0.053125
1 0.68984375 0.6234375 0.2015625 0.0484375
1 0.275 0.625 0.19453125 0.04296875
1 0.47578125 0.6296875 0.196875 0.03828125
1 0.08203125 0.63125 0.16328125 0.04296875
1 0.6765625 0.06484375 0.2015625 0.0578125
1 0.90390625 0.671875 0.1921875 0.053125
1 0.6921875 0.6734375 0.2046875 0.04296875
1 0.271875 0.678125 0.19453125 0.0359375
1 0.4734375 0.678125 0.2015625 0.04296875
1 0.0828125 0.678125 0.165625 0.02890625
1 0.2796875 0.07109375 0.18984375 0.053125
1 0.6921875 0.7171875 0.2015625 0.0484375
1 0.89921875 0.72109375 0.2015625 0.053125
1 0.478125 0.725 0.196875 0.0484375
1 0.27421875 0.72734375 0.196875 0.04296875
1 0.0828125 0.72734375 0.165625 0.03828125
1 0.68984375 0.771875 0.2046875 0.03828125
1 0.90234375 0.771875 0.19453125 0.053125
1 0.48046875 0.77265625 0.19921875 0.0484375
1 0.275 0.77734375 0.196875 0.04296875
1 0.08515625 0.77890625 0.1703125 0.03828125
1 0.4734375 0.08046875 0.1921875 0.0453125
1 0.484375 0.821875 0.196875 0.0484375
1 0.6890625 0.821875 0.2015625 0.04296875
1 0.9015625 0.82578125 0.196875 0.05078125
1 0.271875 0.8296875 0.196875 0.04296875
1 0.08515625 0.83046875 0.1703125 0.040625