1 0.93984375 0.109375 0.1203125 0.03359375
1 0.2640625 0.11640625 0.23046875 0.0359375
1 0.4984375 0.11796875 0.2328125 0.0359375
1 0.07109375 0.11875 0.1421875 0.0359375
1 0.75234375 0.13828125 0.240625 0.03828125
1 0.94453125 0.15 0.1109375 0.040625
1 0.26171875 0.1546875 0.2328125 0.03359375
1 0.4984375 0.1546875 0.2359375 0.0359375
1 0.06875 0.1546875 0.13671875 0.0359375
1 0.75 0.0171875 0.24296875 0.03125
1 0.75234375 0.178125 0.23828125 0.03828125
1 0.94453125 0.18984375 0.1109375 0.03828125
1 0.4984375 0.18984375 0.2359375 0.0359375
1 0.259375 0.1921875 0.2328125 0.03828125
1 0.07109375 0.1921875 0.1421875 0.03828125
1 0.7515625 0.21640625 0.2359375 0.03828125
1 0.94375 0.22578125 0.1109375 0.03359375
1 0.5 0.228125 0.2359375 0.040625
1 0.2640625 0.2296875 0.23046875 0.0359375
1 0.0734375 0.23203125 0.146875 0.03359375
1 0.75625 0.25859375 0.23828125 0.0453125
1 0.94453125 0.2640625 0.1109375 0.04296875
1 0.50625 0.2671875 0.2359375 0.0359375
1 0.071875 0.26796875 0.14375 0.0359375
1 0.2640625 0.2703125 0.2359375 0.03828125
1 0.76171875 0.29921875 0.2359375 0.0359375
1 0.946875 0.30078125 0.10546875 0.03359375
1 0.265625 0.30546875 0.2359375 0.0359375
1 0.50625 0.30625 0.2359375 0.040625
1 0.071875 0.30703125 0.14375 0.0328125
1 0.93828125 0.0328125 0.1234375 0.040625
1 0.76328125 0.33515625 0.23828125 0.03828125
1 0.946875 0.3390625 0.10546875 0.0453125
1 0.0734375 0.3453125 0.146875 0.03828125
1 0.50625 0.3453125 0.2359375 0.0359375
1 0.26796875 0.34765625 0.2359375 0.0453125
1 0.765625 0.3765625 0.23828125 0.04296875
1 0.946875 0.38125 0.10546875 0.03828125
1 0.26953125 0.384375 0.2359375 0.03359375
1 0.07578125 0.384375 0.1515625 0.03359375
1 0.2609375 0.03828125 0.23046875 0.040625
1 0.5109375 0.38828125 0.2359375 0.0484375
1 0.06875 0.415625 0.13671875 0.03828125
1 0.76328125 0.4171875 0.24296875 0.03828125
1 0.94921875 0.41796875 0.10078125 0.0359375
1 0.26796875 0.421875 0.2359375 0.0359375
1 0.51328125 0.4265625 0.240625 0.03359375
1 0.49765625 0.04453125 0.2328125 0.03828125
1 0.76796875 0.45703125 0.240625 0.03359375
1 0.271875 0.4578125 0.2359375 0.0453125
1 0.06875 0.459375 0.13671875 0.03359375
1 0.06953125 0.0453125 0.1390625 0.0359375
1 0.9484375 0.46171875 0.103125 0.03359375
1 0.5140625 0.4640625 0.23828125 0.040625
1 0.7765625 0.49375 0.2453125 0.04296875
1 0.95078125 0.49609375 0.0984375 0.040625
1 0.26953125 0.49609375 0.2359375 0.03828125
1 0.06953125 0.49609375 0.1390625 0.03828125
1 0.51796875 0.50234375 0.240625 0.03828125
1 0.06875 0.5328125 0.13671875 0.03828125
1 0.9515625 0.53515625 0.09609375 0.0359375
1 0.2703125 0.5359375 0.2359375 0.03828125
1 0.77734375 0.5375 0.2453125 0.04296875
1 0.521875 0.5421875 0.23828125 0.03125
1 0.06953125 0.57109375 0.1390625 0.03359375
1 0.7515625 0.0578125 0.240625 0.04296875
1 0.26796875 0.57578125 0.2359375 0.0359375
1 0.7796875 0.57578125 0.240625 0.03359375
1 0.94921875 0.57578125 0.10078125 0.0453125
1 0.5203125 0.58046875 0.24296875 0.04296875
1 0.0734375 0.6078125 0.146875 0.03125
1 0.7796875 0.615625 0.24296875 0.04296875
1 0.9515625 0.615625 0.09609375 0.0359375
1 0.2703125 0.61640625 0.2359375 0.03828125
1 0.521875 0.61875 0.23828125 0.03359375
1 0.07421875 0.64375 0.1484375 0.034375
1 0.953125 0.65234375 0.09375 0.03828125
1 0.521875 0.65625 0.23828125 0.03828125
1 0.78359375 0.6578125 0.24296875 0.04296875
1 0.27265625 0.6578125 0.2328125 0.03828125
1 0.07421875 0.68671875 0.1484375 0.0328125
1 0.271875 0.69375 0.2359375 0.03359375
1 0.953125 0.69609375 0.09375 0.0453125
1 0.7796875 0.696875 0.24296875 0.0359375
1 0.525 0.696875 0.23828125 0.040625
1 0.07421875 0.72265625 0.1484375 0.0328125
1 0.275 0.73046875 0.2328125 0.03828125
1 0.9421875 0.0734375 0.115625 0.040625
1 0.95390625 0.73203125 0.0921875 0.0359375
1 0.7796875 0.73671875 0.24296875 0.040625
1 0.5171875 0.73671875 0.23828125 0.0359375
1 0.07578125 0.76171875 0.1515625 0.03828125
1 0.26953125 0.7703125 0.23828125 0.03828125
1 0.2640625 0.0765625 0.2328125 0.0359375
1 0.95390625 0.771875 0.0921875 0.04375
1 0.52421875 0.775 0.23828125 0.03828125
1 0.78125 0.7765625 0.23828125 0.0359375
1 0.071875 0.79921875 0.14375 0.0359375
1 0.2703125 0.8078125 0.2359375 0.0359375
1 0.78359375 0.8109375 0.2359375 0.03828125
1 0.52265625 0.8140625 0.240625 0.03359375
1 0.5 0.08203125 0.2359375 0.0359375
1 0.95390625 0.8171875 0.0921875 0.040625
1 0.07109375 0.0828125 0.1390625 0.040625
1 0.07421875 0.834375 0.1484375 0.03125
1 0.271875 0.84375 0.2359375 0.0359375
1 0.525 0.853125 0.23828125 0.0484375
1 0.95625 0.85546875 0.0875 0.0359375
1 0.78359375 0.85546875 0.240625 0.04296875
1 0.07578125 0.8734375 0.1515625 0.03828125
1 0.2671875 0.884375 0.2328125 0.0359375
1 0.78359375 0.8890625 0.240625 0.03359375
1 0.9640625 0.890625 0.071875 0.03125
1 0.521875 0.8921875 0.240625 0.0265625
1 0.75234375 0.0984375 0.240625 0.03828125