1 0.1140625 0.30078125 0.1421875 0.02890625
1 0.8765625 0.30625 0.15859375 0.02421875
1 0.115625 0.32578125 0.14453125 0.02421875
1 0.88359375 0.328125 0.15859375 0.01953125
1 0.57109375 0.3296875 0.1390625 0.02421875
1 0.2671875 0.334375 0.146875 0.02890625
1 0.11796875 0.3453125 0.14453125 0.02421875
1 0.8921875 0.35 0.15390625 0.02421875
1 0.5671875 0.35 0.1390625 0.01953125
1 0.2671875 0.3578125 0.14453125 0.02421875
1 0.1203125 0.3703125 0.1421875 0.02421875
1 0.56875 0.3734375 0.1390625 0.02421875
1 0.4171875 0.375 0.13203125 0.021875
1 0.884375 0.37734375 0.146875 0.01953125
1 0.2671875 0.38125 0.1390625 0.02890625
1 0.71015625 0.384375 0.1390625 0.02421875
1 0.115625 0.39296875 0.1390625 0.01953125
1 0.8890625 0.396875 0.15390625 0.021875
1 0.41953125 0.396875 0.1296875 0.01953125
1 0.56484375 0.4 0.134375 0.0140625
1 0.26328125 0.40625 0.1421875 0.02890625
1 0.72109375 0.4078125 0.14453125 0.02421875
1 0.88671875 0.4171875 0.15390625 0.021875
1 0.11875 0.41796875 0.1390625 0.02421875
1 0.421875 0.41796875 0.13203125 0.01953125
1 0.5640625 0.41953125 0.1421875 0.01953125
1 0.2609375 0.43046875 0.146875 0.02890625
1 0.72109375 0.43125 0.15390625 0.02890625
1 0.4171875 0.4359375 0.134375 0.0171875
1 0.884375 0.4390625 0.15390625 0.01953125
1 0.11328125 0.4421875 0.14453125 0.01953125
1 0.5609375 0.44609375 0.1421875 0.02421875
1 0.2640625 0.45546875 0.14453125 0.02890625
1 0.7140625 0.45546875 0.146875 0.02421875
1 0.4125 0.459375 0.134375 0.01953125
1 0.88828125 0.46015625 0.15625 0.021875
1 0.10078125 0.4640625 0.14453125 0.02890625
1 0.56484375 0.47109375 0.14453125 0.01953125
1 0.71640625 0.47578125 0.146875 0.02421875
1 0.8859375 0.48046875 0.15859375 0.01953125
1 0.41953125 0.48203125 0.1296875 0.02421875
1 0.2703125 0.48203125 0.14921875 0.03359375
1 0.109375 0.490625 0.1390625 0.02890625
1 0.56484375 0.4953125 0.14453125 0.02421875
1 0.7140625 0.5 0.146875 0.02890625
1 0.41953125 0.50390625 0.134375 0.01953125
1 0.88359375 0.50390625 0.15859375 0.01953125
1 0.2765625 0.50625 0.14453125 0.02421875
1 0.10078125 0.515625 0.1390625 0.021875
1 0.5671875 0.51953125 0.146875 0.01953125
1 0.4234375 0.52421875 0.134375 0.021875
1 0.725 0.52421875 0.14921875 0.02890625
1 0.271875 0.5265625 0.14453125 0.02421875
1 0.8890625 0.52734375 0.15859375 0.021875
1 0.10234375 0.5375 0.15390625 0.021875
1 0.571875 0.54296875 0.14453125 0.02421875
1 0.428125 0.546875 0.1390625 0.01953125
1 0.88671875 0.54921875 0.15390625 0.01953125
1 0.72265625 0.54921875 0.14453125 0.02421875
1 0.10078125 0.56015625 0.15390625 0.021875
1 0.4234375 0.56640625 0.1390625 0.01953125
1 0.2765625 0.57109375 0.1421875 0.021875
1 0.56875 0.57109375 0.1421875 0.02890625
1 0.72578125 0.5734375 0.14921875 0.01953125
1 0.89921875 0.5734375 0.15859375 0.021875
1 0.09609375 0.58046875 0.14921875 0.021875
1 0.42421875 0.5890625 0.1390625 0.02421875
1 0.57109375 0.5953125 0.14453125 0.02421875
1 0.72578125 0.5953125 0.14453125 0.02421875
1 0.90234375 0.5984375 0.15390625 0.01953125
1 0.0953125 0.6046875 0.14921875 0.02421875
1 0.25859375 0.609375 0.146875 0.02421875
1 0.42578125 0.609375 0.1390625 0.01953125
1 0.5734375 0.62109375 0.146875 0.02890625
1 0.90234375 0.62109375 0.15859375 0.02421875
1 0.73671875 0.62265625 0.14921875 0.02890625
1 0.0890625 0.62890625 0.15390625 0.02421875
1 0.4265625 0.63203125 0.1390625 0.02421875
1 0.2640625 0.634375 0.15390625 0.02421875
1 0.57421875 0.64453125 0.14453125 0.02421875
1 0.9 0.6453125 0.15859375 0.01953125
1 0.7328125 0.65234375 0.14921875 0.021875
1 0.0921875 0.65234375 0.15390625 0.02421875
1 0.259375 0.6578125 0.146875 0.01953125
1 0.41953125 0.65859375 0.14453125 0.02421875
1 0.8953125 0.66796875 0.15390625 0.021875
1 0.571875 0.6703125 0.14453125 0.02421875
1 0.7359375 0.67421875 0.14921875 0.02421875
1 0.0921875 0.67578125 0.14921875 0.02421875
1 0.41484375 0.68125 0.1421875 0.02421875
1 0.25859375 0.68359375 0.14921875 0.02421875
1 0.896875 0.69140625 0.15390625 0.01953125
1 0.5734375 0.69453125 0.14453125 0.01953125
1 0.7359375 0.69609375 0.14921875 0.02421875
1 0.0890625 0.69609375 0.15390625 0.021875
1 0.41484375 0.70703125 0.14453125 0.02421875
1 0.25234375 0.7078125 0.1515625 0.02421875
1 0.90234375 0.7171875 0.15859375 0.01953125
1 0.7359375 0.7171875 0.14921875 0.021875
1 0.57421875 0.7203125 0.146875 0.02421875
1 0.08671875 0.725 0.15390625 0.01953125
1 0.415625 0.7328125 0.146875 0.0265625
1 0.25234375 0.7359375 0.14921875 0.0171875
1 0.9046875 0.7390625 0.15859375 0.01953125
1 0.73828125 0.74140625 0.14921875 0.02890625
1 0.571875 0.7453125 0.146875 0.02890625
1 0.2484375 0.75859375 0.165625 0.02421875
1 0.415625 0.7609375 0.14921875 0.02890625
1 0.90859375 0.7640625 0.15859375 0.01953125
1 0.740625 0.765625 0.14921875 0.02421875
1 0.0875 0.7703125 0.15390625 0.01953125
1 0.57578125 0.77421875 0.146875 0.021875
1 0.2484375 0.7828125 0.15390625 0.02421875
1 0.415625 0.7859375 0.14921875 0.02890625
1 0.90625 0.78828125 0.15859375 0.02421875
1 0.74296875 0.78984375 0.14921875 0.02890625
1 0.08203125 0.7921875 0.15390625 0.02421875
1 0.57421875 0.7984375 0.146875 0.02421875
1 0.4109375 0.8125 0.14921875 0.01953125
1 0.9078125 0.8125 0.15859375 0.01953125
1 0.24296875 0.8125 0.14921875 0.02421875
1 0.74296875 0.8140625 0.15390625 0.02421875
1 0.08203125 0.81953125 0.15390625 0.021875
1 0.58046875 0.82109375 0.14921875 0.01953125
1 0.915625 0.834375 0.15390625 0.02421875
1 0.41796875 0.83515625 0.1515625 0.02421875
1 0.74375 0.8375 0.14921875 0.02421875
1 0.24609375 0.8375 0.14921875 0.02421875
1 0.084375 0.83984375 0.146875 0.01953125
1 0.58046875 0.84140625 0.146875 0.01953125
1 0.91796875 0.8609375 0.1609375 0.01953125
1 0.08203125 0.8609375 0.1515625 0.021875
1 0.74375 0.86171875 0.15390625 0.02890625
1 0.4125 0.86328125 0.14921875 0.02890625
1 0.58203125 0.86328125 0.146875 0.021875
1 0.24765625 0.86640625 0.15859375 0.02421875