1 0.89140625 0.1046875 0.2171875 0.0625
1 0.59765625 0.14921875 0.3703125 0.07421875
1 0.2203125 0.15625 0.384375 0.0671875
1 0.89140625 0.16953125 0.2171875 0.0578125
1 0.59765625 0.2125 0.36328125 0.071875
1 0.2203125 0.21484375 0.38203125 0.0671875
1 0.89296875 0.2296875 0.21171875 0.0578125
1 0.60078125 0.27421875 0.365625 0.06953125
1 0.22109375 0.27734375 0.384375 0.06015625
1 0.89375 0.28984375 0.2125 0.0609375
1 0.603125 0.03125 0.37265625 0.0578125
1 0.22109375 0.0328125 0.3796875 0.06484375
1 0.603125 0.334375 0.36796875 0.06484375
1 0.225 0.3390625 0.38203125 0.0671875
1 0.89296875 0.3484375 0.21171875 0.05078125
1 0.22578125 0.39765625 0.384375 0.0578125
1 0.60234375 0.39765625 0.365625 0.0625
1 0.89375 0.4078125 0.2125 0.0625
1 0.89375 0.04375 0.2125 0.0625
1 0.60234375 0.45703125 0.3703125 0.0578125
1 0.225 0.46015625 0.38203125 0.06484375
1 0.89375 0.46796875 0.2125 0.0578125
1 0.603125 0.5140625 0.36796875 0.0578125
1 0.2234375 0.52421875 0.384375 0.06015625
1 0.89375 0.52578125 0.2125 0.0546875
1 0.60234375 0.57109375 0.365625 0.0625
1 0.22265625 0.58515625 0.384375 0.0625
1 0.89296875 0.58515625 0.2140625 0.06015625
1 0.6 0.6296875 0.3703125 0.06015625
1 0.22109375 0.64296875 0.38671875 0.053125
1 0.89296875 0.64453125 0.2140625 0.053125
1 0.60234375 0.69140625 0.36796875 0.0625
1 0.2203125 0.70078125 0.38203125 0.0578125
1 0.89296875 0.703125 0.2140625 0.06015625
1 0.6 0.75234375 0.365625 0.0625
1 0.22265625 0.765625 0.38203125 0.053125
1 0.6 0.81015625 0.36328125 0.0578125
1 0.89140625 0.81640625 0.2171875 0.0578125
1 0.225 0.81953125 0.38671875 0.06484375
1 0.59765625 0.08671875 0.365625 0.0765625
1 0.603125 0.8734375 0.3703125 0.0625
1 0.89375 0.87421875 0.2125 0.0578125
1 0.22109375 0.87890625 0.384375 0.053125
1 0.21875 0.0921875 0.384375 0.071875